1 0.0993472671875 0.69921875 0.12894007031250002 0.697265625 0.1352813859375 0.6943359375 0.139508928125 0.6884765625 0.139508928125 0.6650390625 0.1331676140625 0.662109375 0.0993472671875 0.662109375 0.061299378125000005 0.6640625 0.0549580625 0.6669921875 0.05918560625 0.6982421875 0.061299378125000005 0.69921875 0.0993472671875 0.69921875
1 0.1796705890625 0.681640625 0.1860119046875 0.6787109375 0.1817843609375 0.6474609375 0.1796705890625 0.646484375 0.14585024375 0.646484375 0.139508928125 0.6494140625 0.139508928125 0.6806640625 0.1416227 0.681640625 0.1796705890625 0.681640625
1 0.2473112828125 0.6875 0.25365259687499997 0.6845703125 0.25365259687499997 0.6533203125 0.2494250546875 0.6376953125 0.2473112828125 0.63671875 0.234628653125 0.63671875 0.1965807625 0.640625 0.1860119046875 0.6435546875 0.1817843609375 0.6533203125 0.1860119046875 0.6865234375 0.1881256765625 0.6875 0.2473112828125 0.6875
1 0.3360896921875 0.6875 0.34243100625 0.6845703125 0.34243100625 0.6494140625 0.340317234375 0.6484375 0.25576636875 0.65234375 0.25365259687499997 0.6533203125 0.25365259687499997 0.6865234375 0.25576636875 0.6875 0.3360896921875 0.6875
1 0.4206405578125 0.69921875 0.426981871875 0.6962890625 0.426981871875 0.6669921875 0.4206405578125 0.6640625 0.34877232187499996 0.6640625 0.34665855 0.6650390625 0.34665855 0.6982421875 0.34877232187499996 0.69921875 0.4206405578125 0.69921875
1 0.4798261640625 0.697265625 0.481939934375 0.6962890625 0.481939934375 0.6669921875 0.47559862031250005 0.6640625 0.42909564375000003 0.6640625 0.426981871875 0.6650390625 0.426981871875 0.6962890625 0.42909564375000003 0.697265625 0.4798261640625 0.697265625
1 0.5347842265625 0.69140625 0.5559219421875 0.689453125 0.5580357140625 0.6884765625 0.5580357140625 0.6591796875 0.5538081703125 0.6552734375 0.5516943999999999 0.654296875 0.48828125 0.654296875 0.481939934375 0.6572265625 0.481939934375 0.6904296875 0.48405370625 0.69140625 0.5347842265625 0.69140625
1 0.5939698328125 0.693359375 0.5960836031250001 0.6923828125 0.5960836031250001 0.6591796875 0.5897422890625 0.658203125 0.5601494859375 0.66015625 0.5580357140625 0.6611328125 0.5580357140625 0.6904296875 0.5643770296875 0.693359375 0.5939698328125 0.693359375
1 0.6066524624999999 0.693359375 0.6785206984375 0.69140625 0.6806344703125 0.6904296875 0.6806344703125 0.6572265625 0.6742931546875 0.654296875 0.6024249187499999 0.65625 0.5960836031250001 0.6591796875 0.5960836031250001 0.6630859375 0.600311146875 0.6904296875 0.6066524624999999 0.693359375
1 0.7334787609375 0.69921875 0.7672991078125 0.697265625 0.769412878125 0.6962890625 0.769412878125 0.6650390625 0.7630715640625 0.662109375 0.6869757843750001 0.662109375 0.6848620125 0.6630859375 0.6848620125 0.6904296875 0.6912033281250001 0.69921875 0.7334787609375 0.69921875
1 0.8856703187500001 0.701171875 0.892011634375 0.6982421875 0.892011634375 0.6689453125 0.8856703187500001 0.666015625 0.77575419375 0.666015625 0.7736404218749999 0.6669921875 0.7736404218749999 0.6962890625 0.7799817375 0.69921875 0.8856703187500001 0.701171875
1 0.9575385546874999 0.69140625 0.9638798703125 0.6884765625 0.9638798703125 0.6591796875 0.9575385546874999 0.65625 0.8983529484374999 0.65625 0.896239178125 0.6572265625 0.896239178125 0.6884765625 0.9025804921875 0.69140625 0.9575385546874999 0.69140625
0 0.06341315 0.7919921875 0.0739820078125 0.796875 0.12048498437499999 0.796875 0.1331676140625 0.794921875 0.139508928125 0.7919921875 0.2705627703125 0.3994140625 0.2705627703125 0.3720703125 0.13739515625 0.310546875 0.12048498437499999 0.306640625 0.10357481093750001 0.3046875 0.052844290625 0.306640625 0.0465029765625 0.3095703125 0.0465029765625 0.4638671875 0.05918560625 0.7744140625 0.06341315 0.7919921875
0 0.1585328734375 0.7890625 0.175443046875 0.7890625 0.1860119046875 0.7822265625 0.1860119046875 0.6591796875 0.17755681875 0.4091796875 0.171215503125 0.40625 0.13739515625 0.408203125 0.1352813859375 0.4091796875 0.1352813859375 0.5556640625 0.143736471875 0.7841796875 0.1585328734375 0.7890625
0 0.262107684375 0.7998046875 0.2684489984375 0.802734375 0.3234070609375 0.802734375 0.340317234375 0.798828125 0.34665855 0.7958984375 0.34665855 0.6728515625 0.3297483765625 0.4111328125 0.3234070609375 0.408203125 0.293814259375 0.40625 0.2473112828125 0.40625 0.2409699671875 0.4091796875 0.2409699671875 0.4873046875 0.25788014062500003 0.7724609375 0.262107684375 0.7998046875
0 0.1902394484375 0.7861328125 0.20080830624999998 0.791015625 0.25576636875 0.791015625 0.262107684375 0.7861328125 0.262107684375 0.7841796875 0.2409699671875 0.4111328125 0.23040110937499997 0.40625 0.20080830624999998 0.40625 0.17755681875 0.4091796875 0.173329275 0.4169921875 0.173329275 0.4443359375 0.1860119046875 0.7822265625 0.1902394484375 0.7861328125
0 0.35088609375 0.7763671875 0.3551136359375 0.7919921875 0.36145495156249996 0.796875 0.378365125 0.798828125 0.4164130140625 0.798828125 0.431209415625 0.7939453125 0.431209415625 0.7392578125 0.4100716984375 0.4111328125 0.407957928125 0.41015625 0.34877232187499996 0.41015625 0.3360896921875 0.412109375 0.3339759203125 0.4130859375 0.3339759203125 0.4404296875 0.34665855 0.7255859375 0.35088609375 0.7763671875
0 0.43543695937500004 0.7939453125 0.4417782734375 0.796875 0.48405370625 0.796875 0.48616747812499994 0.7958984375 0.48616747812499994 0.7392578125 0.46502976250000005 0.3818359375 0.458688446875 0.376953125 0.4333231875 0.376953125 0.4164130140625 0.37890625 0.4100716984375 0.3818359375 0.4100716984375 0.4130859375 0.431209415625 0.7841796875 0.43543695937500004 0.7939453125
0 0.49039502187500006 0.7958984375 0.494622565625 0.7998046875 0.5051914234375 0.8046875 0.5432393125 0.806640625 0.5601494859375 0.8046875 0.5664908015625 0.8017578125 0.5664908015625 0.7392578125 0.541125540625 0.3310546875 0.5368979984375 0.3115234375 0.5305566828125 0.30859375 0.4713710765625 0.30859375 0.46502976250000005 0.3115234375 0.46080221874999994 0.3193359375 0.46080221874999994 0.3662109375 0.48616747812499994 0.7744140625 0.49039502187500006 0.7958984375
0 0.5664908015625 0.7978515625 0.572832115625 0.80078125 0.5855147453125 0.802734375 0.604538690625 0.7998046875 0.604538690625 0.7587890625 0.5834009734375 0.4326171875 0.5770596593749999 0.4296875 0.5516943999999999 0.4296875 0.5453530843750001 0.4326171875 0.5453530843750001 0.4912109375 0.5538081703125 0.6474609375 0.5664908015625 0.7978515625
0 0.608766234375 0.7998046875 0.6108800046875 0.80078125 0.6235626359374999 0.802734375 0.6785206984375 0.802734375 0.68908955625 0.7998046875 0.6933171 0.7763671875 0.663724296875 0.3857421875 0.659496753125 0.3720703125 0.6573829812499999 0.37109375 0.6320177218749999 0.369140625 0.598197375 0.369140625 0.5770596593749999 0.37109375 0.5707183437500001 0.3740234375 0.549580628125 0.4013671875 0.549580628125 0.4150390625 0.604538690625 0.7841796875 0.608766234375 0.7998046875
0 0.7038859578125 0.802734375 0.7588440203125 0.802734375 0.7778679656249999 0.7998046875 0.7778679656249999 0.7548828125 0.7482751624999999 0.3701171875 0.7419338468750001 0.3671875 0.6658380687500001 0.369140625 0.663724296875 0.3701171875 0.659496753125 0.3740234375 0.6806344703125 0.6689453125 0.6933171 0.7998046875 0.7038859578125 0.802734375
0 0.7842092796875 0.798828125 0.801119453125 0.80078125 0.8814427765625 0.802734375 0.896239178125 0.7978515625 0.896239178125 0.7294921875 0.8751014609375 0.3857421875 0.8687601468749999 0.380859375 0.809574540625 0.380859375 0.7588440203125 0.3828125 0.75250270625 0.3857421875 0.75250270625 0.4326171875 0.7778679656249999 0.7861328125 0.7842092796875 0.798828125
0 0.9004667203125001 0.7900390625 0.9046942640625 0.7978515625 0.915263121875 0.80078125 0.9659936421875001 0.80078125 0.9723349562499999 0.7978515625 0.9723349562499999 0.7607421875 0.9511972406250001 0.4072265625 0.946969696875 0.3916015625 0.944855925 0.390625 0.9194906656249999 0.390625 0.8856703187500001 0.392578125 0.8793290046875001 0.3955078125 0.883556546875 0.5263671875 0.892011634375 0.7099609375 0.9004667203125001 0.7900390625