1 0.0697544640625 0.3203125 0.0760957796875 0.3173828125 0.0760957796875 0.2939453125 0.0697544640625 0.291015625 0.0105688578125 0.291015625 0.008455085937499999 0.2919921875 0.008455085937499999 0.3154296875 0.0147964015625 0.3203125 0.0697544640625 0.3203125
1 0.107802353125 0.3125 0.11414366875 0.3095703125 0.11414366875 0.2978515625 0.109916125 0.2822265625 0.107802353125 0.28125 0.08243709375 0.28125 0.08032332187499999 0.2822265625 0.08032332187499999 0.3095703125 0.0866646375 0.3125 0.107802353125 0.3125
1 0.1585328734375 0.3125 0.1648741890625 0.3095703125 0.1606466453125 0.2822265625 0.1543053296875 0.279296875 0.11625744062500001 0.28125 0.109916125 0.2841796875 0.11414366875 0.3115234375 0.11625744062500001 0.3125 0.1585328734375 0.3125
1 0.234628653125 0.306640625 0.236742425 0.3056640625 0.236742425 0.2763671875 0.23040110937499997 0.2734375 0.1923532203125 0.2734375 0.1627604171875 0.275390625 0.1606466453125 0.2763671875 0.1606466453125 0.2978515625 0.166987959375 0.306640625 0.234628653125 0.306640625
1 0.3022693453125 0.318359375 0.3043831171875 0.3173828125 0.3043831171875 0.2919921875 0.29804180156250004 0.2890625 0.24308373906249997 0.2890625 0.2409699671875 0.2900390625 0.2409699671875 0.3173828125 0.24308373906249997 0.318359375 0.3022693453125 0.318359375
1 0.40373038437500003 0.306640625 0.4100716984375 0.3037109375 0.4100716984375 0.2822265625 0.40584415625 0.2763671875 0.40373038437500003 0.275390625 0.3699100375 0.275390625 0.34877232187499996 0.27734375 0.34665855 0.2783203125 0.34665855 0.3056640625 0.34877232187499996 0.306640625 0.40373038437500003 0.306640625
1 0.3276346046875 0.318359375 0.344544778125 0.31640625 0.34665855 0.3154296875 0.34665855 0.2900390625 0.340317234375 0.287109375 0.3064968890625 0.2890625 0.3043831171875 0.2900390625 0.3043831171875 0.3154296875 0.31072443125000004 0.318359375 0.3276346046875 0.318359375
1 0.38682021093749996 0.306640625 0.4100716984375 0.3037109375 0.4100716984375 0.2841796875 0.40584415625 0.2783203125 0.39950284062499997 0.275390625 0.3699100375 0.275390625 0.34877232187499996 0.27734375 0.34665855 0.2783203125 0.34665855 0.3037109375 0.3529998640625 0.306640625 0.38682021093749996 0.306640625
1 0.5094189671875 0.30859375 0.5157602812500001 0.3056640625 0.5115327375 0.2783203125 0.5094189671875 0.27734375 0.47559862031250005 0.27734375 0.4460058171875 0.279296875 0.44389204531250004 0.2802734375 0.44389204531250004 0.3017578125 0.45023336093750005 0.30859375 0.5094189671875 0.30859375
1 0.5855147453125 0.3125 0.5876285171875 0.3115234375 0.5876285171875 0.2900390625 0.581287203125 0.28125 0.522101596875 0.283203125 0.5157602812500001 0.2861328125 0.5157602812500001 0.3095703125 0.522101596875 0.3125 0.5855147453125 0.3125
1 0.6489278953125 0.31640625 0.695430871875 0.314453125 0.6975446421875 0.3134765625 0.6975446421875 0.2900390625 0.6869757843750001 0.28515625 0.6066524624999999 0.287109375 0.5939698328125 0.2890625 0.5918560609375 0.2900390625 0.5918560609375 0.3134765625 0.598197375 0.31640625 0.6489278953125 0.31640625
1 0.7038859578125 0.30859375 0.7546164765625 0.30859375 0.7567302484375 0.3076171875 0.7567302484375 0.2802734375 0.7546164765625 0.279296875 0.6996584140625 0.279296875 0.6975446421875 0.2802734375 0.6975446421875 0.3037109375 0.7017721859375 0.3076171875 0.7038859578125 0.30859375
1 0.8243709421875 0.3134765625 0.8264847124999999 0.314453125 0.8518499734375 0.314453125 0.8687601468749999 0.3125 0.8708739171875 0.3115234375 0.8708739171875 0.2958984375 0.866646375 0.2841796875 0.864532603125 0.283203125 0.8349398000000001 0.283203125 0.8222571703125 0.28515625 0.8159158546875 0.2880859375 0.8159158546875 0.2958984375 0.8201433984375001 0.3095703125 0.8243709421875 0.3134765625
1 1 0.2685546875 0.9955864453125001 0.265625 0.9659936421875001 0.267578125 0.8772152328124999 0.27734375 0.8751014609375 0.2783203125 0.8751014609375 0.2978515625 0.8814427765625 0.30859375 0.89412540625 0.30859375 0.9955864453125001 0.298828125 1 0.2958984375 1 0.2685546875
1 0.08243709375 0.76953125 0.084550865625 0.7685546875 0.084550865625 0.7451171875 0.08243709375 0.744140625 0.031706575 0.744140625 0.029592803125 0.7451171875 0.029592803125 0.7685546875 0.031706575 0.76953125 0.08243709375 0.76953125
1 0.1416227 0.76953125 0.147964015625 0.7666015625 0.1521915578125 0.7587890625 0.147964015625 0.7412109375 0.14585024375 0.740234375 0.0866646375 0.7421875 0.084550865625 0.7431640625 0.084550865625 0.7685546875 0.0866646375 0.76953125 0.1416227 0.76953125
1 0.2134909359375 0.767578125 0.2156047078125 0.7666015625 0.2156047078125 0.7412109375 0.2134909359375 0.740234375 0.1543053296875 0.740234375 0.1521915578125 0.7412109375 0.1521915578125 0.7666015625 0.1543053296875 0.767578125 0.2134909359375 0.767578125
1 0.3276346046875 0.763671875 0.34877232187499996 0.76171875 0.3551136359375 0.7490234375 0.3551136359375 0.7353515625 0.3529998640625 0.734375 0.31072443125000004 0.734375 0.3022693453125 0.736328125 0.3001555734375 0.7373046875 0.3001555734375 0.7607421875 0.3064968890625 0.763671875 0.3276346046875 0.763671875
1 0.395275296875 0.775390625 0.39738906875 0.7744140625 0.39738906875 0.7490234375 0.395275296875 0.748046875 0.3529998640625 0.748046875 0.35088609375 0.7490234375 0.35088609375 0.7724609375 0.3572274078125 0.775390625 0.395275296875 0.775390625
1 0.43543695937500004 0.7822265625 0.43543695937500004 0.7783203125 0.4333231875 0.77734375 0.431209415625 0.7783203125 0.431209415625 0.7822265625 0.4333231875 0.783203125 0.43543695937500004 0.7822265625
1 0.522101596875 0.791015625 0.5242153671875001 0.7900390625 0.5284429109375 0.7744140625 0.5284429109375 0.7646484375 0.522101596875 0.76171875 0.48405370625 0.76171875 0.481939934375 0.7626953125 0.481939934375 0.7880859375 0.48828125 0.791015625 0.522101596875 0.791015625
1 0.54746685625 0.794921875 0.598197375 0.794921875 0.604538690625 0.7919921875 0.604538690625 0.7666015625 0.6024249187499999 0.765625 0.5432393125 0.763671875 0.5305566828125 0.763671875 0.5284429109375 0.7646484375 0.5242153671875001 0.7724609375 0.5242153671875001 0.7900390625 0.5305566828125 0.79296875 0.54746685625 0.794921875
1 0.7377063046875 0.787109375 0.74404761875 0.7841796875 0.74404761875 0.7587890625 0.7419338468750001 0.7578125 0.7038859578125 0.7578125 0.7017721859375 0.7587890625 0.6975446421875 0.7822265625 0.7017721859375 0.7861328125 0.7038859578125 0.787109375 0.7377063046875 0.787109375
1 0.860305059375 0.796875 0.8856703187500001 0.796875 0.896239178125 0.7919921875 0.896239178125 0.7685546875 0.89412540625 0.767578125 0.8349398000000001 0.765625 0.828598484375 0.7666015625 0.8243709421875 0.7783203125 0.8243709421875 0.7919921875 0.83071225625 0.794921875 0.860305059375 0.796875
1 1 0.7763671875 0.9998139875 0.775390625 0.915263121875 0.771484375 0.9089218078125001 0.7744140625 0.9089218078125001 0.7978515625 0.915263121875 0.80078125 0.9406283828124999 0.802734375 0.9998139875 0.802734375 1 0.8017578125 1 0.7763671875
1 0.7842092796875 0.794921875 0.8138020828125001 0.79296875 0.8201433984375001 0.7900390625 0.8243709421875 0.7861328125 0.8243709421875 0.7646484375 0.8222571703125 0.763671875 0.750388934375 0.765625 0.7482751624999999 0.7666015625 0.7482751624999999 0.7919921875 0.7546164765625 0.794921875 0.7842092796875 0.794921875
0 0.002113771875 0 0 0.0009765625 0 0.2646484375 0.016910173437500002 0.3955078125 0.0232514875 0.3984375 0.057071834375 0.400390625 0.07820955156250001 0.396484375 0.084550865625 0.3935546875 0.1564191015625 0.0595703125 0.147964015625 0.0498046875 0.0697544640625 0 0.002113771875 0
0 0.084550865625 0.3818359375 0.088778409375 0.3955078125 0.09089218125000001 0.396484375 0.11625744062500001 0.396484375 0.1183712125 0.3955078125 0.1183712125 0.3779296875 0.11414366875 0.3037109375 0.093005953125 0.0908203125 0.088778409375 0.0791015625 0.0866646375 0.078125 0.0655269203125 0.078125 0.06341315 0.0791015625 0.06341315 0.1103515625 0.06764069218749999 0.1845703125 0.084550865625 0.3818359375
0 0.1183712125 0.3935546875 0.12471252656250001 0.396484375 0.13739515625 0.3984375 0.1585328734375 0.3984375 0.16910173125 0.3955078125 0.173329275 0.3896484375 0.173329275 0.3662109375 0.143736471875 0.0751953125 0.1416227 0.07421875 0.107802353125 0.07421875 0.0972334953125 0.0771484375 0.093005953125 0.0849609375 0.093005953125 0.0927734375 0.11414366875 0.3720703125 0.1183712125 0.3935546875
0 0.173329275 0.3955078125 0.1796705890625 0.3984375 0.24308373906249997 0.3984375 0.24519751093750003 0.3974609375 0.24519751093750003 0.3662109375 0.21983225156250003 0.0849609375 0.2156047078125 0.0732421875 0.20503585000000002 0.068359375 0.1965807625 0.06640625 0.1627604171875 0.06640625 0.143736471875 0.0693359375 0.139508928125 0.0732421875 0.143736471875 0.1337890625 0.16910173125 0.3837890625 0.173329275 0.3955078125
0 0.2494250546875 0.3935546875 0.25576636875 0.3984375 0.3064968890625 0.3984375 0.312838203125 0.3955078125 0.312838203125 0.3759765625 0.2832454 0.0712890625 0.27267654218750004 0.068359375 0.251538825 0.068359375 0.23040110937499997 0.0703125 0.21983225156250003 0.0751953125 0.21983225156250003 0.0849609375 0.24519751093750003 0.3720703125 0.2494250546875 0.3935546875
0 0.3276346046875 0.400390625 0.344544778125 0.400390625 0.3551136359375 0.3974609375 0.3551136359375 0.3642578125 0.3297483765625 0.0654296875 0.3255208328125 0.0439453125 0.31917951875 0.041015625 0.293814259375 0.041015625 0.2832454 0.0458984375 0.2832454 0.0830078125 0.312838203125 0.3955078125 0.3276346046875 0.400390625
0 0.3656824953125 0.400390625 0.41218547031249997 0.400390625 0.41852678593750003 0.3974609375 0.41852678593750003 0.3681640625 0.4142992421875 0.3251953125 0.40584415625 0.2841796875 0.39950284062499997 0.28125 0.3529998640625 0.28125 0.35088609375 0.2822265625 0.35088609375 0.3544921875 0.3551136359375 0.3935546875 0.3656824953125 0.400390625
0 0.3318621484375 0 0.3297483765625 0.0009765625 0.3297483765625 0.1025390625 0.34243100625 0.2548828125 0.34665855 0.2763671875 0.3529998640625 0.279296875 0.38682021093749996 0.279296875 0.40584415625 0.2763671875 0.41852678593750003 0.0458984375 0.39316152656250003 0.0009765625 0.3910477546875 0 0.3318621484375 0
0 0.41852678593750003 0.3974609375 0.4248681 0.400390625 0.4460058171875 0.400390625 0.4523471328125 0.3974609375 0.4523471328125 0.3720703125 0.426981871875 0.0830078125 0.4206405578125 0.080078125 0.39950284062499997 0.080078125 0.39316152656250003 0.0830078125 0.39316152656250003 0.1181640625 0.40161661249999997 0.2294921875 0.41852678593750003 0.3974609375
0 0.458688446875 0.400390625 0.517874053125 0.400390625 0.5242153671875001 0.3955078125 0.494622565625 0.0341796875 0.48828125 0.02734375 0.4333231875 0.02734375 0.4227543296875 0.0322265625 0.4227543296875 0.0400390625 0.4523471328125 0.3974609375 0.458688446875 0.400390625
0 0.5453530843750001 0.2529296875 0.53901176875 0.25 0.5368979984375 0.2509765625 0.5368979984375 0.2548828125 0.53901176875 0.255859375 0.5453530843750001 0.2529296875
0 0.5199878250000001 0.3720703125 0.5242153671875001 0.3994140625 0.5263291390625 0.400390625 0.5897422890625 0.400390625 0.5960836031250001 0.3974609375 0.5960836031250001 0.3916015625 0.5749458875 0.0419921875 0.5707183437500001 0.0263671875 0.5643770296875 0.0234375 0.5347842265625 0.0234375 0.4967363359375 0.025390625 0.494622565625 0.0263671875 0.494622565625 0.0478515625 0.5030776515625 0.1630859375 0.5199878250000001 0.3720703125
0 0.5960836031250001 0.3955078125 0.6066524624999999 0.400390625 0.6700656109375001 0.40234375 0.695430871875 0.400390625 0.7017721859375 0.3955078125 0.6848620125 0.0400390625 0.6806344703125 0.0361328125 0.6700656109375001 0.03125 0.598197375 0.037109375 0.57917343125 0.0400390625 0.5749458875 0.0439453125 0.5749458875 0.0693359375 0.5918560609375 0.3818359375 0.5960836031250001 0.3955078125
0 0.7165685875000001 0.40234375 0.7419338468750001 0.40234375 0.7588440203125 0.400390625 0.7651853359375 0.3974609375 0.75250270625 0.0517578125 0.746161390625 0.04296875 0.71234104375 0.04296875 0.695430871875 0.044921875 0.68908955625 0.0478515625 0.68908955625 0.0888671875 0.7017721859375 0.3974609375 0.7165685875000001 0.40234375
0 0.782095509375 0.3935546875 0.7926643671875 0.400390625 0.8898978625 0.400390625 0.896239178125 0.3974609375 0.896239178125 0.3955078125 0.8074607687500001 0.0517578125 0.801119453125 0.048828125 0.7842092796875 0.048828125 0.7672991078125 0.05078125 0.7567302484375 0.0556640625 0.75250270625 0.0615234375 0.75250270625 0.0732421875 0.7609577921875 0.2880859375 0.782095509375 0.3935546875
0 0.944855925 0.400390625 0.978676271875 0.3984375 0.9977002171875 0.3955078125 1 0.2529296875 0.9977002171875 0.1708984375 0.9807900437500001 0.0966796875 0.9596523265625001 0.0263671875 0.9533110125 0.0234375 0.915263121875 0.025390625 0.8180296265625 0.033203125 0.8074607687500001 0.0380859375 0.8032332249999999 0.0439453125 0.896239178125 0.3955078125 0.9068080359374999 0.400390625 0.944855925 0.400390625
0 0.033820346875000004 0.8427734375 0.040161660937499996 0.845703125 0.07820955156250001 0.845703125 0.088778409375 0.8408203125 0.088778409375 0.8076171875 0.0760957796875 0.5166015625 0.0739820078125 0.515625 0.02747903125 0.515625 0.019023945312500002 0.517578125 0.016910173437500002 0.5185546875 0.016910173437500002 0.5556640625 0.029592803125 0.8251953125 0.033820346875000004 0.8427734375
0 0.0951197234375 0.84765625 0.1416227 0.84765625 0.1521915578125 0.8427734375 0.2282873375 0.4931640625 0.2219460234375 0.4921875 0.11625744062500001 0.5 0.0866646375 0.50390625 0.0760957796875 0.5068359375 0.0718682359375 0.5126953125 0.084550865625 0.8232421875 0.088778409375 0.8447265625 0.0951197234375 0.84765625
0 0.20503585000000002 0.8515625 0.2113771640625 0.8486328125 0.2156047078125 0.7666015625 0.2156047078125 0.5146484375 0.20503585000000002 0.509765625 0.1965807625 0.509765625 0.1585328734375 0.515625 0.147964015625 0.5205078125 0.1521915578125 0.8466796875 0.1627604171875 0.8515625 0.20503585000000002 0.8515625
0 0.226173565625 0.85546875 0.2684489984375 0.85546875 0.28535917187500004 0.853515625 0.2959280296875 0.8466796875 0.35088609375 0.4931640625 0.344544778125 0.490234375 0.340317234375 0.490234375 0.23040110937499997 0.5 0.21983225156250003 0.5029296875 0.2156047078125 0.5224609375 0.2156047078125 0.8466796875 0.21983225156250003 0.8525390625 0.226173565625 0.85546875
0 0.344544778125 0.845703125 0.35088609375 0.8427734375 0.3551136359375 0.8310546875 0.3635687234375 0.5419921875 0.3635687234375 0.5263671875 0.3593411796875 0.5107421875 0.3529998640625 0.5078125 0.344544778125 0.5078125 0.31917951875 0.515625 0.3086106609375 0.5205078125 0.3043831171875 0.5498046875 0.3001555734375 0.6748046875 0.3001555734375 0.8447265625 0.3022693453125 0.845703125 0.344544778125 0.845703125
0 0.3699100375 0.857421875 0.38682021093749996 0.857421875 0.39316152656250003 0.8544921875 0.39738906875 0.8271484375 0.40584415625 0.6396484375 0.40584415625 0.5009765625 0.40373038437500003 0.5 0.3825926671875 0.5 0.37413758124999996 0.501953125 0.3593411796875 0.5087890625 0.35088609375 0.7431640625 0.35088609375 0.8505859375 0.3572274078125 0.85546875 0.3699100375 0.857421875
0 0.458688446875 0.87890625 0.4671435328125 0.876953125 0.4734848484375 0.8720703125 0.4777123921875 0.8330078125 0.5073051953125 0.4638671875 0.5073051953125 0.4599609375 0.4967363359375 0.45703125 0.4206405578125 0.45703125 0.4142992421875 0.4599609375 0.4100716984375 0.4658203125 0.40584415625 0.5556640625 0.39316152656250003 0.8720703125 0.40373038437500003 0.876953125 0.4206405578125 0.87890625 0.458688446875 0.87890625
0 0.513646509375 0.873046875 0.5199878250000001 0.8701171875 0.6383590375 0.4697265625 0.6383590375 0.4677734375 0.6320177218749999 0.46484375 0.6024249187499999 0.4609375 0.5432393125 0.4609375 0.513646509375 0.46484375 0.5030776515625 0.4697265625 0.481939934375 0.7431640625 0.4777123921875 0.8193359375 0.4777123921875 0.8701171875 0.48405370625 0.873046875 0.513646509375 0.873046875
0 0.54746685625 0.884765625 0.5855147453125 0.884765625 0.5960836031250001 0.8798828125 0.604538690625 0.8154296875 0.62567640625 0.5634765625 0.62567640625 0.5283203125 0.6193350921875 0.525390625 0.5770596593749999 0.525390625 0.5664908015625 0.5302734375 0.5453530843750001 0.5458984375 0.541125540625 0.5517578125 0.5242153671875001 0.7685546875 0.5199878250000001 0.8720703125 0.5242153671875001 0.8759765625 0.53901176875 0.8828125 0.54746685625 0.884765625
0 0.739820075 0.8701171875 0.7651853359375 0.5498046875 0.739820075 0.5302734375 0.7292512171875 0.525390625 0.7081135015625 0.525390625 0.7017721859375 0.5283203125 0.6975446421875 0.5341796875 0.6933171 0.8720703125 0.6996584140625 0.875 0.7292512171875 0.875 0.739820075 0.8701171875
0 0.7588440203125 0.880859375 0.8053469968750001 0.880859375 0.8116883109374999 0.8779296875 0.8159158546875 0.8701171875 0.8497362015625001 0.5498046875 0.8497362015625001 0.5224609375 0.8222571703125 0.509765625 0.8053469968750001 0.50390625 0.746161390625 0.50390625 0.74404761875 0.5048828125 0.739820075 0.5107421875 0.739820075 0.8720703125 0.74404761875 0.8759765625 0.7588440203125 0.880859375
0 0.8476224296874999 0.87890625 0.8772152328124999 0.87890625 0.8877840906250001 0.8740234375 0.896239178125 0.8076171875 0.91737689375 0.5810546875 0.91737689375 0.5380859375 0.9068080359374999 0.53125 0.8687601468749999 0.51953125 0.8518499734375 0.51953125 0.8497362015625001 0.5205078125 0.8201433984375001 0.8037109375 0.8159158546875 0.8466796875 0.8159158546875 0.8740234375 0.8222571703125 0.876953125 0.8476224296874999 0.87890625
0 1 0.6455078125 0.9977002171875 0.5185546875 0.9871313578124999 0.515625 0.8772152328124999 0.513671875 0.8751014609375 0.5146484375 0.8751014609375 0.5185546875 0.892011634375 0.8759765625 0.8983529484374999 0.880859375 0.9110355796875 0.8828125 0.9364008390624999 0.884765625 0.9955864453125001 0.884765625 1 0.8798828125 1 0.6455078125