1 0.1064453125 0.659496753125 0.1142578125 0.659496753125 0.1171875 0.6531554390625 0.125 0.6024249187499999 0.125 0.5939698328125 0.1240234375 0.5918560609375 0.1201171875 0.5876285171875 0.0849609375 0.5749458875 0.0771484375 0.5749458875 0.07421875 0.5855147453125 0.06640625 0.6362452656250001 0.06640625 0.6404728078125 0.0693359375 0.6468141234375 0.1064453125 0.659496753125
1 0.1689453125 0.6764069265625 0.1748046875 0.6764069265625 0.17578125 0.6742931546875 0.185546875 0.6151075484375 0.185546875 0.6024249187499999 0.1845703125 0.600311146875 0.1337890625 0.5707183437500001 0.1298828125 0.5707183437500001 0.126953125 0.5770596593749999 0.119140625 0.6362452656250001 0.119140625 0.6447003515625 0.1201171875 0.6468141234375 0.1689453125 0.6764069265625
1 0.2373046875 0.6679518390625 0.2431640625 0.6679518390625 0.24609375 0.6616105250000001 0.25390625 0.6024249187499999 0.25390625 0.5939698328125 0.2529296875 0.5918560609375 0.2412109375 0.5834009734375 0.1943359375 0.5622632578125 0.19140625 0.568604571875 0.1875 0.5897422890625 0.18359375 0.6235626359374999 0.18359375 0.6404728078125 0.1845703125 0.6425865796875 0.2373046875 0.6679518390625
1 0.2900390625 0.6510416671875 0.2998046875 0.6510416671875 0.30859375 0.5939698328125 0.30859375 0.5855147453125 0.3056640625 0.57917343125 0.2724609375 0.5622632578125 0.2666015625 0.5622632578125 0.263671875 0.568604571875 0.259765625 0.5939698328125 0.255859375 0.6235626359374999 0.255859375 0.6277901781249999 0.2587890625 0.63413149375 0.2900390625 0.6510416671875
1 0.3291015625 0.6806344703125 0.3408203125 0.6848620125 0.34375 0.6785206984375 0.345703125 0.6658380687500001 0.3515625 0.6151075484375 0.3515625 0.6066524624999999 0.3369140625 0.5960836031250001 0.3134765625 0.5834009734375 0.3095703125 0.5834009734375 0.302734375 0.6277901781249999 0.30078125 0.6447003515625 0.30078125 0.6616105250000001 0.3017578125 0.663724296875 0.3291015625 0.6806344703125
1 0.3779296875 0.6933171 0.384765625 0.6489278953125 0.38671875 0.6320177218749999 0.38671875 0.6193350921875 0.3623046875 0.604538690625 0.3544921875 0.604538690625 0.3515625 0.6108800046875 0.349609375 0.6235626359374999 0.345703125 0.6573829812499999 0.345703125 0.6785206984375 0.3720703125 0.6933171 0.3779296875 0.6933171
1 0.4404296875 0.6806344703125 0.443359375 0.6742931546875 0.44921875 0.6193350921875 0.44921875 0.5939698328125 0.4462890625 0.5876285171875 0.4013671875 0.5622632578125 0.39453125 0.5770596593749999 0.388671875 0.6108800046875 0.384765625 0.6447003515625 0.3876953125 0.655269209375 0.4384765625 0.6806344703125 0.4404296875 0.6806344703125
1 0.5029296875 0.68908955625 0.5087890625 0.68908955625 0.513671875 0.6742931546875 0.517578125 0.6404728078125 0.517578125 0.6193350921875 0.5126953125 0.6129937765625 0.4697265625 0.5918560609375 0.4580078125 0.5918560609375 0.455078125 0.6024249187499999 0.453125 0.6193350921875 0.451171875 0.6404728078125 0.451171875 0.6616105250000001 0.4521484375 0.663724296875 0.5029296875 0.68908955625
1 0.5224609375 0.6510416671875 0.5498046875 0.663724296875 0.552734375 0.6489278953125 0.55859375 0.5897422890625 0.5556640625 0.5834009734375 0.5419921875 0.5749458875 0.5341796875 0.5707183437500001 0.5263671875 0.5707183437500001 0.5234375 0.5770596593749999 0.51953125 0.6108800046875 0.517578125 0.6320177218749999 0.517578125 0.6447003515625 0.5185546875 0.6468141234375 0.5224609375 0.6510416671875
1 0.5712890625 0.6214488640625 0.6318359375 0.6510416671875 0.6416015625 0.6510416671875 0.642578125 0.6489278953125 0.6484375 0.5897422890625 0.6484375 0.581287203125 0.6455078125 0.5749458875 0.6337890625 0.5664908015625 0.5771484375 0.541125540625 0.5751953125 0.541125540625 0.5703125 0.5516943999999999 0.568359375 0.5643770296875 0.564453125 0.6066524624999999 0.564453125 0.6108800046875 0.5673828125 0.6172213203125 0.5712890625 0.6214488640625
1 0.7197265625 0.663724296875 0.7236328125 0.663724296875 0.7265625 0.6573829812499999 0.732421875 0.6066524624999999 0.732421875 0.5897422890625 0.7294921875 0.5834009734375 0.6611328125 0.549580628125 0.6572265625 0.549580628125 0.654296875 0.5559219421875 0.65234375 0.572832115625 0.6484375 0.6108800046875 0.6484375 0.6235626359374999 0.6513671875 0.62990395 0.7197265625 0.663724296875
1 0.8095703125 0.659496753125 0.8173828125 0.659496753125 0.818359375 0.6573829812499999 0.82421875 0.6108800046875 0.82421875 0.5855147453125 0.8232421875 0.5834009734375 0.8154296875 0.5749458875 0.7900390625 0.5580357140625 0.7529296875 0.5368979984375 0.748046875 0.54746685625 0.7421875 0.6066524624999999 0.7421875 0.6151075484375 0.7431640625 0.6172213203125 0.8095703125 0.659496753125
0 0.0419921875 0.8877840906250001 0.0634765625 0.896239178125 0.0830078125 0.9004667203125001 0.0869140625 0.896239178125 0.201171875 0.07820955156250001 0.201171875 0.0655269203125 0.1962890625 0.05918560625 0.1787109375 0.050730518749999995 0.1591796875 0.050730518749999995 0.15625 0.061299378125000005 0.126953125 0.24308373906249997 0.046875 0.7672991078125 0.033203125 0.864532603125 0.033203125 0.8772152328124999 0.0361328125 0.883556546875 0.0419921875 0.8877840906250001
0 0.1259765625 0.9004667203125001 0.1455078125 0.9004667203125001 0.1484375 0.89412540625 0.302734375 0.0993472671875 0.302734375 0.0951197234375 0.294921875 0.0739820078125 0.2724609375 0.0211377171875 0.2548828125 0.008455085937499999 0.2275390625 0 0.2158203125 0.016910173437500002 0.2109375 0.02747903125 0.197265625 0.0993472671875 0.1328125 0.53901176875 0.087890625 0.8518499734375 0.087890625 0.8772152328124999 0.0966796875 0.8877840906250001 0.1259765625 0.9004667203125001
0 0.1904296875 0.91737689375 0.2060546875 0.91737689375 0.216796875 0.8983529484374999 0.220703125 0.8814427765625 0.322265625 0.13739515625 0.322265625 0.12471252656250001 0.3173828125 0.11414366875 0.3095703125 0.1056885828125 0.2998046875 0.1014610390625 0.2666015625 0.0972334953125 0.2578125 0.107802353125 0.23046875 0.28535917187500004 0.150390625 0.8518499734375 0.1484375 0.8687601468749999 0.1484375 0.8814427765625 0.1552734375 0.896239178125 0.1904296875 0.91737689375
0 0.2412109375 0.892011634375 0.2568359375 0.896239178125 0.2685546875 0.896239178125 0.271484375 0.8898978625 0.369140625 0.112029896875 0.369140625 0.0993472671875 0.3662109375 0.093005953125 0.3564453125 0.084550865625 0.3388671875 0.0760957796875 0.33203125 0.0866646375 0.326171875 0.107802353125 0.2265625 0.8349398000000001 0.224609375 0.8560775156249999 0.224609375 0.8772152328124999 0.2275390625 0.883556546875 0.2412109375 0.892011634375
0 0.2841796875 0.9089218078125001 0.3017578125 0.91737689375 0.3115234375 0.91737689375 0.314453125 0.9110355796875 0.31640625 0.9025804921875 0.337890625 0.725023675 0.34375 0.6658380687500001 0.3427734375 0.659496753125 0.3017578125 0.659496753125 0.298828125 0.6658380687500001 0.294921875 0.682748240625 0.2890625 0.725023675 0.2734375 0.8560775156249999 0.271484375 0.8729876890625 0.271484375 0.8898978625 0.2763671875 0.9004667203125001 0.2841796875 0.9089218078125001
0 0.34765625 0.6404728078125 0.353515625 0.598197375 0.423828125 0.061299378125000005 0.423828125 0.035934117187499996 0.4228515625 0.033820346875000004 0.4072265625 0.025365259374999997 0.3935546875 0.0211377171875 0.3837890625 0.0211377171875 0.37890625 0.031706575 0.376953125 0.040161660937499996 0.322265625 0.4671435328125 0.310546875 0.568604571875 0.310546875 0.5855147453125 0.3447265625 0.6510416671875 0.34765625 0.6404728078125
0 0.3994140625 0.9004667203125001 0.4150390625 0.9004667203125001 0.41796875 0.89412540625 0.4453125 0.6700656109375001 0.5078125 0.10357481093750001 0.51171875 0.057071834375 0.509765625 0.0486167484375 0.5048828125 0.0422754328125 0.4912109375 0.033820346875000004 0.4736328125 0.029592803125 0.4658203125 0.029592803125 0.458984375 0.035934117187499996 0.451171875 0.09089218125000001 0.3671875 0.7884368234375 0.359375 0.8560775156249999 0.359375 0.8772152328124999 0.3720703125 0.8877840906250001 0.3994140625 0.9004667203125001
0 0.4619140625 0.9004667203125001 0.4755859375 0.9004667203125001 0.4794921875 0.896239178125 0.486328125 0.8729876890625 0.515625 0.6573829812499999 0.568359375 0.09089218125000001 0.568359375 0.057071834375 0.5615234375 0.0422754328125 0.5380859375 0.033820346875000004 0.5185546875 0.033820346875000004 0.515625 0.040161660937499996 0.5078125 0.10357481093750001 0.421875 0.8560775156249999 0.421875 0.8687601468749999 0.4248046875 0.8793290046875001 0.4619140625 0.9004667203125001
0 0.5224609375 0.9046942640625 0.52734375 0.89412540625 0.6171875 0.0443892046875 0.6171875 0.0147964015625 0.6142578125 0.008455085937499999 0.5888671875 0.008455085937499999 0.58203125 0.040161660937499996 0.494140625 0.8433948859375 0.490234375 0.8856703187500001 0.4931640625 0.896239178125 0.5107421875 0.9046942640625 0.5224609375 0.9046942640625
0 0.5693359375 0.8877840906250001 0.5966796875 0.9004667203125001 0.6103515625 0.9004667203125001 0.615234375 0.89412540625 0.62109375 0.8560775156249999 0.65234375 0.5559219421875 0.6953125 0.112029896875 0.697265625 0.07820955156250001 0.6923828125 0.06764069218749999 0.6689453125 0.0549580625 0.6533203125 0.050730518749999995 0.6240234375 0.0465029765625 0.6171875 0.052844290625 0.615234375 0.061299378125000005 0.603515625 0.1627604171875 0.552734375 0.6404728078125 0.533203125 0.83071225625 0.533203125 0.860305059375 0.5400390625 0.8708739171875 0.5693359375 0.8877840906250001
0 0.6474609375 0.883556546875 0.6884765625 0.9004667203125001 0.7001953125 0.9004667203125001 0.703125 0.89412540625 0.712890625 0.809574540625 0.728515625 0.6489278953125 0.77734375 0.11625744062500001 0.77734375 0.0993472671875 0.7705078125 0.088778409375 0.7119140625 0.06764069218749999 0.7001953125 0.06764069218749999 0.69921875 0.0697544640625 0.625 0.8180296265625 0.623046875 0.83916734375 0.623046875 0.864532603125 0.6259765625 0.8708739171875 0.6474609375 0.883556546875
0 0.7763671875 0 0.7685546875 0.008455085937499999 0.7607421875 0.0211377171875 0.7421875 0.061299378125000005 0.71484375 0.8180296265625 0.71484375 0.8476224296874999 0.7197265625 0.86241883125 0.7314453125 0.8751014609375 0.7646484375 0.892011634375 0.7861328125 0.896239178125 0.8017578125 0.896239178125 0.8076171875 0.892011634375 0.8125 0.8814427765625 0.814453125 0.8729876890625 0.884765625 0.0232514875 0.884765625 0.0105688578125 0.8818359375 0 0.7763671875 0