1 0.0244140625 0.7059997296875 0.0576171875 0.7017721859375 0.0693359375 0.6975446421875 0.07421875 0.6912033281250001 0.072265625 0.6531554390625 0.0693359375 0.63413149375 0.0556640625 0.63413149375 0.0205078125 0.6425865796875 0.01953125 0.6447003515625 0.01953125 0.6658380687500001 0.021484375 0.6912033281250001 0.0244140625 0.7059997296875
1 0.076171875 0.7081135015625 0.0791015625 0.718682359375 0.0908203125 0.718682359375 0.1044921875 0.714454815625 0.111328125 0.7081135015625 0.111328125 0.682748240625 0.1064453125 0.6510416671875 0.0986328125 0.6510416671875 0.0732421875 0.659496753125 0.072265625 0.6616105250000001 0.072265625 0.6700656109375001 0.07421875 0.6912033281250001 0.076171875 0.7081135015625
1 0.1142578125 0.714454815625 0.1357421875 0.7102272734375 0.1494140625 0.7017721859375 0.15234375 0.695430871875 0.15234375 0.6742931546875 0.150390625 0.6489278953125 0.1474609375 0.6383590375 0.1103515625 0.655269209375 0.109375 0.6573829812499999 0.109375 0.6742931546875 0.111328125 0.6996584140625 0.1142578125 0.714454815625
1 0.154296875 0.7038859578125 0.1572265625 0.7102272734375 0.1708984375 0.7059997296875 0.17578125 0.6996584140625 0.17578125 0.6785206984375 0.173828125 0.6531554390625 0.1708984375 0.6425865796875 0.1552734375 0.6468141234375 0.1513671875 0.6510416671875 0.150390625 0.6531554390625 0.150390625 0.6658380687500001 0.15234375 0.6869757843750001 0.154296875 0.7038859578125
1 0.1806640625 0.718682359375 0.2294921875 0.7059997296875 0.234375 0.6996584140625 0.234375 0.6700656109375001 0.232421875 0.6489278953125 0.2294921875 0.6425865796875 0.2236328125 0.6425865796875 0.1748046875 0.659496753125 0.173828125 0.6616105250000001 0.173828125 0.6700656109375001 0.177734375 0.71234104375 0.1806640625 0.718682359375
1 0.2958984375 0.6975446421875 0.3232421875 0.68908955625 0.330078125 0.682748240625 0.330078125 0.6531554390625 0.328125 0.6320177218749999 0.3251953125 0.62567640625 0.3173828125 0.62567640625 0.2783203125 0.6383590375 0.2666015625 0.6425865796875 0.2626953125 0.6468141234375 0.26171875 0.6531554390625 0.2666015625 0.7017721859375 0.2802734375 0.7017721859375 0.2958984375 0.6975446421875
1 0.2490234375 0.6975446421875 0.2568359375 0.6975446421875 0.2578125 0.695430871875 0.2578125 0.6742931546875 0.25390625 0.6362452656250001 0.2509765625 0.63413149375 0.2451171875 0.6383590375 0.244140625 0.6404728078125 0.244140625 0.6573829812499999 0.248046875 0.695430871875 0.2490234375 0.6975446421875
1 0.3544921875 0.739820075 0.3896484375 0.7313649890625 0.396484375 0.72079613125 0.396484375 0.71234104375 0.3916015625 0.6679518390625 0.3720703125 0.6721793828125 0.3505859375 0.6806344703125 0.349609375 0.682748240625 0.349609375 0.6996584140625 0.3515625 0.725023675 0.3544921875 0.739820075
1 0.408203125 0.7081135015625 0.4111328125 0.714454815625 0.4501953125 0.6975446421875 0.453125 0.6912033281250001 0.453125 0.6700656109375001 0.451171875 0.6404728078125 0.4482421875 0.63413149375 0.4072265625 0.6510416671875 0.404296875 0.6573829812499999 0.404296875 0.6700656109375001 0.40625 0.695430871875 0.408203125 0.7081135015625
1 0.4580078125 0.6975446421875 0.4833984375 0.6933171 0.494140625 0.6869757843750001 0.494140625 0.6531554390625 0.4912109375 0.62990395 0.4833984375 0.62990395 0.4560546875 0.6383590375 0.453125 0.6447003515625 0.453125 0.6489278953125 0.455078125 0.6785206984375 0.4580078125 0.6975446421875
1 0.5302734375 0.7059997296875 0.5390625 0.6996584140625 0.5390625 0.6742931546875 0.537109375 0.6447003515625 0.5361328125 0.6425865796875 0.5224609375 0.6425865796875 0.4970703125 0.6510416671875 0.49609375 0.6573829812499999 0.5 0.7081135015625 0.5029296875 0.714454815625 0.5302734375 0.7059997296875
1 0.5439453125 0.6933171 0.5595703125 0.6933171 0.5634765625 0.68908955625 0.564453125 0.682748240625 0.560546875 0.6320177218749999 0.5595703125 0.62990395 0.5478515625 0.62990395 0.5400390625 0.63413149375 0.5390625 0.6362452656250001 0.5390625 0.6573829812499999 0.541015625 0.6869757843750001 0.5439453125 0.6933171
1 0.5654296875 0.68908955625 0.5693359375 0.6933171 0.5869140625 0.68908955625 0.5966796875 0.6848620125 0.599609375 0.6785206984375 0.59765625 0.6362452656250001 0.5947265625 0.6214488640625 0.5869140625 0.6214488640625 0.5634765625 0.62990395 0.5625 0.6320177218749999 0.5625 0.6531554390625 0.564453125 0.6869757843750001 0.5654296875 0.68908955625
1 0.6142578125 0.7017721859375 0.6318359375 0.7017721859375 0.6455078125 0.6975446421875 0.6611328125 0.68908955625 0.666015625 0.682748240625 0.662109375 0.6277901781249999 0.6611328125 0.62567640625 0.6552734375 0.62567640625 0.6123046875 0.6425865796875 0.609375 0.6489278953125 0.609375 0.6742931546875 0.611328125 0.695430871875 0.6142578125 0.7017721859375
1 0.6982421875 0.7017721859375 0.7353515625 0.68908955625 0.74609375 0.682748240625 0.74609375 0.6658380687500001 0.7421875 0.6320177218749999 0.7392578125 0.6214488640625 0.6923828125 0.6383590375 0.69140625 0.6404728078125 0.69140625 0.6616105250000001 0.6953125 0.695430871875 0.6982421875 0.7017721859375
1 0.7509765625 0.7017721859375 0.7568359375 0.7017721859375 0.7724609375 0.6933171 0.775390625 0.6869757843750001 0.775390625 0.6742931546875 0.7705078125 0.63413149375 0.7607421875 0.63413149375 0.7470703125 0.6425865796875 0.744140625 0.6489278953125 0.744140625 0.6531554390625 0.748046875 0.695430871875 0.7509765625 0.7017721859375
1 0.7880859375 0.714454815625 0.7958984375 0.7102272734375 0.796875 0.7081135015625 0.796875 0.695430871875 0.79296875 0.6531554390625 0.791015625 0.6447003515625 0.7880859375 0.6425865796875 0.7783203125 0.6468141234375 0.7744140625 0.6510416671875 0.7734375 0.6573829812499999 0.779296875 0.7081135015625 0.7822265625 0.714454815625 0.7880859375 0.714454815625
1 0.8076171875 0.6975446421875 0.8212890625 0.6933171 0.8505859375 0.6764069265625 0.8623046875 0.6679518390625 0.865234375 0.6616105250000001 0.865234375 0.6447003515625 0.86328125 0.6235626359374999 0.861328125 0.6066524624999999 0.8583984375 0.600311146875 0.8037109375 0.63413149375 0.802734375 0.6362452656250001 0.802734375 0.6616105250000001 0.8046875 0.682748240625 0.8076171875 0.6975446421875
1 0.8798828125 0.7059997296875 0.8916015625 0.6975446421875 0.896484375 0.6912033281250001 0.896484375 0.6742931546875 0.89453125 0.6531554390625 0.892578125 0.6404728078125 0.8896484375 0.63413149375 0.8662109375 0.6510416671875 0.865234375 0.6531554390625 0.865234375 0.6616105250000001 0.8701171875 0.7059997296875 0.8798828125 0.7059997296875
1 0.9248046875 0.6848620125 0.9365234375 0.6848620125 0.9541015625 0.6764069265625 0.95703125 0.6700656109375001 0.955078125 0.6404728078125 0.9521484375 0.6172213203125 0.9482421875 0.6172213203125 0.9228515625 0.62990395 0.921875 0.6320177218749999 0.921875 0.6447003515625 0.923828125 0.682748240625 0.9248046875 0.6848620125
0 0 0.4248681 0.021484375 0.6996584140625 0.033203125 0.8349398000000001 0.0390625 0.8772152328124999 0.0419921875 0.883556546875 0.0673828125 0.883556546875 0.0830078125 0.8793290046875001 0.0869140625 0.8751014609375 0.091796875 0.864532603125 0.171875 0.12894007031250002 0.1689453125 0.12259875468749999 0.0244140625 0.050730518749999995 0.0126953125 0.050730518749999995 0.0009765625 0.0549580625 0 0.057071834375 0 0.4248681
0 0.08203125 0.7799817375 0.091796875 0.8729876890625 0.0966796875 0.8877840906250001 0.1083984375 0.8877840906250001 0.1220703125 0.883556546875 0.125 0.8772152328124999 0.19140625 0.166987959375 0.19140625 0.1585328734375 0.1845703125 0.143736471875 0.0693359375 0.1014610390625 0.0498046875 0.0972334953125 0.0302734375 0.1014610390625 0.0263671875 0.1056885828125 0.0234375 0.112029896875 0.0234375 0.1331676140625 0.05078125 0.4460058171875 0.08203125 0.7799817375
0 0.125 0.864532603125 0.126953125 0.8729876890625 0.1337890625 0.8877840906250001 0.1494140625 0.8877840906250001 0.1611328125 0.8793290046875001 0.16796875 0.864532603125 0.171875 0.1796705890625 0.1669921875 0.173329275 0.1572265625 0.16910173125 0.1025390625 0.1521915578125 0.0830078125 0.1521915578125 0.0673828125 0.1606466453125 0.0625 0.171215503125 0.0625 0.1881256765625 0.064453125 0.2134909359375 0.125 0.864532603125
0 0.169921875 0.8772152328124999 0.1748046875 0.883556546875 0.1865234375 0.8793290046875001 0.193359375 0.8687601468749999 0.197265625 0.20080830624999998 0.1865234375 0.194466990625 0.1376953125 0.1817843609375 0.1259765625 0.1817843609375 0.1123046875 0.1860119046875 0.109375 0.1923532203125 0.111328125 0.2219460234375 0.16796875 0.864532603125 0.169921875 0.8772152328124999
0 0.177734375 0.71234104375 0.197265625 0.8729876890625 0.2041015625 0.8877840906250001 0.2177734375 0.8877840906250001 0.2451171875 0.8751014609375 0.2529296875 0.866646375 0.2578125 0.8560775156249999 0.2578125 0.83071225625 0.25390625 0.7672991078125 0.205078125 0.226173565625 0.203125 0.21771847968750002 0.1982421875 0.2113771640625 0.1865234375 0.2113771640625 0.1669921875 0.2156047078125 0.1396484375 0.2282873375 0.13671875 0.234628653125 0.13671875 0.25576636875 0.1484375 0.3910477546875 0.177734375 0.71234104375
0 0.263671875 0.7588440203125 0.275390625 0.8729876890625 0.2802734375 0.8877840906250001 0.3095703125 0.8877840906250001 0.3427734375 0.8793290046875001 0.3544921875 0.8708739171875 0.359375 0.8560775156249999 0.357421875 0.8053469968750001 0.310546875 0.14585024375 0.3037109375 0.1352813859375 0.2822265625 0.1352813859375 0.2470703125 0.143736471875 0.2197265625 0.1521915578125 0.2138671875 0.1564191015625 0.2109375 0.1627604171875 0.2109375 0.171215503125 0.220703125 0.289586715625 0.263671875 0.7588440203125
0 0.2646484375 0.8751014609375 0.2724609375 0.8751014609375 0.275390625 0.8687601468749999 0.275390625 0.860305059375 0.21484375 0.2092633921875 0.212890625 0.1965807625 0.2099609375 0.1902394484375 0.2060546875 0.1902394484375 0.203125 0.1965807625 0.205078125 0.226173565625 0.26171875 0.860305059375 0.2646484375 0.8751014609375
0 0.36328125 0.8814427765625 0.3662109375 0.8877840906250001 0.3798828125 0.8877840906250001 0.4033203125 0.8793290046875001 0.40625 0.8729876890625 0.40625 0.8476224296874999 0.36328125 0.1585328734375 0.3583984375 0.147964015625 0.3544921875 0.143736471875 0.3154296875 0.1521915578125 0.3115234375 0.1564191015625 0.310546875 0.1585328734375 0.310546875 0.166987959375 0.326171875 0.39950284062499997 0.36328125 0.8814427765625
0 0.40234375 0.7884368234375 0.40625 0.8433948859375 0.41015625 0.8772152328124999 0.4130859375 0.883556546875 0.4306640625 0.883556546875 0.4443359375 0.8793290046875001 0.4599609375 0.8708739171875 0.46484375 0.860305059375 0.46484375 0.8560775156249999 0.421875 0.1627604171875 0.4208984375 0.1606466453125 0.3896484375 0.1606466453125 0.3681640625 0.1648741890625 0.365234375 0.171215503125 0.365234375 0.20503585000000002 0.3671875 0.2473112828125 0.40234375 0.7884368234375
0 0.46875 0.8729876890625 0.4736328125 0.8793290046875001 0.4970703125 0.8793290046875001 0.5029296875 0.8751014609375 0.505859375 0.864532603125 0.505859375 0.8349398000000001 0.46484375 0.1543053296875 0.4619140625 0.147964015625 0.4482421875 0.147964015625 0.4365234375 0.1521915578125 0.4248046875 0.1606466453125 0.421875 0.166987959375 0.453125 0.6616105250000001 0.466796875 0.860305059375 0.46875 0.8729876890625
0 0.5107421875 0.8793290046875001 0.5302734375 0.8793290046875001 0.5458984375 0.8708739171875 0.548828125 0.864532603125 0.548828125 0.83916734375 0.51171875 0.1543053296875 0.5087890625 0.143736471875 0.4853515625 0.143736471875 0.4697265625 0.147964015625 0.466796875 0.1543053296875 0.466796875 0.1923532203125 0.5078125 0.8729876890625 0.5107421875 0.8793290046875001
0 0.5390625 0.6742931546875 0.55078125 0.864532603125 0.5537109375 0.8793290046875001 0.5693359375 0.8793290046875001 0.57421875 0.8729876890625 0.57421875 0.8560775156249999 0.53515625 0.171215503125 0.5302734375 0.1648741890625 0.5146484375 0.16910173125 0.513671875 0.171215503125 0.513671875 0.1965807625 0.51953125 0.31072443125000004 0.5390625 0.6742931546875
0 0.57421875 0.860305059375 0.5791015625 0.8751014609375 0.5869140625 0.8793290046875001 0.6025390625 0.8751014609375 0.609375 0.864532603125 0.609375 0.8349398000000001 0.60546875 0.750388934375 0.5703125 0.171215503125 0.5634765625 0.1606466453125 0.5439453125 0.1648741890625 0.5380859375 0.16910173125 0.53515625 0.175443046875 0.53515625 0.1838981328125 0.564453125 0.7081135015625 0.57421875 0.860305059375
0 0.6015625 0.6362452656250001 0.6044921875 0.6468141234375 0.6083984375 0.6468141234375 0.6337890625 0.6383590375 0.6572265625 0.62567640625 0.66015625 0.6193350921875 0.66015625 0.6066524624999999 0.640625 0.31917951875 0.6328125 0.2134909359375 0.62890625 0.1796705890625 0.6240234375 0.16910173125 0.6181640625 0.16910173125 0.5751953125 0.1860119046875 0.5703125 0.1965807625 0.5703125 0.2092633921875 0.58984375 0.48828125 0.6015625 0.6362452656250001
0 0.7158203125 0.883556546875 0.7607421875 0.866646375 0.765625 0.8518499734375 0.763671875 0.8264847124999999 0.6875 0.09089218125000001 0.6865234375 0.088778409375 0.6826171875 0.088778409375 0.6552734375 0.1014610390625 0.6279296875 0.1183712125 0.6201171875 0.1310538421875 0.619140625 0.1331676140625 0.69921875 0.8053469968750001 0.70703125 0.860305059375 0.7158203125 0.883556546875
0 0.7685546875 0.8751014609375 0.7802734375 0.8751014609375 0.7900390625 0.866646375 0.79296875 0.860305059375 0.79296875 0.8560775156249999 0.76953125 0.6066524624999999 0.73046875 0.2134909359375 0.7255859375 0.1860119046875 0.7041015625 0.194466990625 0.701171875 0.20080830624999998 0.701171875 0.23040110937499997 0.765625 0.8687601468749999 0.7685546875 0.8751014609375
0 0.6923828125 0 0.6494140625 0.0465029765625 0.6435546875 0.0549580625 0.642578125 0.057071834375 0.642578125 0.0739820078125 0.79296875 0.8729876890625 0.7958984375 0.8793290046875001 0.8076171875 0.8793290046875001 0.810546875 0.8729876890625 0.810546875 0.8518499734375 0.80859375 0.8264847124999999 0.736328125 0.006341315625000001 0.7333984375 0 0.6923828125 0
0 0.8193359375 0.883556546875 0.8408203125 0.883556546875 0.8583984375 0.8793290046875001 0.8798828125 0.866646375 0.8828125 0.860305059375 0.8828125 0.8476224296874999 0.818359375 0.0739820078125 0.814453125 0.057071834375 0.8115234375 0.050730518749999995 0.7998046875 0.050730518749999995 0.7548828125 0.06764069218749999 0.7490234375 0.0718682359375 0.74609375 0.07820955156250001 0.744140625 0.107802353125 0.8046875 0.801119453125 0.8125 0.8729876890625 0.8193359375 0.883556546875
0 0.8828125 0.860305059375 0.8916015625 0.866646375 0.9033203125 0.8581912875000001 0.908203125 0.8476224296874999 0.908203125 0.83071225625 0.89453125 0.6489278953125 0.859375 0.21771847968750002 0.857421875 0.20080830624999998 0.8544921875 0.194466990625 0.8310546875 0.198694534375 0.830078125 0.20080830624999998 0.830078125 0.23040110937499997 0.865234375 0.6742931546875 0.8828125 0.860305059375
0 0.9384765625 0.8581912875000001 0.9521484375 0.8581912875000001 0.9638671875 0.8497362015625001 0.966796875 0.8433948859375 0.966796875 0.8349398000000001 0.955078125 0.6362452656250001 0.931640625 0.281131628125 0.9287109375 0.2705627703125 0.8974609375 0.2705627703125 0.896484375 0.27267654218750004 0.89453125 0.28535917187500004 0.9296875 0.7630715640625 0.9375 0.8560775156249999 0.9384765625 0.8581912875000001