1 0 0.6066524624999999 0.0009765625 0.608766234375 0.0205078125 0.6129937765625 0.0439453125 0.6129937765625 0.05078125 0.6066524624999999 0.0546875 0.581287203125 0.0546875 0.5559219421875 0.0537109375 0.5538081703125 0.0009765625 0.549580628125 0 0.5516943999999999 0 0.6066524624999999
1 0.0947265625 0.608766234375 0.09765625 0.598197375 0.1015625 0.5643770296875 0.1015625 0.5516943999999999 0.0966796875 0.5453530843750001 0.0615234375 0.5453530843750001 0.056640625 0.568604571875 0.0546875 0.5897422890625 0.0546875 0.6066524624999999 0.0556640625 0.608766234375 0.0947265625 0.608766234375
1 0.1220703125 0.608766234375 0.125 0.6024249187499999 0.126953125 0.5897422890625 0.12890625 0.5516943999999999 0.1240234375 0.5453530843750001 0.1044921875 0.5453530843750001 0.099609375 0.568604571875 0.09765625 0.5897422890625 0.09765625 0.6024249187499999 0.0986328125 0.604538690625 0.1220703125 0.608766234375
1 0.1591796875 0.62567640625 0.162109375 0.6193350921875 0.166015625 0.572832115625 0.1611328125 0.5622632578125 0.1572265625 0.5580357140625 0.1396484375 0.5538081703125 0.1298828125 0.5580357140625 0.126953125 0.5643770296875 0.125 0.6108800046875 0.1279296875 0.6172213203125 0.1572265625 0.62567640625 0.1591796875 0.62567640625
1 0.1904296875 0.63413149375 0.193359375 0.6277901781249999 0.197265625 0.5897422890625 0.197265625 0.5770596593749999 0.1962890625 0.5749458875 0.1865234375 0.5707183437500001 0.1669921875 0.5707183437500001 0.1640625 0.581287203125 0.162109375 0.6066524624999999 0.162109375 0.6277901781249999 0.1630859375 0.62990395 0.1904296875 0.63413149375
1 0.220703125 0.6320177218749999 0.224609375 0.581287203125 0.2216796875 0.5749458875 0.2001953125 0.5749458875 0.197265625 0.581287203125 0.1953125 0.6024249187499999 0.193359375 0.6277901781249999 0.1962890625 0.63413149375 0.2197265625 0.63413149375 0.220703125 0.6320177218749999
1 0.2412109375 0.62990395 0.244140625 0.6235626359374999 0.24609375 0.598197375 0.24609375 0.572832115625 0.2431640625 0.5664908015625 0.2275390625 0.5664908015625 0.224609375 0.572832115625 0.22265625 0.5939698328125 0.22265625 0.6277901781249999 0.2236328125 0.62990395 0.2412109375 0.62990395
1 0.2783203125 0.62990395 0.279296875 0.6277901781249999 0.283203125 0.5770596593749999 0.2822265625 0.5707183437500001 0.2744140625 0.5664908015625 0.2568359375 0.5664908015625 0.2490234375 0.5707183437500001 0.24609375 0.5855147453125 0.244140625 0.6108800046875 0.244140625 0.6277901781249999 0.2451171875 0.62990395 0.2783203125 0.62990395
1 0.3076171875 0.63413149375 0.310546875 0.6277901781249999 0.3125 0.598197375 0.3125 0.572832115625 0.3115234375 0.5707183437500001 0.2919921875 0.5664908015625 0.2880859375 0.5664908015625 0.283203125 0.572832115625 0.28125 0.5939698328125 0.28125 0.6277901781249999 0.2822265625 0.62990395 0.3076171875 0.63413149375
1 0.330078125 0.6235626359374999 0.330078125 0.581287203125 0.3271484375 0.5749458875 0.3154296875 0.5749458875 0.3125 0.5897422890625 0.310546875 0.6320177218749999 0.3115234375 0.63413149375 0.3271484375 0.63413149375 0.330078125 0.6235626359374999
1 0.369140625 0.6404728078125 0.369140625 0.5855147453125 0.3681640625 0.5834009734375 0.3642578125 0.57917343125 0.3330078125 0.57917343125 0.33203125 0.581287203125 0.330078125 0.6320177218749999 0.3330078125 0.6383590375 0.3662109375 0.6468141234375 0.369140625 0.6404728078125
1 0.4091796875 0.6510416671875 0.41015625 0.6489278953125 0.412109375 0.6024249187499999 0.4072265625 0.5918560609375 0.3974609375 0.5876285171875 0.3857421875 0.5876285171875 0.37890625 0.5939698328125 0.376953125 0.6193350921875 0.376953125 0.6447003515625 0.3798828125 0.6510416671875 0.4091796875 0.6510416671875
1 0.4482421875 0.6425865796875 0.44921875 0.6404728078125 0.451171875 0.6235626359374999 0.451171875 0.5897422890625 0.4482421875 0.5834009734375 0.4384765625 0.57917343125 0.4248046875 0.57917343125 0.4189453125 0.5834009734375 0.41796875 0.5855147453125 0.41796875 0.6404728078125 0.4189453125 0.6425865796875 0.4482421875 0.6425865796875
1 0.4892578125 0.6425865796875 0.490234375 0.6404728078125 0.490234375 0.5855147453125 0.4873046875 0.57917343125 0.4599609375 0.57917343125 0.45703125 0.5855147453125 0.45703125 0.6362452656250001 0.4599609375 0.6425865796875 0.4892578125 0.6425865796875
1 0.5126953125 0.6510416671875 0.513671875 0.6489278953125 0.513671875 0.598197375 0.5107421875 0.5918560609375 0.5048828125 0.5876285171875 0.4970703125 0.5876285171875 0.494140625 0.5939698328125 0.4921875 0.6108800046875 0.494140625 0.6447003515625 0.5048828125 0.6510416671875 0.5126953125 0.6510416671875
1 0.5439453125 0.659496753125 0.544921875 0.6573829812499999 0.544921875 0.6024249187499999 0.5419921875 0.5960836031250001 0.5302734375 0.5918560609375 0.5146484375 0.5960836031250001 0.513671875 0.598197375 0.513671875 0.6531554390625 0.5146484375 0.655269209375 0.5439453125 0.659496753125
1 0.5615234375 0.663724296875 0.5625 0.6616105250000001 0.5625 0.6235626359374999 0.560546875 0.6066524624999999 0.5595703125 0.604538690625 0.5478515625 0.604538690625 0.544921875 0.6108800046875 0.546875 0.6616105250000001 0.5478515625 0.663724296875 0.5615234375 0.663724296875
1 0.5908203125 0.6679518390625 0.6025390625 0.6679518390625 0.603515625 0.6658380687500001 0.603515625 0.6151075484375 0.6005859375 0.604538690625 0.5830078125 0.600311146875 0.5654296875 0.600311146875 0.560546875 0.6108800046875 0.5625 0.6616105250000001 0.5634765625 0.663724296875 0.5908203125 0.6679518390625
1 0.6650390625 0.6510416671875 0.666015625 0.6489278953125 0.6640625 0.6151075484375 0.6611328125 0.5918560609375 0.6337890625 0.5918560609375 0.6298828125 0.5960836031250001 0.626953125 0.6024249187499999 0.626953125 0.6320177218749999 0.6298828125 0.659496753125 0.6650390625 0.6510416671875
1 0.6689453125 0.655269209375 0.7001953125 0.6510416671875 0.701171875 0.6489278953125 0.701171875 0.6320177218749999 0.69921875 0.6066524624999999 0.6962890625 0.5918560609375 0.6904296875 0.5876285171875 0.6767578125 0.5876285171875 0.6650390625 0.5918560609375 0.662109375 0.598197375 0.662109375 0.6108800046875 0.666015625 0.6489278953125 0.6689453125 0.655269209375
1 0.7451171875 0.663724296875 0.74609375 0.6616105250000001 0.7421875 0.6108800046875 0.7392578125 0.604538690625 0.7041015625 0.604538690625 0.701171875 0.6108800046875 0.701171875 0.6489278953125 0.7041015625 0.6679518390625 0.7451171875 0.663724296875
1 0.7587890625 0.6721793828125 0.7900390625 0.6721793828125 0.796875 0.6616105250000001 0.796875 0.6489278953125 0.79296875 0.6066524624999999 0.791015625 0.5939698328125 0.7880859375 0.5876285171875 0.7783203125 0.5749458875 0.7744140625 0.5749458875 0.7568359375 0.5834009734375 0.751953125 0.598197375 0.75 0.6066524624999999 0.75 0.6151075484375 0.75390625 0.6573829812499999 0.7587890625 0.6721793828125
1 0.8408203125 0.659496753125 0.841796875 0.6573829812499999 0.841796875 0.6447003515625 0.837890625 0.6108800046875 0.8349609375 0.5960836031250001 0.8095703125 0.5960836031250001 0.7978515625 0.604538690625 0.794921875 0.6108800046875 0.794921875 0.6362452656250001 0.7998046875 0.6679518390625 0.8408203125 0.659496753125
1 0.888671875 0.6616105250000001 0.8828125 0.6066524624999999 0.8798828125 0.600311146875 0.8583984375 0.600311146875 0.8525390625 0.604538690625 0.8515625 0.6108800046875 0.8583984375 0.663724296875 0.8857421875 0.6679518390625 0.888671875 0.6616105250000001
1 0.8916015625 0.6721793828125 0.9072265625 0.6764069265625 0.9169921875 0.6764069265625 0.91796875 0.6742931546875 0.91796875 0.6531554390625 0.916015625 0.6320177218749999 0.9140625 0.6193350921875 0.9111328125 0.6129937765625 0.8974609375 0.608766234375 0.8896484375 0.608766234375 0.8857421875 0.6129937765625 0.884765625 0.6151075484375 0.884765625 0.6320177218749999 0.888671875 0.6658380687500001 0.8916015625 0.6721793828125
0 0 0.801119453125 0.0068359375 0.8074607687500001 0.0263671875 0.8032332249999999 0.03125 0.7799817375 0.109375 0.1416227 0.107421875 0.12471252656250001 0.1044921875 0.1183712125 0.0517578125 0.11414366875 0.048828125 0.12048498437499999 0.044921875 0.1331676140625 0.04296875 0.14585024375 0.013671875 0.37413758124999996 0 0.48405370625 0 0.801119453125
0 0.0439453125 0.8116883109374999 0.0732421875 0.8116883109374999 0.07421875 0.809574540625 0.080078125 0.77152665 0.134765625 0.2473112828125 0.140625 0.171215503125 0.140625 0.1627604171875 0.1357421875 0.1564191015625 0.1279296875 0.1521915578125 0.1083984375 0.1521915578125 0.1015625 0.166987959375 0.091796875 0.24308373906249997 0.037109375 0.7377063046875 0.033203125 0.7799817375 0.033203125 0.8053469968750001 0.0341796875 0.8074607687500001 0.0439453125 0.8116883109374999
0 0.1025390625 0.8116883109374999 0.10546875 0.8053469968750001 0.158203125 0.25576636875 0.1640625 0.1881256765625 0.1640625 0.175443046875 0.1611328125 0.16910173125 0.1494140625 0.16910173125 0.1455078125 0.173329275 0.140625 0.1838981328125 0.099609375 0.5643770296875 0.0859375 0.7038859578125 0.078125 0.7842092796875 0.078125 0.809574540625 0.0791015625 0.8116883109374999 0.1025390625 0.8116883109374999
0 0.1416015625 0.8201433984375001 0.14453125 0.8138020828125001 0.146484375 0.8053469968750001 0.22265625 0.2473112828125 0.220703125 0.2388561953125 0.205078125 0.1965807625 0.1943359375 0.173329275 0.1884765625 0.16910173125 0.1689453125 0.16910173125 0.1640625 0.1796705890625 0.109375 0.750388934375 0.10546875 0.7968919109375 0.10546875 0.809574540625 0.1083984375 0.8159158546875 0.1416015625 0.8201433984375001
0 0.1748046875 0.8243709421875 0.1796875 0.8138020828125001 0.220703125 0.293814259375 0.220703125 0.2684489984375 0.2158203125 0.262107684375 0.1962890625 0.262107684375 0.193359375 0.2684489984375 0.185546875 0.3360896921875 0.171875 0.48828125 0.146484375 0.7884368234375 0.146484375 0.8180296265625 0.1513671875 0.8243709421875 0.1748046875 0.8243709421875
0 0.208984375 0.8180296265625 0.267578125 0.26422145625 0.267578125 0.226173565625 0.263671875 0.2092633921875 0.2568359375 0.194466990625 0.2451171875 0.1902394484375 0.2333984375 0.1902394484375 0.228515625 0.20080830624999998 0.2265625 0.2134909359375 0.189453125 0.6742931546875 0.1796875 0.8180296265625 0.1826171875 0.8243709421875 0.2060546875 0.8243709421875 0.208984375 0.8180296265625
0 0.2255859375 0.828598484375 0.228515625 0.8222571703125 0.23046875 0.809574540625 0.24609375 0.6024249187499999 0.263671875 0.3234070609375 0.263671875 0.3022693453125 0.2587890625 0.2959280296875 0.2470703125 0.2959280296875 0.244140625 0.3022693453125 0.2421875 0.314951975 0.220703125 0.6151075484375 0.208984375 0.7968919109375 0.208984375 0.8222571703125 0.2138671875 0.828598484375 0.2255859375 0.828598484375
0 0.2646484375 0.828598484375 0.267578125 0.8180296265625 0.26953125 0.7926643671875 0.3046875 0.24308373906249997 0.3046875 0.2219460234375 0.3017578125 0.2156047078125 0.2744140625 0.2156047078125 0.271484375 0.2219460234375 0.26953125 0.234628653125 0.236328125 0.71234104375 0.232421875 0.7842092796875 0.232421875 0.8222571703125 0.2353515625 0.828598484375 0.2646484375 0.828598484375
0 0.298828125 0.8264847124999999 0.3125 0.6024249187499999 0.333984375 0.2134909359375 0.333984375 0.1838981328125 0.3310546875 0.17755681875 0.3232421875 0.173329275 0.3115234375 0.17755681875 0.30859375 0.1838981328125 0.306640625 0.20503585000000002 0.26953125 0.7799817375 0.267578125 0.8264847124999999 0.2705078125 0.832826028125 0.2958984375 0.832826028125 0.298828125 0.8264847124999999
0 0.3203125 0.801119453125 0.353515625 0.20080830624999998 0.353515625 0.175443046875 0.3515625 0.166987959375 0.3466796875 0.1606466453125 0.3408203125 0.1606466453125 0.337890625 0.166987959375 0.3359375 0.1881256765625 0.3203125 0.45023336093750005 0.298828125 0.8222571703125 0.3017578125 0.832826028125 0.3154296875 0.832826028125 0.3203125 0.801119453125
0 0.357421875 0.8349398000000001 0.361328125 0.8053469968750001 0.369140625 0.6616105250000001 0.38671875 0.20503585000000002 0.38671875 0.1923532203125 0.3837890625 0.1860119046875 0.3779296875 0.1817843609375 0.3583984375 0.1817843609375 0.35546875 0.1881256765625 0.353515625 0.20080830624999998 0.3203125 0.7842092796875 0.318359375 0.8264847124999999 0.3232421875 0.8370535718750001 0.3505859375 0.8412811140625 0.357421875 0.8349398000000001
0 0.40234375 0.83916734375 0.412109375 0.6489278953125 0.423828125 0.20503585000000002 0.423828125 0.1923532203125 0.421875 0.1796705890625 0.4189453125 0.173329275 0.4150390625 0.16910173125 0.4033203125 0.1648741890625 0.3916015625 0.16910173125 0.388671875 0.175443046875 0.376953125 0.6066524624999999 0.375 0.83916734375 0.3759765625 0.8412811140625 0.4013671875 0.8412811140625 0.40234375 0.83916734375
0 0.447265625 0.83916734375 0.44921875 0.7799817375 0.455078125 0.25576636875 0.455078125 0.2092633921875 0.4501953125 0.198694534375 0.4443359375 0.194466990625 0.4287109375 0.194466990625 0.42578125 0.20080830624999998 0.423828125 0.226173565625 0.41796875 0.5263291390625 0.4140625 0.83916734375 0.4208984375 0.8455086578125 0.4443359375 0.8455086578125 0.447265625 0.83916734375
0 0.490234375 0.8433948859375 0.4921875 0.6277901781249999 0.4921875 0.21771847968750002 0.4873046875 0.202922078125 0.4677734375 0.198694534375 0.4609375 0.20503585000000002 0.45703125 0.226173565625 0.455078125 0.8433948859375 0.4658203125 0.8497362015625001 0.4873046875 0.8497362015625001 0.490234375 0.8433948859375
0 0.5009765625 0.8539637453125 0.5126953125 0.8539637453125 0.515625 0.8476224296874999 0.515625 0.7799817375 0.509765625 0.234628653125 0.5029296875 0.22405979375 0.4970703125 0.22405979375 0.494140625 0.23040110937499997 0.494140625 0.71234104375 0.49609375 0.8476224296874999 0.5009765625 0.8539637453125
0 0.5439453125 0.8539637453125 0.546875 0.8476224296874999 0.546875 0.695430871875 0.541015625 0.251538825 0.5390625 0.175443046875 0.5322265625 0.1648741890625 0.5146484375 0.1648741890625 0.5087890625 0.173329275 0.501953125 0.1923532203125 0.498046875 0.21771847968750002 0.515625 0.8476224296874999 0.5205078125 0.8539637453125 0.5439453125 0.8539637453125
0 0.5478515625 0.608766234375 0.560546875 0.6024249187499999 0.560546875 0.5432393125 0.556640625 0.34877232187499996 0.5537109375 0.34243100625 0.5458984375 0.3382034625 0.54296875 0.344544778125 0.54296875 0.4798261640625 0.544921875 0.6024249187499999 0.5478515625 0.608766234375
0 0.5693359375 0.8539637453125 0.5751953125 0.8581912875000001 0.6064453125 0.8581912875000001 0.607421875 0.8560775156249999 0.607421875 0.8138020828125001 0.603515625 0.6193350921875 0.591796875 0.31072443125000004 0.5869140625 0.3001555734375 0.5556640625 0.3001555734375 0.548828125 0.31917951875 0.546875 0.3276346046875 0.546875 0.3360896921875 0.56640625 0.8476224296874999 0.5693359375 0.8539637453125
0 0.61328125 0.8433948859375 0.6162109375 0.8497362015625001 0.6455078125 0.86241883125 0.6630859375 0.86241883125 0.6787109375 0.8581912875000001 0.681640625 0.8476224296874999 0.6796875 0.8180296265625 0.638671875 0.25576636875 0.634765625 0.2134909359375 0.6328125 0.20503585000000002 0.6298828125 0.198694534375 0.6064453125 0.198694534375 0.599609375 0.2134909359375 0.583984375 0.2684489984375 0.580078125 0.28535917187500004 0.580078125 0.293814259375 0.611328125 0.8264847124999999 0.61328125 0.8433948859375
0 0.7001953125 0.866646375 0.7138671875 0.866646375 0.71875 0.860305059375 0.71875 0.8476224296874999 0.6640625 0.1881256765625 0.6591796875 0.17755681875 0.6533203125 0.173329275 0.6357421875 0.173329275 0.6318359375 0.17755681875 0.626953125 0.1881256765625 0.681640625 0.8560775156249999 0.6845703125 0.86241883125 0.7001953125 0.866646375
0 0.71875 0.8560775156249999 0.7216796875 0.866646375 0.7353515625 0.8708739171875 0.7568359375 0.8708739171875 0.76171875 0.860305059375 0.759765625 0.8138020828125001 0.71484375 0.26422145625 0.70703125 0.226173565625 0.7041015625 0.21983225156250003 0.6728515625 0.21983225156250003 0.669921875 0.226173565625 0.669921875 0.2684489984375 0.7109375 0.77575419375 0.71875 0.8560775156249999
0 0.765625 0.864532603125 0.7724609375 0.8708739171875 0.8134765625 0.8708739171875 0.814453125 0.8687601468749999 0.814453125 0.8476224296874999 0.796875 0.6404728078125 0.755859375 0.1923532203125 0.75390625 0.1838981328125 0.7490234375 0.17755681875 0.7255859375 0.17755681875 0.7216796875 0.1817843609375 0.708984375 0.2092633921875 0.70703125 0.21771847968750002 0.70703125 0.226173565625 0.7578125 0.7884368234375 0.765625 0.864532603125
0 0.8369140625 0.8751014609375 0.8525390625 0.8751014609375 0.8623046875 0.8708739171875 0.865234375 0.864532603125 0.865234375 0.8518499734375 0.791015625 0.1881256765625 0.787109375 0.166987959375 0.7802734375 0.1564191015625 0.7626953125 0.1564191015625 0.7568359375 0.1606466453125 0.75 0.175443046875 0.81640625 0.864532603125 0.8193359375 0.8708739171875 0.8369140625 0.8751014609375
0 0.8681640625 0.8751014609375 0.9072265625 0.8751014609375 0.912109375 0.864532603125 0.8359375 0.1627604171875 0.8291015625 0.1521915578125 0.8095703125 0.1521915578125 0.7978515625 0.1648741890625 0.791015625 0.1796705890625 0.791015625 0.20080830624999998 0.865234375 0.8687601468749999 0.8681640625 0.8751014609375
0 0.9130859375 0.8793290046875001 0.9228515625 0.883556546875 0.9384765625 0.883556546875 0.939453125 0.8814427765625 0.939453125 0.864532603125 0.88671875 0.314951975 0.875 0.2134909359375 0.8701171875 0.20714962187500002 0.8623046875 0.202922078125 0.8525390625 0.202922078125 0.8466796875 0.20714962187500002 0.841796875 0.21771847968750002 0.841796875 0.226173565625 0.91015625 0.8729876890625 0.9130859375 0.8793290046875001