1 0 0.6658380687500001 0.0009765625 0.6679518390625 0.0302734375 0.6679518390625 0.033203125 0.6616105250000001 0.03515625 0.598197375 0.0322265625 0.5918560609375 0.0029296875 0.5918560609375 0 0.598197375 0 0.6658380687500001
1 0.0693359375 0.6679518390625 0.072265625 0.6616105250000001 0.07421875 0.598197375 0.0712890625 0.5918560609375 0.0595703125 0.5918560609375 0.0361328125 0.5960836031250001 0.03515625 0.598197375 0.033203125 0.6362452656250001 0.033203125 0.6616105250000001 0.0361328125 0.6679518390625 0.0693359375 0.6679518390625
1 0.0947265625 0.6383590375 0.09375 0.6404728078125 0.0947265625 0.6425865796875 0.09765625 0.6404728078125 0.0947265625 0.6383590375
1 0.1259765625 0.6679518390625 0.126953125 0.6658380687500001 0.12890625 0.6573829812499999 0.12890625 0.598197375 0.1279296875 0.5960836031250001 0.0751953125 0.5960836031250001 0.07421875 0.598197375 0.072265625 0.6362452656250001 0.072265625 0.6658380687500001 0.0732421875 0.6679518390625 0.1259765625 0.6679518390625
1 0.1513671875 0.6848620125 0.1572265625 0.6764069265625 0.16015625 0.6573829812499999 0.16015625 0.6235626359374999 0.1533203125 0.608766234375 0.1474609375 0.604538690625 0.1318359375 0.604538690625 0.130859375 0.6066524624999999 0.12890625 0.6193350921875 0.12890625 0.6785206984375 0.1318359375 0.6848620125 0.1513671875 0.6848620125
1 0.2177734375 0.6721793828125 0.21875 0.6700656109375001 0.220703125 0.6447003515625 0.220703125 0.6024249187499999 0.2197265625 0.600311146875 0.1884765625 0.5960836031250001 0.1650390625 0.5960836031250001 0.1640625 0.598197375 0.162109375 0.6151075484375 0.162109375 0.6700656109375001 0.1630859375 0.6721793828125 0.2177734375 0.6721793828125
1 0.2431640625 0.6721793828125 0.2490234375 0.6679518390625 0.251953125 0.6489278953125 0.251953125 0.598197375 0.2509765625 0.5960836031250001 0.2236328125 0.5960836031250001 0.22265625 0.598197375 0.220703125 0.6277901781249999 0.220703125 0.6658380687500001 0.2216796875 0.6679518390625 0.2431640625 0.6721793828125
1 0.2919921875 0.6679518390625 0.29296875 0.6658380687500001 0.294921875 0.6447003515625 0.294921875 0.598197375 0.2939453125 0.5960836031250001 0.2802734375 0.5918560609375 0.2568359375 0.5918560609375 0.25390625 0.598197375 0.251953125 0.6277901781249999 0.251953125 0.6658380687500001 0.2529296875 0.6679518390625 0.2919921875 0.6679518390625
1 0.3603515625 0.6679518390625 0.361328125 0.6658380687500001 0.36328125 0.6573829812499999 0.365234375 0.6193350921875 0.365234375 0.6024249187499999 0.3623046875 0.5960836031250001 0.3427734375 0.5918560609375 0.3251953125 0.5918560609375 0.32421875 0.5939698328125 0.322265625 0.6151075484375 0.322265625 0.6658380687500001 0.3232421875 0.6679518390625 0.3603515625 0.6679518390625
1 0.3193359375 0.6679518390625 0.322265625 0.6489278953125 0.322265625 0.598197375 0.3212890625 0.5960836031250001 0.3076171875 0.5918560609375 0.2978515625 0.5918560609375 0.296875 0.5939698328125 0.294921875 0.6108800046875 0.294921875 0.6658380687500001 0.2958984375 0.6679518390625 0.3193359375 0.6679518390625
1 0.3857421875 0.659496753125 0.4013671875 0.659496753125 0.40234375 0.6573829812499999 0.404296875 0.6447003515625 0.404296875 0.5897422890625 0.4013671875 0.5834009734375 0.3701171875 0.57917343125 0.3671875 0.5855147453125 0.365234375 0.6024249187499999 0.365234375 0.6531554390625 0.3662109375 0.655269209375 0.3857421875 0.659496753125
1 0.4482421875 0.6679518390625 0.4541015625 0.6679518390625 0.45703125 0.6616105250000001 0.458984375 0.6447003515625 0.458984375 0.5939698328125 0.4580078125 0.5918560609375 0.4111328125 0.5834009734375 0.4091796875 0.5834009734375 0.40625 0.5897422890625 0.404296875 0.6151075484375 0.404296875 0.6573829812499999 0.4052734375 0.659496753125 0.4482421875 0.6679518390625
1 0.4951171875 0.663724296875 0.49609375 0.6616105250000001 0.498046875 0.6235626359374999 0.498046875 0.5939698328125 0.4931640625 0.5876285171875 0.4716796875 0.5876285171875 0.46875 0.5939698328125 0.46875 0.6616105250000001 0.4697265625 0.663724296875 0.4951171875 0.663724296875
1 0.5205078125 0.6679518390625 0.5234375 0.6616105250000001 0.5234375 0.5939698328125 0.5224609375 0.5918560609375 0.5009765625 0.5918560609375 0.5 0.5939698328125 0.5 0.6616105250000001 0.5107421875 0.6679518390625 0.5205078125 0.6679518390625
1 0.5634765625 0.663724296875 0.564453125 0.6616105250000001 0.564453125 0.5939698328125 0.5615234375 0.5876285171875 0.5263671875 0.5876285171875 0.525390625 0.5897422890625 0.5234375 0.6151075484375 0.5234375 0.6573829812499999 0.5263671875 0.663724296875 0.5634765625 0.663724296875
1 0.5966796875 0.663724296875 0.599609375 0.6573829812499999 0.599609375 0.5897422890625 0.5986328125 0.5876285171875 0.5673828125 0.5876285171875 0.56640625 0.5897422890625 0.56640625 0.6616105250000001 0.5673828125 0.663724296875 0.5966796875 0.663724296875
1 0.6240234375 0.663724296875 0.625 0.6616105250000001 0.625 0.5855147453125 0.6240234375 0.5834009734375 0.6044921875 0.5834009734375 0.6015625 0.5897422890625 0.599609375 0.6193350921875 0.599609375 0.6573829812499999 0.6025390625 0.663724296875 0.6240234375 0.663724296875
1 0.6943359375 0.663724296875 0.7080078125 0.663724296875 0.708984375 0.6616105250000001 0.708984375 0.5897422890625 0.7080078125 0.5876285171875 0.6904296875 0.5834009734375 0.6748046875 0.5834009734375 0.6708984375 0.5876285171875 0.669921875 0.5897422890625 0.669921875 0.6573829812499999 0.6708984375 0.659496753125 0.6943359375 0.663724296875
1 0.7587890625 0.6721793828125 0.76171875 0.6658380687500001 0.76171875 0.5939698328125 0.7607421875 0.5918560609375 0.7470703125 0.5876285171875 0.7119140625 0.5876285171875 0.7109375 0.5897422890625 0.7109375 0.6616105250000001 0.7119140625 0.663724296875 0.7587890625 0.6721793828125
1 0.7822265625 0.659496753125 0.7958984375 0.663724296875 0.8251953125 0.663724296875 0.828125 0.6573829812499999 0.826171875 0.5855147453125 0.8251953125 0.5834009734375 0.7783203125 0.5834009734375 0.77734375 0.5855147453125 0.775390625 0.6151075484375 0.77734375 0.6531554390625 0.7783203125 0.655269209375 0.7822265625 0.659496753125
1 0.8505859375 0.663724296875 0.853515625 0.6573829812499999 0.853515625 0.5939698328125 0.8505859375 0.5876285171875 0.8310546875 0.5876285171875 0.828125 0.5939698328125 0.828125 0.6573829812499999 0.8291015625 0.659496753125 0.8505859375 0.663724296875
1 0.8955078125 0.6764069265625 0.900390625 0.6700656109375001 0.900390625 0.6024249187499999 0.8994140625 0.600311146875 0.8583984375 0.600311146875 0.857421875 0.6024249187499999 0.857421875 0.6658380687500001 0.8603515625 0.6721793828125 0.8955078125 0.6764069265625
0 0 0.9110355796875 0.0009765625 0.91314935 0.0126953125 0.91314935 0.0205078125 0.9089218078125001 0.025390625 0.89412540625 0.08203125 0.20080830624999998 0.083984375 0.166987959375 0.083984375 0.12894007031250002 0.0791015625 0.1183712125 0.0380859375 0.06764069218749999 0.0048828125 0.0718682359375 0.0009765625 0.0760957796875 0 0.07820955156250001 0 0.9110355796875
0 0.0634765625 0.9089218078125001 0.06640625 0.9025804921875 0.0703125 0.801119453125 0.08203125 0.251538825 0.08203125 0.24308373906249997 0.0771484375 0.23251488125000003 0.0478515625 0.23251488125000003 0.04296875 0.24308373906249997 0.033203125 0.6277901781249999 0.02734375 0.864532603125 0.02734375 0.9025804921875 0.0302734375 0.9089218078125001 0.0634765625 0.9089218078125001
0 0.1083984375 0.91314935 0.1181640625 0.9089218078125001 0.12109375 0.8983529484374999 0.12890625 0.6616105250000001 0.14453125 0.10357481093750001 0.14453125 0.0866646375 0.1416015625 0.08032332187499999 0.1318359375 0.0718682359375 0.0966796875 0.0718682359375 0.0888671875 0.08032332187499999 0.0859375 0.0866646375 0.080078125 0.28535917187500004 0.06640625 0.8983529484374999 0.0712890625 0.9089218078125001 0.0791015625 0.91314935 0.1083984375 0.91314935
0 0.15234375 0.8983529484374999 0.216796875 0.1627604171875 0.2109375 0.1331676140625 0.2021484375 0.11414366875 0.1845703125 0.088778409375 0.1669921875 0.06764069218749999 0.1513671875 0.06764069218749999 0.1474609375 0.0718682359375 0.14453125 0.08243709375 0.12890625 0.6108800046875 0.12109375 0.9110355796875 0.1220703125 0.91314935 0.1494140625 0.91314935 0.15234375 0.8983529484374999
0 0.2080078125 0.91314935 0.2109375 0.9068080359374999 0.21875 0.72079613125 0.23046875 0.26422145625 0.23046875 0.1881256765625 0.2236328125 0.17755681875 0.1962890625 0.17755681875 0.1806640625 0.1817843609375 0.177734375 0.1881256765625 0.158203125 0.6996584140625 0.154296875 0.8433948859375 0.154296875 0.9068080359374999 0.1572265625 0.91314935 0.2080078125 0.91314935
0 0.2421875 0.9110355796875 0.244140625 0.8687601468749999 0.251953125 0.6489278953125 0.267578125 0.1416227 0.267578125 0.061299378125000005 0.2607421875 0.050730518749999995 0.2412109375 0.050730518749999995 0.23828125 0.057071834375 0.220703125 0.6235626359374999 0.212890625 0.9110355796875 0.2138671875 0.91314935 0.2412109375 0.91314935 0.2421875 0.9110355796875
0 0.28515625 0.9068080359374999 0.33203125 0.061299378125000005 0.33203125 0.057071834375 0.322265625 0.02747903125 0.3173828125 0.016910173437500002 0.3134765625 0.012682629687499999 0.2783203125 0.008455085937499999 0.2734375 0.0147964015625 0.271484375 0.031706575 0.24609375 0.7968919109375 0.244140625 0.9068080359374999 0.2470703125 0.91314935 0.2822265625 0.91314935 0.28515625 0.9068080359374999
0 0.3095703125 0.91314935 0.3125 0.9068080359374999 0.322265625 0.6616105250000001 0.337890625 0.171215503125 0.33984375 0.10357481093750001 0.33984375 0.07820955156250001 0.337890625 0.0697544640625 0.3330078125 0.06341315 0.3173828125 0.06764069218749999 0.3125 0.07820955156250001 0.310546875 0.107802353125 0.28515625 0.8898978625 0.28515625 0.9068080359374999 0.2880859375 0.91314935 0.3095703125 0.91314935
0 0.3525390625 0.91314935 0.353515625 0.9110355796875 0.35546875 0.8772152328124999 0.365234375 0.6151075484375 0.380859375 0.112029896875 0.380859375 0.0866646375 0.3759765625 0.0760957796875 0.3583984375 0.0718682359375 0.3427734375 0.0718682359375 0.33984375 0.0866646375 0.3203125 0.6573829812499999 0.314453125 0.8560775156249999 0.314453125 0.9068080359374999 0.3173828125 0.91314935 0.3525390625 0.91314935
0 0.3642578125 0.91314935 0.3876953125 0.91314935 0.392578125 0.9025804921875 0.435546875 0.052844290625 0.435546875 0.040161660937499996 0.431640625 0.02747903125 0.4208984375 0.008455085937499999 0.4150390625 0.00422754375 0.4013671875 0.00422754375 0.3916015625 0.008455085937499999 0.388671875 0.0147964015625 0.3828125 0.1331676140625 0.376953125 0.289586715625 0.35546875 0.8729876890625 0.35546875 0.8983529484374999 0.3583984375 0.9089218078125001 0.3642578125 0.91314935
0 0.4423828125 0.91314935 0.4462890625 0.9089218078125001 0.44921875 0.89412540625 0.458984375 0.6573829812499999 0.4765625 0.1331676140625 0.4765625 0.0866646375 0.4658203125 0.06341315 0.4443359375 0.05918560625 0.4267578125 0.05918560625 0.423828125 0.0655269203125 0.3984375 0.801119453125 0.396484375 0.9025804921875 0.3994140625 0.9089218078125001 0.4248046875 0.91314935 0.4423828125 0.91314935
0 0.4873046875 0 0.482421875 0.0105688578125 0.48046875 0.019023945312500002 0.474609375 0.28535917187500004 0.462890625 0.9025804921875 0.4677734375 0.91314935 0.4892578125 0.91314935 0.4921875 0.9068080359374999 0.515625 0.07820955156250001 0.513671875 0.035934117187499996 0.51171875 0.019023945312500002 0.509765625 0.0105688578125 0.5048828125 0 0.4873046875 0
0 0.51953125 0.9110355796875 0.521484375 0.8476224296874999 0.5234375 0.7419338468750001 0.53125 0.11625744062500001 0.53125 0.107802353125 0.5283203125 0.1014610390625 0.5185546875 0.0972334953125 0.5146484375 0.0972334953125 0.5087890625 0.1014610390625 0.505859375 0.12048498437499999 0.498046875 0.6320177218749999 0.494140625 0.9025804921875 0.4990234375 0.91314935 0.5185546875 0.91314935 0.51953125 0.9110355796875
0 0.560546875 0.9068080359374999 0.5625 0.8264847124999999 0.568359375 0.2769040859375 0.568359375 0.10357481093750001 0.5654296875 0.0972334953125 0.5576171875 0.093005953125 0.5380859375 0.093005953125 0.53125 0.10357481093750001 0.5234375 0.6108800046875 0.521484375 0.9068080359374999 0.5244140625 0.91314935 0.5576171875 0.91314935 0.560546875 0.9068080359374999
0 0.5810546875 0.5242153671875001 0.580078125 0.5263291390625 0.5810546875 0.5284429109375 0.58203125 0.5263291390625 0.5810546875 0.5242153671875001
0 0.5751953125 0 0.572265625 0.0105688578125 0.56640625 0.5770596593749999 0.564453125 0.9068080359374999 0.5673828125 0.91314935 0.5927734375 0.91314935 0.595703125 0.9068080359374999 0.609375 0.0486167484375 0.609375 0.0105688578125 0.6064453125 0 0.5751953125 0
0 0.623046875 0.9068080359374999 0.625 0.7968919109375 0.62890625 0.2769040859375 0.62890625 0.1416227 0.6279296875 0.139508928125 0.6083984375 0.139508928125 0.60546875 0.1500777875 0.599609375 0.6235626359374999 0.59765625 0.9068080359374999 0.6005859375 0.91314935 0.6201171875 0.91314935 0.623046875 0.9068080359374999
0 0.6376953125 0.91314935 0.6650390625 0.91314935 0.66796875 0.9068080359374999 0.671875 0.344544778125 0.671875 0.10357481093750001 0.6708984375 0.1014610390625 0.6357421875 0.1014610390625 0.6318359375 0.1056885828125 0.62890625 0.11625744062500001 0.625 0.598197375 0.625 0.9025804921875 0.6279296875 0.9089218078125001 0.6376953125 0.91314935
0 0.6767578125 0.91314935 0.7041015625 0.91314935 0.708984375 0.9025804921875 0.712890625 0.02747903125 0.7099609375 0.016910173437500002 0.6826171875 0.016910173437500002 0.6787109375 0.0211377171875 0.673828125 0.031706575 0.671875 0.040161660937499996 0.666015625 0.0866646375 0.66796875 0.8983529484374999 0.6708984375 0.9089218078125001 0.6767578125 0.91314935
0 0.7138671875 0.9089218078125001 0.7197265625 0.91314935 0.7548828125 0.91314935 0.759765625 0.9025804921875 0.765625 0.0655269203125 0.765625 0.019023945312500002 0.7587890625 0.008455085937499999 0.7314453125 0.008455085937499999 0.7197265625 0.012682629687499999 0.712890625 0.02747903125 0.7109375 0.344544778125 0.708984375 0.8180296265625 0.708984375 0.8772152328124999 0.7109375 0.9025804921875 0.7138671875 0.9089218078125001
0 0.7744140625 0.9004667203125001 0.7841796875 0.9046942640625 0.8232421875 0.9046942640625 0.828125 0.89412540625 0.826171875 0.10357481093750001 0.8232421875 0.093005953125 0.7900390625 0.093005953125 0.7802734375 0.1014610390625 0.765625 0.1331676140625 0.763671875 0.2684489984375 0.763671875 0.8772152328124999 0.765625 0.89412540625 0.7744140625 0.9004667203125001
0 0.8505859375 0.9004667203125001 0.8515625 0.8983529484374999 0.853515625 0.864532603125 0.85546875 0.112029896875 0.8486328125 0.1014610390625 0.8369140625 0.1014610390625 0.8310546875 0.1056885828125 0.828125 0.112029896875 0.826171875 0.6912033281250001 0.828125 0.89412540625 0.8310546875 0.9004667203125001 0.8505859375 0.9004667203125001
0 0.8974609375 0.896239178125 0.900390625 0.8814427765625 0.90234375 0.3022693453125 0.900390625 0.112029896875 0.8974609375 0.1056885828125 0.8662109375 0.1056885828125 0.8623046875 0.109916125 0.85546875 0.12471252656250001 0.853515625 0.8856703187500001 0.8564453125 0.892011634375 0.8623046875 0.896239178125 0.8974609375 0.896239178125