1 0.3076171875 0.663724296875 0.3173828125 0.655269209375 0.3330078125 0.6383590375 0.33984375 0.6277901781249999 0.33984375 0.6151075484375 0.3271484375 0.5622632578125 0.3212890625 0.5622632578125 0.2900390625 0.5918560609375 0.287109375 0.598197375 0.30078125 0.6573829812499999 0.3037109375 0.663724296875 0.3076171875 0.663724296875
1 0.3603515625 0.6679518390625 0.3876953125 0.6425865796875 0.3935546875 0.63413149375 0.3984375 0.6193350921875 0.3984375 0.6108800046875 0.3857421875 0.5580357140625 0.3837890625 0.5580357140625 0.3388671875 0.600311146875 0.337890625 0.6066524624999999 0.3515625 0.6616105250000001 0.3544921875 0.6679518390625 0.3603515625 0.6679518390625
1 0.4208984375 0.6721793828125 0.4228515625 0.6721793828125 0.4384765625 0.655269209375 0.44140625 0.6489278953125 0.44140625 0.6277901781249999 0.431640625 0.5855147453125 0.4267578125 0.5749458875 0.4091796875 0.600311146875 0.40625 0.6066524624999999 0.40625 0.6151075484375 0.416015625 0.6573829812499999 0.4208984375 0.6721793828125
1 0.4560546875 0.659496753125 0.4619140625 0.659496753125 0.509765625 0.6108800046875 0.498046875 0.5516943999999999 0.4931640625 0.541125540625 0.4423828125 0.5918560609375 0.44140625 0.5939698328125 0.44140625 0.6024249187499999 0.451171875 0.6447003515625 0.4560546875 0.659496753125
1 0.5263671875 0.6721793828125 0.5302734375 0.6721793828125 0.546875 0.6404728078125 0.546875 0.6235626359374999 0.5341796875 0.5707183437500001 0.5302734375 0.5707183437500001 0.5107421875 0.5876285171875 0.5078125 0.5939698328125 0.5078125 0.598197375 0.5234375 0.6658380687500001 0.5263671875 0.6721793828125
1 0.5576171875 0.659496753125 0.5830078125 0.63413149375 0.5859375 0.6277901781249999 0.5859375 0.6193350921875 0.583984375 0.6066524624999999 0.5732421875 0.5622632578125 0.5712890625 0.5622632578125 0.5458984375 0.5876285171875 0.541015625 0.598197375 0.552734375 0.6531554390625 0.5556640625 0.659496753125 0.5576171875 0.659496753125
1 0.591796875 0.6447003515625 0.5966796875 0.655269209375 0.5986328125 0.655269209375 0.62109375 0.6320177218749999 0.62109375 0.6193350921875 0.619140625 0.6066524624999999 0.611328125 0.568604571875 0.6083984375 0.5622632578125 0.5830078125 0.5876285171875 0.58203125 0.5897422890625 0.58203125 0.598197375 0.583984375 0.6108800046875 0.591796875 0.6447003515625
1 0.6279296875 0.6425865796875 0.6357421875 0.6425865796875 0.6572265625 0.6214488640625 0.66015625 0.6151075484375 0.66015625 0.6024249187499999 0.650390625 0.5559219421875 0.6474609375 0.549580628125 0.6435546875 0.549580628125 0.6162109375 0.5749458875 0.615234375 0.5770596593749999 0.615234375 0.5897422890625 0.625 0.6362452656250001 0.6279296875 0.6425865796875
1 0.671875 0.6404728078125 0.6787109375 0.6510416671875 0.6826171875 0.6510416671875 0.6884765625 0.6468141234375 0.716796875 0.6193350921875 0.716796875 0.6108800046875 0.712890625 0.5855147453125 0.70703125 0.5516943999999999 0.7041015625 0.5453530843750001 0.6650390625 0.57917343125 0.662109375 0.5855147453125 0.662109375 0.5897422890625 0.666015625 0.6151075484375 0.671875 0.6404728078125
1 0.8310546875 0.6425865796875 0.833984375 0.6362452656250001 0.8359375 0.6151075484375 0.8359375 0.572832115625 0.8349609375 0.5707183437500001 0.8154296875 0.5664908015625 0.7626953125 0.5664908015625 0.759765625 0.572832115625 0.7578125 0.5897422890625 0.7578125 0.6320177218749999 0.7607421875 0.6383590375 0.8310546875 0.6425865796875
1 0.880859375 0.6193350921875 0.8828125 0.581287203125 0.8828125 0.5559219421875 0.8818359375 0.5538081703125 0.8447265625 0.5538081703125 0.841796875 0.5643770296875 0.83984375 0.6193350921875 0.8427734375 0.62567640625 0.8779296875 0.62567640625 0.880859375 0.6193350921875
1 0.9189453125 0.62567640625 0.919921875 0.6235626359374999 0.921875 0.6151075484375 0.923828125 0.5643770296875 0.923828125 0.5601494859375 0.9208984375 0.5538081703125 0.8857421875 0.5538081703125 0.884765625 0.5559219421875 0.8828125 0.572832115625 0.8828125 0.6193350921875 0.8857421875 0.62567640625 0.9189453125 0.62567640625
1 0.9404296875 0.62990395 0.9453125 0.6193350921875 0.947265625 0.5601494859375 0.9462890625 0.5580357140625 0.9248046875 0.5580357140625 0.923828125 0.5601494859375 0.921875 0.5897422890625 0.921875 0.6235626359374999 0.9306640625 0.62990395 0.9404296875 0.62990395
0 0.3525390625 0.8793290046875001 0.3564453125 0.8793290046875001 0.3720703125 0.8708739171875 0.3837890625 0.8581912875000001 0.38671875 0.8518499734375 0.388671875 0.83916734375 0.310546875 0.2092633921875 0.296875 0.1416227 0.275390625 0.052844290625 0.2724609375 0.0465029765625 0.2646484375 0.0422754328125 0.2392578125 0.033820346875000004 0.2041015625 0.033820346875000004 0.1767578125 0.05918560625 0.169921875 0.0739820078125 0.169921875 0.08243709375 0.34765625 0.8729876890625 0.3525390625 0.8793290046875001
0 0.33203125 0.581287203125 0.400390625 0.8729876890625 0.4033203125 0.8793290046875001 0.4130859375 0.8793290046875001 0.4365234375 0.8581912875000001 0.439453125 0.8518499734375 0.4453125 0.8222571703125 0.4453125 0.801119453125 0.4375 0.7588440203125 0.42578125 0.7038859578125 0.3203125 0.2473112828125 0.3134765625 0.23251488125000003 0.3056640625 0.23251488125000003 0.2666015625 0.26633522656249997 0.265625 0.2684489984375 0.265625 0.281131628125 0.267578125 0.293814259375 0.33203125 0.581287203125
0 0.4697265625 0.8793290046875001 0.4755859375 0.8793290046875001 0.4833984375 0.8708739171875 0.490234375 0.8560775156249999 0.490234375 0.8476224296874999 0.48828125 0.8349398000000001 0.443359375 0.6362452656250001 0.3125 0.0739820078125 0.3046875 0.0443892046875 0.2998046875 0.033820346875000004 0.2919921875 0.0380478890625 0.2802734375 0.050730518749999995 0.279296875 0.052844290625 0.279296875 0.0697544640625 0.466796875 0.8729876890625 0.4697265625 0.8793290046875001
0 0.3154296875 0 0.314453125 0.002113771875 0.314453125 0.019023945312500002 0.318359375 0.0443892046875 0.4375 0.5897422890625 0.49609375 0.83916734375 0.5048828125 0.86241883125 0.5107421875 0.86241883125 0.5185546875 0.8581912875000001 0.5380859375 0.8412811140625 0.546875 0.8264847124999999 0.54296875 0.7630715640625 0.5390625 0.7377063046875 0.37890625 0.0147964015625 0.3740234375 0 0.3154296875 0
0 0.59375 0.8518499734375 0.5986328125 0.86241883125 0.6044921875 0.86241883125 0.6240234375 0.8455086578125 0.62890625 0.8349398000000001 0.62890625 0.83071225625 0.623046875 0.7968919109375 0.51953125 0.289586715625 0.47265625 0.0697544640625 0.4638671875 0.0380478890625 0.4541015625 0.0380478890625 0.4404296875 0.050730518749999995 0.435546875 0.061299378125000005 0.43359375 0.0697544640625 0.43359375 0.09089218125000001 0.435546875 0.107802353125 0.59375 0.8518499734375
0 0.466796875 0.41218547031249997 0.564453125 0.8560775156249999 0.5673828125 0.86241883125 0.5771484375 0.86241883125 0.5888671875 0.8497362015625001 0.591796875 0.8433948859375 0.591796875 0.83916734375 0.58203125 0.7884368234375 0.54296875 0.6024249187499999 0.4375 0.11625744062500001 0.4306640625 0.0972334953125 0.4248046875 0.0972334953125 0.4111328125 0.11414366875 0.408203125 0.12048498437499999 0.408203125 0.1331676140625 0.416015625 0.175443046875 0.466796875 0.41218547031249997
0 0.6328125 0.8476224296874999 0.6376953125 0.8581912875000001 0.6435546875 0.8581912875000001 0.6552734375 0.8455086578125 0.662109375 0.83071225625 0.6171875 0.5939698328125 0.5625 0.31917951875 0.5078125 0.0486167484375 0.5029296875 0.0380478890625 0.5009765625 0.0380478890625 0.4833984375 0.0549580625 0.478515625 0.0655269203125 0.478515625 0.0697544640625 0.591796875 0.6489278953125 0.6328125 0.8476224296874999
0 0.662109375 0.8264847124999999 0.6669921875 0.8412811140625 0.6728515625 0.8455086578125 0.6865234375 0.8412811140625 0.69140625 0.8349398000000001 0.6953125 0.8180296265625 0.6953125 0.801119453125 0.662109375 0.6108800046875 0.5546875 0.040161660937499996 0.55078125 0.0232514875 0.5478515625 0.016910173437500002 0.5126953125 0.029592803125 0.509765625 0.035934117187499996 0.509765625 0.0443892046875 0.513671875 0.0697544640625 0.662109375 0.8264847124999999
0 0.69921875 0.801119453125 0.7119140625 0.8581912875000001 0.7255859375 0.8581912875000001 0.7392578125 0.8497362015625001 0.7470703125 0.8412811140625 0.75 0.8349398000000001 0.75 0.809574540625 0.623046875 0.035934117187499996 0.619140625 0.019023945312500002 0.6142578125 0.008455085937499999 0.6083984375 0.00422754375 0.5927734375 0.00422754375 0.5712890625 0.025365259374999997 0.56640625 0.035934117187499996 0.56640625 0.040161660937499996 0.666015625 0.6193350921875 0.69921875 0.801119453125
0 0.6787109375 0 0.6669921875 0.00422754375 0.6630859375 0.008455085937499999 0.66015625 0.0147964015625 0.66015625 0.1331676140625 0.662109375 0.2684489984375 0.6640625 0.289586715625 0.75 0.8433948859375 0.7568359375 0.8539637453125 0.8251953125 0.8497362015625001 0.828125 0.8433948859375 0.830078125 0.83071225625 0.857421875 0.0105688578125 0.8544921875 0 0.6787109375 0
0 0.8603515625 0 0.857421875 0.019023945312500002 0.833984375 0.6996584140625 0.830078125 0.83916734375 0.8330078125 0.8455086578125 0.8447265625 0.8497362015625001 0.8583984375 0.8497362015625001 0.8701171875 0.8455086578125 0.873046875 0.83916734375 0.90625 0.0486167484375 0.90625 0.002113771875 0.9052734375 0 0.8603515625 0
0 0.9111328125 0 0.908203125 0.0105688578125 0.900390625 0.1543053296875 0.875 0.7546164765625 0.873046875 0.83916734375 0.8779296875 0.8497362015625001 0.9072265625 0.8497362015625001 0.912109375 0.83916734375 0.916015625 0.7546164765625 0.94921875 0.0147964015625 0.94921875 0.0105688578125 0.9462890625 0 0.9111328125 0
0 0.9521484375 0 0.94921875 0.006341315625000001 0.91796875 0.6742931546875 0.912109375 0.809574540625 0.912109375 0.8433948859375 0.9150390625 0.8497362015625001 0.9306640625 0.8497362015625001 0.935546875 0.8349398000000001 0.966796875 0.1838981328125 0.974609375 0.006341315625000001 0.9736328125 0 0.9521484375 0
0 0.9873046875 0 0.984375 0.006341315625000001 0.94921875 0.522101596875 0.9375 0.7546164765625 0.935546875 0.8264847124999999 0.9375 0.83916734375 0.9384765625 0.8412811140625 0.9716796875 0.8412811140625 0.9765625 0.7968919109375 1 0.3529998640625 1 0.002113771875 0.9990234375 0 0.9873046875 0