1 0.0654296875 0.75250270625 0.1357421875 0.75250270625 0.138671875 0.746161390625 0.13671875 0.682748240625 0.1357421875 0.6806344703125 0.1181640625 0.6764069265625 0.0595703125 0.6764069265625 0.0537109375 0.6806344703125 0.052734375 0.682748240625 0.052734375 0.725023675 0.0556640625 0.7482751624999999 0.0654296875 0.75250270625
1 0.1513671875 0.7355925328125 0.1923828125 0.7355925328125 0.193359375 0.7334787609375 0.193359375 0.6700656109375001 0.1904296875 0.663724296875 0.1494140625 0.663724296875 0.1484375 0.6658380687500001 0.1484375 0.695430871875 0.150390625 0.7334787609375 0.1513671875 0.7355925328125
1 0.2314453125 0.7355925328125 0.234375 0.7292512171875 0.234375 0.6700656109375001 0.2314453125 0.663724296875 0.1962890625 0.663724296875 0.1953125 0.6658380687500001 0.1953125 0.7292512171875 0.1982421875 0.7355925328125 0.2314453125 0.7355925328125
1 0.2568359375 0.7355925328125 0.26171875 0.72079613125 0.259765625 0.6658380687500001 0.2587890625 0.663724296875 0.2373046875 0.663724296875 0.236328125 0.6658380687500001 0.234375 0.6742931546875 0.236328125 0.7334787609375 0.2373046875 0.7355925328125 0.2568359375 0.7355925328125
1 0.2919921875 0.7355925328125 0.3076171875 0.7313649890625 0.310546875 0.725023675 0.310546875 0.6616105250000001 0.3095703125 0.659496753125 0.2626953125 0.659496753125 0.26171875 0.6616105250000001 0.26171875 0.725023675 0.2646484375 0.7313649890625 0.2919921875 0.7355925328125
1 0.3369140625 0.7271374453125 0.337890625 0.725023675 0.337890625 0.6616105250000001 0.3369140625 0.659496753125 0.3134765625 0.659496753125 0.3125 0.6616105250000001 0.3125 0.725023675 0.3193359375 0.7313649890625 0.3369140625 0.7271374453125
1 0.3759765625 0.7229099031249999 0.37890625 0.7165685875000001 0.37890625 0.6573829812499999 0.3779296875 0.655269209375 0.3408203125 0.6510416671875 0.337890625 0.6573829812499999 0.33984375 0.72079613125 0.3408203125 0.7229099031249999 0.3759765625 0.7229099031249999
1 0.4208984375 0.7271374453125 0.421875 0.725023675 0.421875 0.6573829812499999 0.4208984375 0.655269209375 0.3837890625 0.655269209375 0.380859375 0.6616105250000001 0.380859375 0.72079613125 0.3837890625 0.7271374453125 0.4208984375 0.7271374453125
1 0.4521484375 0.7229099031249999 0.455078125 0.695430871875 0.455078125 0.6531554390625 0.4541015625 0.6510416671875 0.4248046875 0.6510416671875 0.423828125 0.6531554390625 0.423828125 0.72079613125 0.4248046875 0.7229099031249999 0.4521484375 0.7229099031249999
1 0.5009765625 0.7229099031249999 0.50390625 0.7165685875000001 0.505859375 0.6742931546875 0.505859375 0.6573829812499999 0.5048828125 0.655269209375 0.4599609375 0.6510416671875 0.45703125 0.6531554390625 0.455078125 0.6869757843750001 0.455078125 0.71234104375 0.4580078125 0.7229099031249999 0.5009765625 0.7229099031249999
1 0.5087890625 0.7271374453125 0.5322265625 0.7271374453125 0.533203125 0.725023675 0.533203125 0.6531554390625 0.5322265625 0.6510416671875 0.5107421875 0.6510416671875 0.5078125 0.6573829812499999 0.505859375 0.7081135015625 0.505859375 0.7165685875000001 0.5078125 0.725023675 0.5087890625 0.7271374453125
1 0.5615234375 0.7229099031249999 0.5625 0.72079613125 0.5625 0.6531554390625 0.5615234375 0.6510416671875 0.5361328125 0.6510416671875 0.53515625 0.6531554390625 0.53515625 0.7165685875000001 0.5380859375 0.7229099031249999 0.5615234375 0.7229099031249999
1 0.6064453125 0.7229099031249999 0.607421875 0.72079613125 0.607421875 0.6531554390625 0.6064453125 0.6510416671875 0.5830078125 0.6510416671875 0.58203125 0.6531554390625 0.58203125 0.72079613125 0.5830078125 0.7229099031249999 0.6064453125 0.7229099031249999
1 0.6240234375 0.7059997296875 0.6689453125 0.7059997296875 0.671875 0.6996584140625 0.673828125 0.6869757843750001 0.673828125 0.6362452656250001 0.6708984375 0.62990395 0.6103515625 0.63413149375 0.607421875 0.6404728078125 0.607421875 0.695430871875 0.6103515625 0.7017721859375 0.6240234375 0.7059997296875
1 0.6884765625 0.7059997296875 0.7001953125 0.7017721859375 0.701171875 0.6996584140625 0.703125 0.6362452656250001 0.7021484375 0.63413149375 0.6748046875 0.63413149375 0.673828125 0.6362452656250001 0.673828125 0.6996584140625 0.6748046875 0.7017721859375 0.6884765625 0.7059997296875
1 0.7353515625 0.7313649890625 0.7490234375 0.7313649890625 0.751953125 0.725023675 0.75390625 0.71234104375 0.75390625 0.6616105250000001 0.7529296875 0.659496753125 0.7314453125 0.655269209375 0.7080078125 0.655269209375 0.705078125 0.6616105250000001 0.703125 0.7165685875000001 0.7060546875 0.7229099031249999 0.7119140625 0.7271374453125 0.7353515625 0.7313649890625
0 0.0673828125 0.9723349562499999 0.1396484375 0.9681074140625 0.1474609375 0.9638798703125 0.15234375 0.9533110125 0.15234375 0.8856703187500001 0.138671875 0.031706575 0.1318359375 0.0211377171875 0.1181640625 0.016910173437500002 0.0322265625 0.016910173437500002 0.029296875 0.0232514875 0.029296875 0.0697544640625 0.060546875 0.9617660984375 0.0673828125 0.9723349562499999
0 0.1552734375 0.9596523265625001 0.1943359375 0.9596523265625001 0.197265625 0.9533110125 0.205078125 0.0739820078125 0.1923828125 0.0549580625 0.1396484375 0.050730518749999995 0.134765625 0.061299378125000005 0.134765625 0.08243709375 0.15234375 0.9364008390624999 0.1552734375 0.9596523265625001
0 0.19921875 0.9575385546874999 0.2041015625 0.9638798703125 0.2314453125 0.9638798703125 0.23828125 0.9575385546874999 0.23828125 0.8476224296874999 0.2265625 0.0866646375 0.2216796875 0.08032332187499999 0.1904296875 0.08032332187499999 0.1845703125 0.084550865625 0.18359375 0.0866646375 0.18359375 0.175443046875 0.197265625 0.9025804921875 0.19921875 0.9575385546874999
0 0.240234375 0.9617660984375 0.2412109375 0.9638798703125 0.2587890625 0.9638798703125 0.263671875 0.9533110125 0.263671875 0.8222571703125 0.251953125 0.12048498437499999 0.2490234375 0.0972334953125 0.2431640625 0.093005953125 0.2294921875 0.093005953125 0.2265625 0.0993472671875 0.2265625 0.1923532203125 0.23828125 0.915263121875 0.240234375 0.9617660984375
0 0.265625 0.923718209375 0.267578125 0.9406283828124999 0.2705078125 0.946969696875 0.3056640625 0.946969696875 0.30859375 0.9406283828124999 0.310546875 0.915263121875 0.3359375 0.1500777875 0.3359375 0.09089218125000001 0.3310546875 0.08032332187499999 0.3076171875 0.0549580625 0.2607421875 0.050730518749999995 0.2568359375 0.050730518749999995 0.2529296875 0.0549580625 0.251953125 0.057071834375 0.251953125 0.1500777875 0.26171875 0.7672991078125 0.265625 0.923718209375
0 0.3271484375 0.9554247828125 0.3349609375 0.9511972406250001 0.337890625 0.9406283828124999 0.337890625 0.4967363359375 0.3359375 0.2092633921875 0.3349609375 0.20714962187500002 0.3134765625 0.20714962187500002 0.30859375 0.21771847968750002 0.3125 0.9490834687499999 0.3154296875 0.9554247828125 0.3271484375 0.9554247828125
0 0.3447265625 0.9511972406250001 0.3681640625 0.9511972406250001 0.3740234375 0.946969696875 0.376953125 0.9406283828124999 0.37890625 0.8898978625 0.39453125 0.0993472671875 0.3876953125 0.084550865625 0.3837890625 0.08032332187499999 0.3544921875 0.0760957796875 0.3466796875 0.0760957796875 0.3388671875 0.08032332187499999 0.337890625 0.08243709375 0.337890625 0.6489278953125 0.33984375 0.944855925 0.3447265625 0.9511972406250001
0 0.4169921875 0.946969696875 0.419921875 0.9364008390624999 0.4296875 0.12471252656250001 0.4296875 0.12048498437499999 0.4248046875 0.109916125 0.3896484375 0.109916125 0.384765625 0.12048498437499999 0.3828125 0.2388561953125 0.37890625 0.9406283828124999 0.3818359375 0.9511972406250001 0.4091796875 0.9511972406250001 0.4169921875 0.946969696875
0 0.4345703125 0.9511972406250001 0.4482421875 0.946969696875 0.451171875 0.9364008390624999 0.453125 0.8560775156249999 0.4609375 0.14585024375 0.4560546875 0.1352813859375 0.4306640625 0.1310538421875 0.427734375 0.1543053296875 0.421875 0.71234104375 0.421875 0.9406283828124999 0.4287109375 0.9511972406250001 0.4345703125 0.9511972406250001
0 0.4970703125 0.942742153125 0.501953125 0.9321732953125 0.50390625 0.8476224296874999 0.513671875 0.11625744062500001 0.5107421875 0.109916125 0.4892578125 0.1056885828125 0.4658203125 0.1056885828125 0.4609375 0.11625744062500001 0.455078125 0.6658380687500001 0.455078125 0.9364008390624999 0.4580078125 0.942742153125 0.4970703125 0.942742153125
0 0.53125 0.923718209375 0.541015625 0.2134909359375 0.541015625 0.1627604171875 0.5380859375 0.1564191015625 0.5166015625 0.1564191015625 0.513671875 0.1627604171875 0.505859375 0.695430871875 0.50390625 0.9279457515624999 0.5068359375 0.9342870671875 0.5283203125 0.9342870671875 0.53125 0.923718209375
0 0.5576171875 0.9300595234375001 0.560546875 0.923718209375 0.568359375 0.28535917187500004 0.568359375 0.1543053296875 0.5654296875 0.147964015625 0.5439453125 0.147964015625 0.541015625 0.1543053296875 0.5390625 0.2473112828125 0.533203125 0.7546164765625 0.533203125 0.9194906656249999 0.5380859375 0.9300595234375001 0.5576171875 0.9300595234375001
0 0.5771484375 0.9300595234375001 0.580078125 0.923718209375 0.587890625 0.1881256765625 0.5849609375 0.1817843609375 0.5751953125 0.17755681875 0.5703125 0.1838981328125 0.568359375 0.2388561953125 0.564453125 0.5051914234375 0.5625 0.6912033281250001 0.5625 0.9194906656249999 0.5693359375 0.9300595234375001 0.5771484375 0.9300595234375001
0 0.5830078125 0.92583198125 0.6025390625 0.92583198125 0.60546875 0.9194906656249999 0.607421875 0.8476224296874999 0.615234375 0.1543053296875 0.6123046875 0.147964015625 0.6064453125 0.143736471875 0.5927734375 0.143736471875 0.5771484375 0.1521915578125 0.57421875 0.1585328734375 0.57421875 0.166987959375 0.58203125 0.923718209375 0.5830078125 0.92583198125
0 0.6103515625 0.9216044374999999 0.6611328125 0.9216044374999999 0.66796875 0.9110355796875 0.669921875 0.8476224296874999 0.685546875 0.09089218125000001 0.68359375 0.07820955156250001 0.6787109375 0.06764069218749999 0.6259765625 0.06764069218749999 0.6162109375 0.0718682359375 0.5830078125 0.1056885828125 0.576171875 0.11625744062500001 0.57421875 0.12471252656250001 0.57421875 0.1416227 0.607421875 0.915263121875 0.6103515625 0.9216044374999999
0 0.7060546875 0.9216044374999999 0.7177734375 0.92583198125 0.7373046875 0.92583198125 0.7431640625 0.9216044374999999 0.74609375 0.915263121875 0.748046875 0.9025804921875 0.75 0.8687601468749999 0.765625 0.2769040859375 0.767578125 0.057071834375 0.7666015625 0.0549580625 0.7197265625 0.0549580625 0.716796875 0.0655269203125 0.71484375 0.10357481093750001 0.697265625 0.8729876890625 0.697265625 0.9110355796875 0.7001953125 0.91737689375 0.7060546875 0.9216044374999999
0 0.6943359375 0.91737689375 0.6953125 0.915263121875 0.703125 0.6912033281250001 0.71484375 0.12471252656250001 0.7099609375 0.1183712125 0.6884765625 0.1183712125 0.685546875 0.12471252656250001 0.68359375 0.1416227 0.669921875 0.801119453125 0.669921875 0.9110355796875 0.6728515625 0.91737689375 0.6943359375 0.91737689375