0 0.146484375 0.8898978625 0.1513671875 0.896239178125 0.1591796875 0.892011634375 0.162109375 0.8856703187500001 0.162109375 0.860305059375 0.1484375 0.6489278953125 0.1015625 0.040161660937499996 0.0986328125 0.033820346875000004 0.0810546875 0.033820346875000004 0.080078125 0.035934117187499996 0.080078125 0.0697544640625 0.142578125 0.864532603125 0.146484375 0.8898978625
0 0.1640625 0.8856703187500001 0.1689453125 0.892011634375 0.1767578125 0.892011634375 0.1826171875 0.8877840906250001 0.185546875 0.8814427765625 0.185546875 0.8772152328124999 0.12890625 0.0443892046875 0.1259765625 0.0380478890625 0.1064453125 0.0380478890625 0.1025390625 0.0422754328125 0.1015625 0.0443892046875 0.1015625 0.0655269203125 0.162109375 0.8772152328124999 0.1640625 0.8856703187500001
0 0.2080078125 0.8877840906250001 0.212890625 0.8772152328124999 0.2109375 0.8264847124999999 0.197265625 0.5897422890625 0.162109375 0.0486167484375 0.1552734375 0.0380478890625 0.1396484375 0.0380478890625 0.1337890625 0.0422754328125 0.130859375 0.0486167484375 0.12890625 0.061299378125000005 0.18359375 0.8729876890625 0.1884765625 0.8877840906250001 0.2080078125 0.8877840906250001
0 0.2177734375 0.8877840906250001 0.2255859375 0.8877840906250001 0.228515625 0.8814427765625 0.228515625 0.8687601468749999 0.22265625 0.7588440203125 0.1796875 0.0443892046875 0.1787109375 0.0422754328125 0.1650390625 0.0422754328125 0.162109375 0.0486167484375 0.162109375 0.057071834375 0.212890625 0.8729876890625 0.2177734375 0.8877840906250001
0 0.2294921875 0.8877840906250001 0.2333984375 0.892011634375 0.2431640625 0.892011634375 0.248046875 0.8856703187500001 0.248046875 0.8518499734375 0.2421875 0.72079613125 0.2109375 0.12048498437499999 0.201171875 0.052844290625 0.2001953125 0.050730518749999995 0.1826171875 0.050730518749999995 0.1796875 0.057071834375 0.1796875 0.0866646375 0.2265625 0.860305059375 0.2294921875 0.8877840906250001
0 0.2509765625 0.883556546875 0.2607421875 0.883556546875 0.265625 0.8772152328124999 0.263671875 0.809574540625 0.236328125 0.28535917187500004 0.22265625 0.061299378125000005 0.220703125 0.0443892046875 0.2158203125 0.0380478890625 0.2041015625 0.0422754328125 0.201171875 0.0486167484375 0.201171875 0.0739820078125 0.248046875 0.8772152328124999 0.2509765625 0.883556546875
0 0.2236328125 0 0.22265625 0.002113771875 0.220703125 0.0147964015625 0.22265625 0.057071834375 0.265625 0.8729876890625 0.2685546875 0.8793290046875001 0.2744140625 0.883556546875 0.2822265625 0.883556546875 0.2939453125 0.8793290046875001 0.30078125 0.8687601468749999 0.287109375 0.0232514875 0.28515625 0.0147964015625 0.2783203125 0 0.2236328125 0
0 0.3056640625 0.8751014609375 0.3134765625 0.8751014609375 0.314453125 0.8729876890625 0.314453125 0.809574540625 0.298828125 0.3572274078125 0.287109375 0.057071834375 0.2861328125 0.0549580625 0.2705078125 0.0549580625 0.267578125 0.061299378125000005 0.267578125 0.0739820078125 0.30078125 0.8687601468749999 0.3056640625 0.8751014609375
0 0.31640625 0.8772152328124999 0.3173828125 0.8793290046875001 0.3564453125 0.8793290046875001 0.3642578125 0.8751014609375 0.3671875 0.8687601468749999 0.3671875 0.8476224296874999 0.345703125 0.057071834375 0.3427734375 0.050730518749999995 0.2900390625 0.0549580625 0.287109375 0.061299378125000005 0.2890625 0.13739515625 0.314453125 0.8476224296874999 0.31640625 0.8772152328124999
0 0.3720703125 0.883556546875 0.4033203125 0.883556546875 0.4326171875 0.8793290046875001 0.4443359375 0.8751014609375 0.447265625 0.864532603125 0.447265625 0.809574540625 0.439453125 0.0655269203125 0.4326171875 0.05918560625 0.3505859375 0.0549580625 0.34765625 0.061299378125000005 0.349609375 0.2092633921875 0.3671875 0.8729876890625 0.3720703125 0.883556546875
0 0.447265625 0.8687601468749999 0.4482421875 0.8708739171875 0.4970703125 0.8708739171875 0.5048828125 0.866646375 0.5078125 0.860305059375 0.51171875 0.3064968890625 0.51171875 0.07820955156250001 0.5087890625 0.0718682359375 0.4677734375 0.06764069218749999 0.4501953125 0.06764069218749999 0.4443359375 0.0718682359375 0.44140625 0.07820955156250001 0.44140625 0.23040110937499997 0.4453125 0.7926643671875 0.447265625 0.8687601468749999
0 0.5263671875 0.86241883125 0.5380859375 0.8581912875000001 0.541015625 0.8476224296874999 0.544921875 0.6404728078125 0.55078125 0.175443046875 0.55078125 0.0739820078125 0.5458984375 0.06764069218749999 0.5166015625 0.06764069218749999 0.513671875 0.0739820078125 0.51171875 0.13739515625 0.5078125 0.6277901781249999 0.5078125 0.8560775156249999 0.5126953125 0.86241883125 0.5263671875 0.86241883125
0 0.5859375 0.8518499734375 0.587890625 0.8349398000000001 0.60546875 0.1627604171875 0.60546875 0.07820955156250001 0.6044921875 0.0760957796875 0.5576171875 0.0718682359375 0.552734375 0.08243709375 0.54296875 0.6700656109375001 0.541015625 0.8518499734375 0.5439453125 0.8581912875000001 0.5810546875 0.8581912875000001 0.5859375 0.8518499734375
0 0.6103515625 0.8539637453125 0.6396484375 0.8497362015625001 0.642578125 0.8433948859375 0.64453125 0.8138020828125001 0.65234375 0.6108800046875 0.65625 0.48828125 0.65625 0.458688446875 0.6533203125 0.4523471328125 0.6240234375 0.4142992421875 0.6005859375 0.39738906875 0.599609375 0.39950284062499997 0.59765625 0.4417782734375 0.58984375 0.7081135015625 0.587890625 0.7926643671875 0.587890625 0.8476224296874999 0.5888671875 0.8497362015625001 0.6103515625 0.8539637453125
0 0.6396484375 0.8497362015625001 0.642578125 0.8433948859375 0.646484375 0.77575419375 0.671875 0.12471252656250001 0.671875 0.0866646375 0.6669921875 0.08032332187499999 0.6142578125 0.0760957796875 0.6083984375 0.0760957796875 0.607421875 0.07820955156250001 0.60546875 0.0993472671875 0.59375 0.5347842265625 0.587890625 0.77575419375 0.587890625 0.8476224296874999 0.5888671875 0.8497362015625001 0.6396484375 0.8497362015625001
0 0.7060546875 0.8412811140625 0.7109375 0.83071225625 0.712890625 0.7968919109375 0.7421875 0.20503585000000002 0.74609375 0.112029896875 0.74609375 0.0951197234375 0.7431640625 0.088778409375 0.7080078125 0.084550865625 0.6748046875 0.084550865625 0.671875 0.09089218125000001 0.6484375 0.6869757843750001 0.64453125 0.7926643671875 0.64453125 0.8349398000000001 0.6474609375 0.8412811140625 0.7060546875 0.8412811140625
0 0.72265625 0.83071225625 0.724609375 0.8180296265625 0.765625 0.10357481093750001 0.765625 0.09089218125000001 0.7646484375 0.088778409375 0.7529296875 0.084550865625 0.74609375 0.0951197234375 0.712890625 0.7630715640625 0.7109375 0.83071225625 0.7138671875 0.8370535718750001 0.7177734375 0.8370535718750001 0.72265625 0.83071225625
0 0.734375 0.7419338468750001 0.740234375 0.725023675 0.7421875 0.7081135015625 0.78125 0.112029896875 0.78125 0.0951197234375 0.7783203125 0.088778409375 0.7666015625 0.088778409375 0.763671875 0.112029896875 0.73828125 0.53901176875 0.728515625 0.7377063046875 0.7294921875 0.74404761875 0.7333984375 0.74404761875 0.734375 0.7419338468750001
0 0.7490234375 0.832826028125 0.7646484375 0.8201433984375001 0.767578125 0.8138020828125001 0.8046875 0.112029896875 0.8046875 0.0993472671875 0.8017578125 0.093005953125 0.7958984375 0.088778409375 0.7900390625 0.088778409375 0.7841796875 0.093005953125 0.78125 0.0993472671875 0.74609375 0.6320177218749999 0.734375 0.8180296265625 0.734375 0.8222571703125 0.7412109375 0.832826028125 0.7490234375 0.832826028125
0 0.78515625 0.5643770296875 0.7890625 0.5305566828125 0.796875 0.43755073125 0.8203125 0.0951197234375 0.8203125 0.09089218125000001 0.8173828125 0.084550865625 0.8115234375 0.08032332187499999 0.7998046875 0.08032332187499999 0.79296875 0.0866646375 0.771484375 0.5601494859375 0.771484375 0.5643770296875 0.7763671875 0.5707183437500001 0.78515625 0.5643770296875
0 0.7900390625 0.8159158546875 0.79296875 0.809574540625 0.794921875 0.7968919109375 0.8359375 0.1331676140625 0.8359375 0.09089218125000001 0.8349609375 0.088778409375 0.8291015625 0.088778409375 0.8212890625 0.093005953125 0.818359375 0.107802353125 0.779296875 0.6489278953125 0.76953125 0.7968919109375 0.7744140625 0.8116883109374999 0.7841796875 0.8201433984375001 0.7900390625 0.8159158546875
0 0.8193359375 0.8159158546875 0.828125 0.7968919109375 0.8515625 0.4798261640625 0.869140625 0.1965807625 0.869140625 0.14585024375 0.8662109375 0.139508928125 0.8603515625 0.1352813859375 0.8388671875 0.1352813859375 0.833984375 0.14585024375 0.830078125 0.1923532203125 0.810546875 0.513646509375 0.794921875 0.77575419375 0.794921875 0.809574540625 0.7998046875 0.8159158546875 0.8193359375 0.8159158546875
0 0.8525390625 0.8159158546875 0.857421875 0.8053469968750001 0.890625 0.289586715625 0.88671875 0.226173565625 0.8818359375 0.21983225156250003 0.8681640625 0.22405979375 0.865234375 0.23040110937499997 0.861328125 0.26422145625 0.83984375 0.5770596593749999 0.83203125 0.7081135015625 0.830078125 0.7588440203125 0.830078125 0.801119453125 0.8349609375 0.8116883109374999 0.8525390625 0.8159158546875
0 0.93359375 0.809574540625 0.935546875 0.801119453125 0.970703125 0.27267654218750004 0.970703125 0.226173565625 0.9677734375 0.2156047078125 0.9619140625 0.2113771640625 0.8916015625 0.2113771640625 0.890625 0.2134909359375 0.865234375 0.6151075484375 0.861328125 0.7165685875000001 0.859375 0.8053469968750001 0.8642578125 0.8159158546875 0.9267578125 0.8159158546875 0.93359375 0.809574540625
1 0.1279296875 0.6679518390625 0.1396484375 0.6679518390625 0.1455078125 0.663724296875 0.146484375 0.6616105250000001 0.146484375 0.6362452656250001 0.142578125 0.5897422890625 0.1416015625 0.5876285171875 0.1376953125 0.5876285171875 0.1240234375 0.5918560609375 0.123046875 0.5939698328125 0.123046875 0.6108800046875 0.126953125 0.6658380687500001 0.1279296875 0.6679518390625
1 0.1494140625 0.6679518390625 0.1630859375 0.6679518390625 0.1689453125 0.663724296875 0.169921875 0.6616105250000001 0.169921875 0.6447003515625 0.166015625 0.5939698328125 0.1650390625 0.5918560609375 0.1455078125 0.5918560609375 0.142578125 0.598197375 0.146484375 0.6573829812499999 0.1484375 0.6658380687500001 0.1494140625 0.6679518390625
1 0.1943359375 0.6933171 0.201171875 0.6869757843750001 0.201171875 0.6531554390625 0.19921875 0.6277901781249999 0.1962890625 0.6172213203125 0.1845703125 0.6172213203125 0.1689453125 0.6214488640625 0.16796875 0.6277901781249999 0.171875 0.682748240625 0.1748046875 0.6933171 0.1943359375 0.6933171
1 0.2197265625 0.6848620125 0.2333984375 0.6848620125 0.236328125 0.6785206984375 0.236328125 0.6531554390625 0.234375 0.6235626359374999 0.232421875 0.6108800046875 0.2314453125 0.608766234375 0.2158203125 0.608766234375 0.21484375 0.6108800046875 0.21484375 0.6404728078125 0.216796875 0.6785206984375 0.2197265625 0.6848620125
1 0.2158203125 0.6848620125 0.216796875 0.682748240625 0.216796875 0.6531554390625 0.212890625 0.6108800046875 0.2119140625 0.608766234375 0.2021484375 0.608766234375 0.1982421875 0.6129937765625 0.197265625 0.6193350921875 0.201171875 0.6785206984375 0.2041015625 0.6848620125 0.2158203125 0.6848620125
1 0.2783203125 0.663724296875 0.2880859375 0.659496753125 0.291015625 0.6531554390625 0.291015625 0.6235626359374999 0.2890625 0.5897422890625 0.2880859375 0.5876285171875 0.2529296875 0.5960836031250001 0.251953125 0.598197375 0.251953125 0.6193350921875 0.2568359375 0.663724296875 0.2783203125 0.663724296875
1 0.2392578125 0.6764069265625 0.2529296875 0.6721793828125 0.255859375 0.6658380687500001 0.251953125 0.6024249187499999 0.2509765625 0.600311146875 0.2353515625 0.600311146875 0.232421875 0.6066524624999999 0.232421875 0.6151075484375 0.236328125 0.6700656109375001 0.2392578125 0.6764069265625
1 0.3115234375 0.6679518390625 0.3505859375 0.663724296875 0.361328125 0.6573829812499999 0.359375 0.5897422890625 0.3583984375 0.5876285171875 0.3076171875 0.5918560609375 0.306640625 0.5939698328125 0.306640625 0.6320177218749999 0.30859375 0.6616105250000001 0.3115234375 0.6679518390625
1 0.2958984375 0.6721793828125 0.3056640625 0.6721793828125 0.30859375 0.6658380687500001 0.30859375 0.6404728078125 0.306640625 0.6024249187499999 0.3056640625 0.600311146875 0.2919921875 0.600311146875 0.291015625 0.6024249187499999 0.291015625 0.6404728078125 0.29296875 0.6658380687500001 0.2958984375 0.6721793828125
1 0.4013671875 0.663724296875 0.4306640625 0.659496753125 0.44140625 0.6531554390625 0.44140625 0.5897422890625 0.4404296875 0.5876285171875 0.3994140625 0.5876285171875 0.3662109375 0.5918560609375 0.365234375 0.5939698328125 0.36328125 0.6066524624999999 0.365234375 0.6616105250000001 0.3662109375 0.663724296875 0.4013671875 0.663724296875
1 0.4755859375 0.663724296875 0.5068359375 0.659496753125 0.5078125 0.6573829812499999 0.509765625 0.598197375 0.5068359375 0.5918560609375 0.4462890625 0.5918560609375 0.4453125 0.5939698328125 0.4453125 0.6573829812499999 0.4482421875 0.663724296875 0.4755859375 0.663724296875
1 0.5146484375 0.655269209375 0.5361328125 0.655269209375 0.5419921875 0.6510416671875 0.544921875 0.6447003515625 0.544921875 0.5855147453125 0.5439453125 0.5834009734375 0.5107421875 0.5834009734375 0.509765625 0.5855147453125 0.509765625 0.6489278953125 0.5107421875 0.6510416671875 0.5146484375 0.655269209375
1 0.5908203125 0.6510416671875 0.591796875 0.6489278953125 0.59375 0.5897422890625 0.5908203125 0.5834009734375 0.5458984375 0.5834009734375 0.544921875 0.5855147453125 0.544921875 0.6489278953125 0.5458984375 0.6510416671875 0.5908203125 0.6510416671875
1 0.6474609375 0.6510416671875 0.650390625 0.6447003515625 0.65234375 0.6235626359374999 0.65234375 0.5855147453125 0.6494140625 0.57917343125 0.6162109375 0.57917343125 0.5947265625 0.5834009734375 0.59375 0.5855147453125 0.591796875 0.6151075484375 0.591796875 0.6489278953125 0.5927734375 0.6510416671875 0.6474609375 0.6510416671875
1 0.7158203125 0.6468141234375 0.71875 0.6404728078125 0.72265625 0.5897422890625 0.72265625 0.5855147453125 0.7197265625 0.57917343125 0.6904296875 0.5749458875 0.6552734375 0.5749458875 0.65234375 0.581287203125 0.65234375 0.6404728078125 0.6533203125 0.6425865796875 0.7158203125 0.6468141234375
1 0.734375 0.6447003515625 0.736328125 0.6151075484375 0.736328125 0.5855147453125 0.7353515625 0.5834009734375 0.7236328125 0.5834009734375 0.720703125 0.598197375 0.71875 0.6447003515625 0.7216796875 0.6510416671875 0.7314453125 0.6510416671875 0.734375 0.6447003515625
1 0.748046875 0.6277901781249999 0.75 0.581287203125 0.7490234375 0.57917343125 0.7373046875 0.57917343125 0.736328125 0.581287203125 0.732421875 0.6404728078125 0.7353515625 0.6468141234375 0.7451171875 0.6468141234375 0.748046875 0.6277901781249999
1 0.765625 0.6489278953125 0.767578125 0.6362452656250001 0.76953125 0.5897422890625 0.7685546875 0.5876285171875 0.7509765625 0.5834009734375 0.748046875 0.6066524624999999 0.74609375 0.6447003515625 0.7490234375 0.6510416671875 0.7626953125 0.655269209375 0.765625 0.6489278953125
1 0.77734375 0.6151075484375 0.7763671875 0.608766234375 0.7724609375 0.608766234375 0.771484375 0.6108800046875 0.7724609375 0.6172213203125 0.7763671875 0.6172213203125 0.77734375 0.6151075484375
1 0.8017578125 0.6468141234375 0.8046875 0.6404728078125 0.806640625 0.6193350921875 0.806640625 0.581287203125 0.8056640625 0.57917343125 0.7861328125 0.5749458875 0.783203125 0.5939698328125 0.78125 0.6320177218749999 0.7841796875 0.6383590375 0.7919921875 0.6468141234375 0.8017578125 0.6468141234375
1 0.7802734375 0.63413149375 0.783203125 0.6151075484375 0.78515625 0.572832115625 0.7822265625 0.5664908015625 0.7724609375 0.5664908015625 0.76953125 0.572832115625 0.767578125 0.598197375 0.767578125 0.6320177218749999 0.7685546875 0.63413149375 0.7802734375 0.63413149375
1 0.837890625 0.6193350921875 0.83984375 0.5939698328125 0.83984375 0.5643770296875 0.8388671875 0.5622632578125 0.8095703125 0.5622632578125 0.806640625 0.581287203125 0.8046875 0.6193350921875 0.8076171875 0.62567640625 0.8349609375 0.62567640625 0.837890625 0.6193350921875
1 0.86328125 0.6193350921875 0.865234375 0.6066524624999999 0.8671875 0.5770596593749999 0.8671875 0.5643770296875 0.8662109375 0.5622632578125 0.8603515625 0.5580357140625 0.8447265625 0.5580357140625 0.83984375 0.581287203125 0.837890625 0.6151075484375 0.8408203125 0.6214488640625 0.8623046875 0.6214488640625 0.86328125 0.6193350921875
1 0.939453125 0.6193350921875 0.94140625 0.6066524624999999 0.943359375 0.5770596593749999 0.943359375 0.568604571875 0.9404296875 0.5622632578125 0.8837890625 0.5622632578125 0.87890625 0.572832115625 0.876953125 0.6193350921875 0.8798828125 0.62567640625 0.9365234375 0.62567640625 0.939453125 0.6193350921875