1 0.02734375 0.6700656109375001 0.029296875 0.6404728078125 0.029296875 0.6108800046875 0.0263671875 0.604538690625 0.0107421875 0.604538690625 0.0078125 0.6320177218749999 0.005859375 0.6700656109375001 0.0087890625 0.6764069265625 0.0224609375 0.6764069265625 0.02734375 0.6700656109375001
1 0.046875 0.6573829812499999 0.048828125 0.6320177218749999 0.048828125 0.6066524624999999 0.0478515625 0.604538690625 0.0322265625 0.604538690625 0.029296875 0.6235626359374999 0.02734375 0.6742931546875 0.0283203125 0.6764069265625 0.0439453125 0.6764069265625 0.046875 0.6573829812499999
1 0.068359375 0.6700656109375001 0.072265625 0.6235626359374999 0.072265625 0.6066524624999999 0.0712890625 0.604538690625 0.0498046875 0.604538690625 0.046875 0.6277901781249999 0.044921875 0.6700656109375001 0.0478515625 0.6764069265625 0.0654296875 0.6764069265625 0.068359375 0.6700656109375001
1 0.0869140625 0.6764069265625 0.087890625 0.6742931546875 0.08984375 0.6447003515625 0.08984375 0.6066524624999999 0.0888671875 0.604538690625 0.0732421875 0.604538690625 0.0703125 0.6193350921875 0.068359375 0.6489278953125 0.068359375 0.6742931546875 0.0693359375 0.6764069265625 0.0869140625 0.6764069265625
1 0.1201171875 0.6764069265625 0.12109375 0.6742931546875 0.125 0.6235626359374999 0.125 0.6108800046875 0.1240234375 0.608766234375 0.1064453125 0.604538690625 0.0927734375 0.604538690625 0.08984375 0.6151075484375 0.087890625 0.6531554390625 0.087890625 0.6742931546875 0.0888671875 0.6764069265625 0.1201171875 0.6764069265625
1 0.1337890625 0.6721793828125 0.1826171875 0.6806344703125 0.1943359375 0.6806344703125 0.197265625 0.6700656109375001 0.19921875 0.6151075484375 0.1962890625 0.608766234375 0.1416015625 0.600311146875 0.1279296875 0.600311146875 0.125 0.6193350921875 0.123046875 0.6489278953125 0.123046875 0.6658380687500001 0.1240234375 0.6679518390625 0.1337890625 0.6721793828125
1 0.2177734375 0.6806344703125 0.2353515625 0.6806344703125 0.23828125 0.6742931546875 0.2421875 0.6193350921875 0.2392578125 0.608766234375 0.2021484375 0.604538690625 0.19921875 0.6151075484375 0.197265625 0.6531554390625 0.197265625 0.6742931546875 0.1982421875 0.6764069265625 0.2177734375 0.6806344703125
1 0.2705078125 0.6806344703125 0.271484375 0.6785206984375 0.2734375 0.6700656109375001 0.275390625 0.6362452656250001 0.275390625 0.6151075484375 0.2744140625 0.6129937765625 0.2451171875 0.608766234375 0.2421875 0.6193350921875 0.240234375 0.6489278953125 0.240234375 0.6785206984375 0.2412109375 0.6806344703125 0.2705078125 0.6806344703125
1 0.30859375 0.6785206984375 0.310546875 0.6616105250000001 0.3125 0.6193350921875 0.3095703125 0.6129937765625 0.2783203125 0.608766234375 0.275390625 0.6151075484375 0.2734375 0.6404728078125 0.271484375 0.6742931546875 0.2744140625 0.6806344703125 0.3056640625 0.6848620125 0.30859375 0.6785206984375
1 0.3466796875 0.6848620125 0.3544921875 0.6848620125 0.35546875 0.682748240625 0.357421875 0.6573829812499999 0.357421875 0.6193350921875 0.3564453125 0.6172213203125 0.3505859375 0.6129937765625 0.3193359375 0.604538690625 0.3173828125 0.604538690625 0.3125 0.6151075484375 0.310546875 0.6404728078125 0.310546875 0.6742931546875 0.3115234375 0.6764069265625 0.3466796875 0.6848620125
1 0.384765625 0.6742931546875 0.38671875 0.6277901781249999 0.3837890625 0.6214488640625 0.3662109375 0.6172213203125 0.3603515625 0.6172213203125 0.357421875 0.6277901781249999 0.35546875 0.682748240625 0.3583984375 0.68908955625 0.3818359375 0.68908955625 0.384765625 0.6742931546875
1 0.3994140625 0.68908955625 0.40234375 0.6700656109375001 0.404296875 0.6277901781249999 0.3974609375 0.6172213203125 0.3896484375 0.6172213203125 0.38671875 0.6235626359374999 0.384765625 0.6447003515625 0.384765625 0.6869757843750001 0.3857421875 0.68908955625 0.3994140625 0.68908955625
1 0.5126953125 0.6764069265625 0.515625 0.6700656109375001 0.515625 0.6193350921875 0.5126953125 0.604538690625 0.4794921875 0.604538690625 0.478515625 0.6066524624999999 0.478515625 0.6700656109375001 0.4814453125 0.6764069265625 0.5126953125 0.6764069265625
1 0.5380859375 0.6933171 0.541015625 0.6869757843750001 0.5390625 0.6235626359374999 0.5380859375 0.6214488640625 0.5205078125 0.6214488640625 0.51953125 0.6235626359374999 0.51953125 0.6869757843750001 0.5224609375 0.6933171 0.5380859375 0.6933171
1 0.5810546875 0.6975446421875 0.583984375 0.6912033281250001 0.583984375 0.6362452656250001 0.5810546875 0.6214488640625 0.5439453125 0.6214488640625 0.541015625 0.6277901781249999 0.541015625 0.6912033281250001 0.5439453125 0.6975446421875 0.5810546875 0.6975446421875
1 0.6279296875 0.68908955625 0.630859375 0.682748240625 0.62890625 0.6193350921875 0.6279296875 0.6172213203125 0.5869140625 0.6172213203125 0.583984375 0.6235626359374999 0.583984375 0.6869757843750001 0.5849609375 0.68908955625 0.6279296875 0.68908955625
1 0.6552734375 0.6806344703125 0.65625 0.6785206984375 0.65625 0.6320177218749999 0.654296875 0.6108800046875 0.6533203125 0.608766234375 0.6337890625 0.608766234375 0.630859375 0.6151075484375 0.630859375 0.6742931546875 0.6337890625 0.6806344703125 0.6552734375 0.6806344703125
0 0 0.9110355796875 0.0009765625 0.91314935 0.0068359375 0.91314935 0.01171875 0.9025804921875 0.01953125 0.7630715640625 0.021484375 0.7081135015625 0.021484375 0.6785206984375 0.0205078125 0.6764069265625 0.0166015625 0.6721793828125 0.0087890625 0.6721793828125 0.00390625 0.682748240625 0 0.7419338468750001 0 0.9110355796875
0 0.0439453125 0 0.04296875 0.002113771875 0.013671875 0.5094189671875 0.009765625 0.598197375 0.0146484375 0.608766234375 0.0263671875 0.604538690625 0.029296875 0.598197375 0.068359375 0.0739820078125 0.0703125 0.031706575 0.0703125 0.002113771875 0.0693359375 0 0.0439453125 0
0 0.03125 0.8898978625 0.083984375 0.11625744062500001 0.0732421875 0.0972334953125 0.0654296875 0.0972334953125 0.0625 0.10357481093750001 0.060546875 0.12471252656250001 0.015625 0.8476224296874999 0.013671875 0.9068080359374999 0.0244140625 0.91314935 0.029296875 0.9068080359374999 0.03125 0.8898978625
0 0.0712890625 0.604538690625 0.072265625 0.6024249187499999 0.076171875 0.5601494859375 0.099609375 0.171215503125 0.099609375 0.1331676140625 0.0966796875 0.12682629843749998 0.0830078125 0.12682629843749998 0.078125 0.13739515625 0.068359375 0.281131628125 0.048828125 0.5939698328125 0.048828125 0.598197375 0.0517578125 0.604538690625 0.0712890625 0.604538690625
0 0.0712890625 0.9089218078125001 0.076171875 0.8729876890625 0.123046875 0.0993472671875 0.123046875 0.0951197234375 0.1201171875 0.088778409375 0.1083984375 0.088778409375 0.103515625 0.107802353125 0.1015625 0.12471252656250001 0.0703125 0.6235626359374999 0.0546875 0.8814427765625 0.0546875 0.9068080359374999 0.0556640625 0.9089218078125001 0.0712890625 0.9089218078125001
0 0.1318359375 0 0.12890625 0.0105688578125 0.1171875 0.1585328734375 0.080078125 0.7630715640625 0.072265625 0.9025804921875 0.0751953125 0.9089218078125001 0.0830078125 0.91314935 0.1005859375 0.91314935 0.1044921875 0.9089218078125001 0.107421875 0.8983529484374999 0.138671875 0.4417782734375 0.1640625 0.02747903125 0.1640625 0.002113771875 0.1630859375 0 0.1318359375 0
0 0.1240234375 0.9089218078125001 0.1787109375 0.91314935 0.181640625 0.9068080359374999 0.189453125 0.7926643671875 0.23046875 0.112029896875 0.23046875 0.0951197234375 0.2255859375 0.084550865625 0.1630859375 0.0760957796875 0.16015625 0.0866646375 0.1328125 0.4798261640625 0.115234375 0.7546164765625 0.107421875 0.8814427765625 0.107421875 0.8983529484374999 0.1103515625 0.9046942640625 0.1240234375 0.9089218078125001
0 0.2158203125 0.91314935 0.2197265625 0.9089218078125001 0.22265625 0.9025804921875 0.2421875 0.6235626359374999 0.2734375 0.13739515625 0.2734375 0.112029896875 0.2685546875 0.1014610390625 0.2626953125 0.0972334953125 0.2353515625 0.093005953125 0.23046875 0.10357481093750001 0.1875 0.8138020828125001 0.18359375 0.8983529484374999 0.1884765625 0.9089218078125001 0.2001953125 0.91314935 0.2158203125 0.91314935
0 0.2529296875 0.91314935 0.2578125 0.9068080359374999 0.259765625 0.8983529484374999 0.271484375 0.7038859578125 0.271484375 0.695430871875 0.2666015625 0.6806344703125 0.2529296875 0.6764069265625 0.2412109375 0.6764069265625 0.23828125 0.682748240625 0.2265625 0.8476224296874999 0.224609375 0.9025804921875 0.2275390625 0.9089218078125001 0.2412109375 0.91314935 0.2529296875 0.91314935
0 0.275390625 0.6108800046875 0.27734375 0.598197375 0.298828125 0.226173565625 0.30078125 0.1881256765625 0.30078125 0.1585328734375 0.2978515625 0.1521915578125 0.2744140625 0.1521915578125 0.271484375 0.1585328734375 0.263671875 0.2769040859375 0.244140625 0.6108800046875 0.2451171875 0.6129937765625 0.2724609375 0.6172213203125 0.275390625 0.6108800046875
0 0.2919921875 0.91314935 0.294921875 0.9025804921875 0.30078125 0.8264847124999999 0.31640625 0.5643770296875 0.337890625 0.1585328734375 0.337890625 0.12048498437499999 0.3349609375 0.11414366875 0.3271484375 0.109916125 0.3076171875 0.109916125 0.3046875 0.11625744062500001 0.298828125 0.20080830624999998 0.2734375 0.6404728078125 0.259765625 0.8814427765625 0.259765625 0.9068080359374999 0.2685546875 0.91314935 0.2919921875 0.91314935
0 0.3388671875 0.9089218078125001 0.341796875 0.89412540625 0.353515625 0.72079613125 0.390625 0.0739820078125 0.390625 0.0697544640625 0.3818359375 0.0549580625 0.3447265625 0.0549580625 0.341796875 0.061299378125000005 0.310546875 0.6489278953125 0.298828125 0.8983529484374999 0.3017578125 0.9046942640625 0.3115234375 0.9089218078125001 0.3388671875 0.9089218078125001
0 0.369140625 0.9110355796875 0.373046875 0.864532603125 0.416015625 0.1500777875 0.416015625 0.12894007031250002 0.4111328125 0.1183712125 0.4072265625 0.11414366875 0.3876953125 0.11414366875 0.384765625 0.12471252656250001 0.37890625 0.2134909359375 0.34375 0.8518499734375 0.341796875 0.9110355796875 0.3505859375 0.91737689375 0.3662109375 0.91737689375 0.369140625 0.9110355796875
0 0.3818359375 0.91737689375 0.38671875 0.9110355796875 0.388671875 0.89412540625 0.404296875 0.682748240625 0.421875 0.293814259375 0.423828125 0.1838981328125 0.4208984375 0.1648741890625 0.4150390625 0.1648741890625 0.412109375 0.171215503125 0.41015625 0.1923532203125 0.373046875 0.83916734375 0.37109375 0.8772152328124999 0.37109375 0.9110355796875 0.3779296875 0.91737689375 0.3818359375 0.91737689375
0 0.4716796875 0 0.470703125 0.002113771875 0.470703125 0.08243709375 0.4765625 0.8983529484374999 0.478515625 0.9110355796875 0.4814453125 0.91737689375 0.5146484375 0.91737689375 0.517578125 0.9110355796875 0.51953125 0.0105688578125 0.5166015625 0 0.4716796875 0
0 0.5224609375 0.92583198125 0.5400390625 0.92583198125 0.54296875 0.9194906656249999 0.54296875 0.9025804921875 0.537109375 0.1838981328125 0.5341796875 0.17755681875 0.5205078125 0.17755681875 0.517578125 0.1838981328125 0.517578125 0.568604571875 0.51953125 0.9194906656249999 0.5224609375 0.92583198125
0 0.5439453125 0.6214488640625 0.5791015625 0.6214488640625 0.583984375 0.6108800046875 0.578125 0.1500777875 0.5751953125 0.143736471875 0.5517578125 0.1352813859375 0.5419921875 0.1352813859375 0.537109375 0.1416227 0.53515625 0.1500777875 0.53515625 0.175443046875 0.541015625 0.6151075484375 0.5439453125 0.6214488640625
0 0.54296875 0.923718209375 0.5537109375 0.9300595234375001 0.5771484375 0.9300595234375001 0.5849609375 0.92583198125 0.587890625 0.915263121875 0.578125 0.1500777875 0.5751953125 0.143736471875 0.5517578125 0.1352813859375 0.5419921875 0.1352813859375 0.537109375 0.1416227 0.53515625 0.1500777875 0.53515625 0.175443046875 0.541015625 0.8814427765625 0.54296875 0.923718209375
0 0.587890625 0.9068080359374999 0.5908203125 0.92583198125 0.5966796875 0.9300595234375001 0.6162109375 0.9300595234375001 0.6259765625 0.92583198125 0.630859375 0.9110355796875 0.630859375 0.6785206984375 0.626953125 0.2684489984375 0.625 0.166987959375 0.6181640625 0.1564191015625 0.5810546875 0.1564191015625 0.578125 0.1627604171875 0.578125 0.23040110937499997 0.583984375 0.7081135015625 0.587890625 0.9068080359374999
0 0.634765625 0.9110355796875 0.6396484375 0.91737689375 0.6572265625 0.91314935 0.66015625 0.9068080359374999 0.66015625 0.8518499734375 0.650390625 0.2219460234375 0.6484375 0.175443046875 0.6455078125 0.16910173125 0.6298828125 0.16910173125 0.626953125 0.175443046875 0.626953125 0.28535917187500004 0.6328125 0.89412540625 0.634765625 0.9110355796875