1 0.0166015625 0.68908955625 0.0322265625 0.68908955625 0.0546875 0.6700656109375001 0.052734375 0.6193350921875 0.05078125 0.6066524624999999 0.0478515625 0.600311146875 0.0126953125 0.6172213203125 0.01171875 0.6193350921875 0.01171875 0.6489278953125 0.013671875 0.682748240625 0.0166015625 0.68908955625
1 0.0849609375 0.6721793828125 0.1025390625 0.6679518390625 0.11328125 0.6573829812499999 0.111328125 0.6024249187499999 0.1083984375 0.5918560609375 0.0537109375 0.600311146875 0.05078125 0.6066524624999999 0.0546875 0.6658380687500001 0.0576171875 0.6721793828125 0.0849609375 0.6721793828125
1 0.115234375 0.6700656109375001 0.1162109375 0.6721793828125 0.1298828125 0.6721793828125 0.130859375 0.6700656109375001 0.130859375 0.6108800046875 0.1279296875 0.604538690625 0.1123046875 0.604538690625 0.111328125 0.6066524624999999 0.111328125 0.6235626359374999 0.11328125 0.6616105250000001 0.115234375 0.6700656109375001
1 0.1337890625 0.6764069265625 0.1416015625 0.6764069265625 0.1513671875 0.6679518390625 0.154296875 0.6616105250000001 0.154296875 0.6320177218749999 0.15234375 0.598197375 0.1513671875 0.5960836031250001 0.1474609375 0.5960836031250001 0.1298828125 0.604538690625 0.12890625 0.6066524624999999 0.12890625 0.6151075484375 0.130859375 0.6700656109375001 0.1337890625 0.6764069265625
1 0.1767578125 0.6764069265625 0.1923828125 0.6721793828125 0.193359375 0.6700656109375001 0.193359375 0.6447003515625 0.19140625 0.6108800046875 0.1884765625 0.604538690625 0.1552734375 0.604538690625 0.154296875 0.6066524624999999 0.154296875 0.6616105250000001 0.1591796875 0.6764069265625 0.1767578125 0.6764069265625
1 0.1943359375 0.6806344703125 0.2275390625 0.6806344703125 0.23046875 0.6742931546875 0.228515625 0.6151075484375 0.2255859375 0.608766234375 0.1923828125 0.6129937765625 0.19140625 0.6151075484375 0.19140625 0.6320177218749999 0.193359375 0.6785206984375 0.1943359375 0.6806344703125
1 0.2568359375 0.6848620125 0.2578125 0.682748240625 0.2578125 0.6193350921875 0.2568359375 0.6172213203125 0.2294921875 0.6172213203125 0.228515625 0.6235626359374999 0.23046875 0.6785206984375 0.2333984375 0.6848620125 0.2568359375 0.6848620125
1 0.2900390625 0.68908955625 0.291015625 0.6869757843750001 0.291015625 0.6700656109375001 0.2890625 0.6235626359374999 0.2880859375 0.6214488640625 0.2607421875 0.6214488640625 0.2578125 0.6277901781249999 0.259765625 0.6869757843750001 0.2607421875 0.68908955625 0.2900390625 0.68908955625
1 0.2919921875 0.6933171 0.3193359375 0.6933171 0.322265625 0.6869757843750001 0.3203125 0.6277901781249999 0.3173828125 0.6214488640625 0.2919921875 0.6214488640625 0.2890625 0.6277901781249999 0.2890625 0.6616105250000001 0.291015625 0.6912033281250001 0.2919921875 0.6933171
1 0.3232421875 0.7017721859375 0.3408203125 0.7017721859375 0.3447265625 0.6975446421875 0.349609375 0.682748240625 0.34765625 0.6277901781249999 0.3466796875 0.62567640625 0.3427734375 0.62567640625 0.3232421875 0.62990395 0.3203125 0.6362452656250001 0.3203125 0.6658380687500001 0.322265625 0.6996584140625 0.3232421875 0.7017721859375
1 0.3896484375 0.68908955625 0.392578125 0.682748240625 0.390625 0.6235626359374999 0.3896484375 0.6214488640625 0.3525390625 0.6214488640625 0.349609375 0.6277901781249999 0.349609375 0.6869757843750001 0.3525390625 0.6933171 0.3896484375 0.68908955625
1 0.4208984375 0.6975446421875 0.42578125 0.6869757843750001 0.42578125 0.6404728078125 0.423828125 0.6277901781249999 0.4228515625 0.62567640625 0.3935546875 0.62567640625 0.392578125 0.6277901781249999 0.392578125 0.6912033281250001 0.3955078125 0.6975446421875 0.4208984375 0.6975446421875
1 0.4462890625 0.68908955625 0.451171875 0.6785206984375 0.451171875 0.6277901781249999 0.4482421875 0.6214488640625 0.4267578125 0.6214488640625 0.42578125 0.6235626359374999 0.42578125 0.6869757843750001 0.4267578125 0.68908955625 0.4462890625 0.68908955625
1 0.4736328125 0.6848620125 0.474609375 0.682748240625 0.474609375 0.6193350921875 0.4736328125 0.6172213203125 0.4541015625 0.6172213203125 0.453125 0.6193350921875 0.453125 0.682748240625 0.4541015625 0.6848620125 0.4736328125 0.6848620125
1 0.4794921875 0.6933171 0.5205078125 0.6933171 0.5234375 0.6869757843750001 0.5234375 0.6277901781249999 0.5224609375 0.62567640625 0.4775390625 0.62567640625 0.4765625 0.6277901781249999 0.474609375 0.6447003515625 0.474609375 0.6869757843750001 0.4755859375 0.68908955625 0.4794921875 0.6933171
1 0.5439453125 0.6975446421875 0.544921875 0.695430871875 0.544921875 0.6320177218749999 0.5439453125 0.62990395 0.5263671875 0.62990395 0.5234375 0.6362452656250001 0.5234375 0.6912033281250001 0.5263671875 0.6975446421875 0.5439453125 0.6975446421875
1 0.5849609375 0.6975446421875 0.587890625 0.6912033281250001 0.587890625 0.6277901781249999 0.5869140625 0.62567640625 0.5478515625 0.62567640625 0.546875 0.6277901781249999 0.544921875 0.6489278953125 0.544921875 0.6912033281250001 0.5478515625 0.6975446421875 0.5849609375 0.6975446421875
1 0.6513671875 0.6975446421875 0.65234375 0.695430871875 0.654296875 0.6700656109375001 0.654296875 0.6320177218749999 0.6533203125 0.62990395 0.5927734375 0.62990395 0.591796875 0.6320177218749999 0.591796875 0.6912033281250001 0.5947265625 0.6975446421875 0.6513671875 0.6975446421875
1 0.6806640625 0.6933171 0.681640625 0.6912033281250001 0.68359375 0.6573829812499999 0.68359375 0.6277901781249999 0.6826171875 0.62567640625 0.6552734375 0.62567640625 0.654296875 0.6277901781249999 0.654296875 0.6912033281250001 0.6572265625 0.6975446421875 0.6806640625 0.6933171
1 0.708984375 0.695430871875 0.708984375 0.6277901781249999 0.7080078125 0.62567640625 0.6865234375 0.62567640625 0.685546875 0.6277901781249999 0.68359375 0.6869757843750001 0.6884765625 0.6975446421875 0.7080078125 0.6975446421875 0.708984375 0.695430871875
1 0.7607421875 0.7017721859375 0.76171875 0.6996584140625 0.76171875 0.6320177218749999 0.7607421875 0.62990395 0.7119140625 0.62990395 0.708984375 0.6362452656250001 0.708984375 0.6996584140625 0.7119140625 0.7059997296875 0.7607421875 0.7017721859375
1 0.8046875 0.6996584140625 0.806640625 0.6785206984375 0.806640625 0.6362452656250001 0.8056640625 0.63413149375 0.7646484375 0.63413149375 0.763671875 0.6362452656250001 0.76171875 0.695430871875 0.7646484375 0.7017721859375 0.8037109375 0.7017721859375 0.8046875 0.6996584140625
1 0.8232421875 0.7017721859375 0.8447265625 0.7017721859375 0.84765625 0.695430871875 0.849609375 0.6531554390625 0.849609375 0.6362452656250001 0.8486328125 0.63413149375 0.8232421875 0.62990395 0.8095703125 0.62990395 0.80859375 0.6320177218749999 0.806640625 0.6531554390625 0.806640625 0.695430871875 0.8076171875 0.6975446421875 0.8232421875 0.7017721859375
1 0.8720703125 0.7102272734375 0.875 0.7038859578125 0.876953125 0.6700656109375001 0.876953125 0.6404728078125 0.8759765625 0.6383590375 0.8505859375 0.6383590375 0.849609375 0.6404728078125 0.84765625 0.6742931546875 0.84765625 0.7038859578125 0.8486328125 0.7059997296875 0.8720703125 0.7102272734375
1 0.90625 0.6912033281250001 0.908203125 0.6404728078125 0.9033203125 0.63413149375 0.8798828125 0.63413149375 0.876953125 0.6404728078125 0.875 0.6996584140625 0.8798828125 0.7059997296875 0.9013671875 0.7059997296875 0.90625 0.6912033281250001
1 0.9326171875 0.7102272734375 0.935546875 0.7038859578125 0.9375 0.6447003515625 0.9345703125 0.6383590375 0.9091796875 0.6383590375 0.908203125 0.6404728078125 0.90625 0.6700656109375001 0.90625 0.7038859578125 0.9091796875 0.7102272734375 0.9326171875 0.7102272734375
1 0.9404296875 0.714454815625 0.9619140625 0.718682359375 0.9736328125 0.718682359375 0.974609375 0.7165685875000001 0.9765625 0.7038859578125 0.978515625 0.6573829812499999 0.978515625 0.6531554390625 0.9755859375 0.6468141234375 0.9443359375 0.6425865796875 0.9384765625 0.6425865796875 0.9375 0.6447003515625 0.935546875 0.6912033281250001 0.935546875 0.7081135015625 0.9365234375 0.7102272734375 0.9404296875 0.714454815625
0 0.029296875 0.9068080359374999 0.0322265625 0.91314935 0.0361328125 0.91737689375 0.0419921875 0.91737689375 0.0556640625 0.9089218078125001 0.06640625 0.8898978625 0.064453125 0.8264847124999999 0.0546875 0.6742931546875 0.0517578125 0.659496753125 0.01953125 0.6785206984375 0.015625 0.6912033281250001 0.015625 0.7081135015625 0.02734375 0.8898978625 0.029296875 0.9068080359374999
0 0.0009765625 0 0 0.002113771875 0 0.4713710765625 0.0078125 0.5939698328125 0.01171875 0.6320177218749999 0.0146484375 0.6383590375 0.0302734375 0.62990395 0.0458984375 0.6172213203125 0.048828125 0.6066524624999999 0.048828125 0.581287203125 0.015625 0.031706575 0.013671875 0.0105688578125 0.01171875 0.002113771875 0.0107421875 0 0.0009765625 0
0 0.068359375 0.8856703187500001 0.0732421875 0.896239178125 0.0810546875 0.9004667203125001 0.1083984375 0.896239178125 0.1181640625 0.8877840906250001 0.123046875 0.8772152328124999 0.123046875 0.8433948859375 0.11328125 0.6362452656250001 0.083984375 0.107802353125 0.0810546875 0.0972334953125 0.0732421875 0.093005953125 0.0224609375 0.0972334953125 0.017578125 0.107802353125 0.017578125 0.12471252656250001 0.06640625 0.8772152328124999 0.068359375 0.8856703187500001
0 0.123046875 0.8560775156249999 0.125 0.8814427765625 0.1279296875 0.8877840906250001 0.1357421875 0.892011634375 0.140625 0.8814427765625 0.15625 0.77575419375 0.15625 0.71234104375 0.15234375 0.6024249187499999 0.107421875 0.0951197234375 0.1044921875 0.088778409375 0.0849609375 0.093005953125 0.083984375 0.0951197234375 0.083984375 0.11625744062500001 0.0859375 0.1585328734375 0.123046875 0.8560775156249999
0 0.1689453125 0.892011634375 0.1962890625 0.892011634375 0.201171875 0.8814427765625 0.19921875 0.7884368234375 0.173828125 0.0951197234375 0.1728515625 0.093005953125 0.1337890625 0.093005953125 0.130859375 0.0993472671875 0.1328125 0.1838981328125 0.1640625 0.8772152328124999 0.1689453125 0.892011634375
0 0.1064453125 0 0.10546875 0.002113771875 0.10546875 0.035934117187499996 0.107421875 0.11625744062500001 0.138671875 0.8856703187500001 0.1435546875 0.896239178125 0.1513671875 0.9004667203125001 0.1552734375 0.896239178125 0.162109375 0.8814427765625 0.1640625 0.8729876890625 0.125 0.002113771875 0.1240234375 0 0.1064453125 0
0 0.2060546875 0.9004667203125001 0.2314453125 0.9004667203125001 0.234375 0.89412540625 0.232421875 0.7419338468750001 0.2109375 0.12048498437499999 0.208984375 0.10357481093750001 0.2060546875 0.0972334953125 0.1826171875 0.0972334953125 0.1748046875 0.1014610390625 0.173828125 0.10357481093750001 0.173828125 0.1543053296875 0.201171875 0.8898978625 0.2060546875 0.9004667203125001
0 0.2392578125 0.896239178125 0.2568359375 0.9004667203125001 0.2626953125 0.896239178125 0.265625 0.8898978625 0.265625 0.8772152328124999 0.251953125 0.378365125 0.2421875 0.0697544640625 0.2392578125 0.050730518749999995 0.2138671875 0.050730518749999995 0.208984375 0.061299378125000005 0.234375 0.8560775156249999 0.236328125 0.8898978625 0.2392578125 0.896239178125
0 0.265625 0.8856703187500001 0.2705078125 0.9004667203125001 0.2880859375 0.9046942640625 0.294921875 0.89412540625 0.302734375 0.0655269203125 0.2998046875 0.05918560625 0.2783203125 0.033820346875000004 0.2666015625 0.029592803125 0.2431640625 0.033820346875000004 0.2421875 0.035934117187499996 0.240234375 0.0486167484375 0.240234375 0.057071834375 0.26171875 0.7968919109375 0.265625 0.8856703187500001
0 0.3056640625 0.91737689375 0.3173828125 0.91737689375 0.32421875 0.9110355796875 0.326171875 0.8983529484374999 0.326171875 0.864532603125 0.314453125 0.314951975 0.310546875 0.14585024375 0.30859375 0.10357481093750001 0.3037109375 0.0972334953125 0.2802734375 0.0972334953125 0.27734375 0.10357481093750001 0.275390625 0.11625744062500001 0.294921875 0.9025804921875 0.2978515625 0.91314935 0.3056640625 0.91737689375
0 0.3544921875 0.9089218078125001 0.3876953125 0.9089218078125001 0.39453125 0.8983529484374999 0.39453125 0.8264847124999999 0.38671875 0.1923532203125 0.384765625 0.1585328734375 0.3837890625 0.1564191015625 0.3447265625 0.1564191015625 0.341796875 0.1627604171875 0.341796875 0.21771847968750002 0.3515625 0.89412540625 0.3544921875 0.9089218078125001
0 0.3095703125 0 0.30859375 0.002113771875 0.30859375 0.0993472671875 0.326171875 0.9025804921875 0.328125 0.923718209375 0.3369140625 0.9300595234375001 0.3427734375 0.92583198125 0.3515625 0.9068080359374999 0.39453125 0.07820955156250001 0.39453125 0.019023945312500002 0.3896484375 0 0.3095703125 0
0 0.396484375 0.9025804921875 0.4013671875 0.9089218078125001 0.4228515625 0.9089218078125001 0.42578125 0.9025804921875 0.42578125 0.6024249187499999 0.423828125 0.1331676140625 0.421875 0.11625744062500001 0.4189453125 0.109916125 0.3916015625 0.109916125 0.3876953125 0.11414366875 0.38671875 0.11625744062500001 0.38671875 0.226173565625 0.39453125 0.89412540625 0.396484375 0.9025804921875
0 0.427734375 0.89412540625 0.4306640625 0.9004667203125001 0.4365234375 0.9046942640625 0.4462890625 0.9046942640625 0.451171875 0.8983529484374999 0.451171875 0.6024249187499999 0.447265625 0.1585328734375 0.4443359375 0.1521915578125 0.4248046875 0.1521915578125 0.421875 0.1585328734375 0.421875 0.281131628125 0.42578125 0.8053469968750001 0.427734375 0.89412540625
0 0.4560546875 0.896239178125 0.4736328125 0.896239178125 0.474609375 0.89412540625 0.474609375 0.1331676140625 0.4716796875 0.1183712125 0.4501953125 0.1183712125 0.44921875 0.12048498437499999 0.44921875 0.1965807625 0.453125 0.8898978625 0.4560546875 0.896239178125
0 0.4833984375 0.9089218078125001 0.5185546875 0.9089218078125001 0.521484375 0.8983529484374999 0.52734375 0.09089218125000001 0.525390625 0.08243709375 0.5205078125 0.0760957796875 0.4775390625 0.0760957796875 0.474609375 0.08243709375 0.474609375 0.6869757843750001 0.4765625 0.8983529484374999 0.4833984375 0.9089218078125001
0 0.5400390625 0.9089218078125001 0.544921875 0.8983529484374999 0.548828125 0.2473112828125 0.548828125 0.12894007031250002 0.5458984375 0.12259875468749999 0.5283203125 0.12259875468749999 0.52734375 0.12471252656250001 0.525390625 0.1796705890625 0.5234375 0.6024249187499999 0.5234375 0.9025804921875 0.5263671875 0.9089218078125001 0.5400390625 0.9089218078125001
0 0.5859375 0.9068080359374999 0.587890625 0.8349398000000001 0.591796875 0.281131628125 0.591796875 0.035934117187499996 0.5888671875 0.029592803125 0.5693359375 0.025365259374999997 0.5498046875 0.029592803125 0.546875 0.035934117187499996 0.544921875 0.9068080359374999 0.5498046875 0.91314935 0.5830078125 0.91314935 0.5859375 0.9068080359374999
0 0.6142578125 0.91737689375 0.6455078125 0.91314935 0.650390625 0.8983529484374999 0.666015625 0.0697544640625 0.6650390625 0.06764069218749999 0.5986328125 0.06341315 0.59375 0.0739820078125 0.591796875 0.1796705890625 0.587890625 0.7377063046875 0.587890625 0.9068080359374999 0.5927734375 0.91314935 0.6142578125 0.91737689375
0 0.6796875 0.9068080359374999 0.681640625 0.864532603125 0.6953125 0.166987959375 0.6953125 0.12471252656250001 0.6904296875 0.1183712125 0.6669921875 0.12682629843749998 0.6640625 0.13739515625 0.654296875 0.6024249187499999 0.65234375 0.9068080359374999 0.6572265625 0.91314935 0.6728515625 0.91314935 0.6796875 0.9068080359374999
0 0.7041015625 0.91737689375 0.705078125 0.915263121875 0.70703125 0.8560775156249999 0.71875 0.2134909359375 0.71875 0.1500777875 0.7138671875 0.139508928125 0.6982421875 0.139508928125 0.6953125 0.14585024375 0.68359375 0.6616105250000001 0.6796875 0.8983529484374999 0.681640625 0.9110355796875 0.6865234375 0.91737689375 0.7041015625 0.91737689375
0 0.703125 0.9068080359374999 0.7099609375 0.91737689375 0.7529296875 0.91737689375 0.7568359375 0.91314935 0.759765625 0.9025804921875 0.802734375 0.6869757843750001 0.806640625 0.6193350921875 0.78515625 0.061299378125000005 0.7822265625 0.0549580625 0.7763671875 0.050730518749999995 0.7529296875 0.0465029765625 0.7177734375 0.050730518749999995 0.6748046875 0.093005953125 0.671875 0.0993472671875 0.671875 0.112029896875 0.6875 0.6151075484375 0.703125 0.9068080359374999
0 0.8037109375 0.608766234375 0.80859375 0.598197375 0.810546875 0.5559219421875 0.8203125 0.251538825 0.822265625 0.14585024375 0.8173828125 0.1352813859375 0.7783203125 0.1352813859375 0.775390625 0.14585024375 0.7734375 0.1965807625 0.765625 0.5051914234375 0.765625 0.6024249187499999 0.7666015625 0.604538690625 0.8037109375 0.608766234375
0 0.7939453125 0.91737689375 0.7978515625 0.91314935 0.80078125 0.9025804921875 0.8046875 0.77575419375 0.8046875 0.7038859578125 0.8037109375 0.7017721859375 0.7646484375 0.7017721859375 0.76171875 0.7081135015625 0.759765625 0.7546164765625 0.7578125 0.8433948859375 0.7578125 0.9110355796875 0.7607421875 0.91737689375 0.7939453125 0.91737689375
0 0.7666015625 0.91737689375 0.7880859375 0.91737689375 0.798828125 0.9110355796875 0.80078125 0.9025804921875 0.802734375 0.8560775156249999 0.822265625 0.171215503125 0.822265625 0.14585024375 0.8173828125 0.1352813859375 0.7783203125 0.1352813859375 0.775390625 0.14585024375 0.763671875 0.5770596593749999 0.7578125 0.809574540625 0.7578125 0.9068080359374999 0.7607421875 0.91314935 0.7666015625 0.91737689375
0 0.8173828125 0.91737689375 0.8349609375 0.91737689375 0.83984375 0.9110355796875 0.841796875 0.8898978625 0.869140625 0.12048498437499999 0.869140625 0.07820955156250001 0.8662109375 0.0718682359375 0.8271484375 0.06764069218749999 0.7978515625 0.088778409375 0.78515625 0.107802353125 0.783203125 0.12471252656250001 0.80078125 0.9068080359374999 0.8037109375 0.91314935 0.8173828125 0.91737689375
0 0.8681640625 0.5538081703125 0.8671875 0.5559219421875 0.8681640625 0.5580357140625 0.869140625 0.5559219421875 0.8681640625 0.5538081703125
0 0.869140625 0.915263121875 0.87109375 0.89412540625 0.89453125 0.226173565625 0.89453125 0.1627604171875 0.8916015625 0.1564191015625 0.8720703125 0.1564191015625 0.8671875 0.166987959375 0.859375 0.344544778125 0.84375 0.7884368234375 0.841796875 0.915263121875 0.8466796875 0.9216044374999999 0.8662109375 0.9216044374999999 0.869140625 0.915263121875
0 0.896484375 0.915263121875 0.900390625 0.8433948859375 0.9296875 0.10357481093750001 0.9267578125 0.093005953125 0.9052734375 0.088778409375 0.8916015625 0.088778409375 0.873046875 0.10357481093750001 0.87109375 0.915263121875 0.8740234375 0.9216044374999999 0.8935546875 0.9216044374999999 0.896484375 0.915263121875
0 0.9248046875 0.9216044374999999 0.927734375 0.9068080359374999 0.9296875 0.8687601468749999 0.9609375 0.12894007031250002 0.9609375 0.0993472671875 0.9560546875 0.093005953125 0.9482421875 0.088778409375 0.9326171875 0.093005953125 0.9296875 0.0993472671875 0.90625 0.6658380687500001 0.8984375 0.9025804921875 0.900390625 0.915263121875 0.9052734375 0.9216044374999999 0.9248046875 0.9216044374999999
0 1 0.040161660937499996 0.9990234375 0.0380478890625 0.9716796875 0.0380478890625 0.9638671875 0.0422754328125 0.958984375 0.0486167484375 0.955078125 0.0739820078125 0.927734375 0.8687601468749999 0.927734375 0.9194906656249999 0.9326171875 0.9300595234375001 0.9462890625 0.9342870671875 0.9619140625 0.9342870671875 0.966796875 0.923718209375 0.974609375 0.8729876890625 0.978515625 0.8180296265625 0.98828125 0.6362452656250001 1 0.251538825 1 0.040161660937499996