1 0.033203125 0.77575419375 0.0361328125 0.782095509375 0.0576171875 0.7778679656249999 0.05859375 0.77575419375 0.05859375 0.7546164765625 0.056640625 0.725023675 0.0537109375 0.718682359375 0.0302734375 0.7229099031249999 0.029296875 0.725023675 0.029296875 0.7334787609375 0.03125 0.7630715640625 0.033203125 0.77575419375
1 0.0615234375 0.7778679656249999 0.0869140625 0.7778679656249999 0.08984375 0.77152665 0.087890625 0.7334787609375 0.0849609375 0.718682359375 0.0576171875 0.7229099031249999 0.056640625 0.725023675 0.056640625 0.746161390625 0.05859375 0.77152665 0.0615234375 0.7778679656249999
1 0.0927734375 0.7778679656249999 0.1181640625 0.7736404218749999 0.119140625 0.77152665 0.119140625 0.746161390625 0.1171875 0.72079613125 0.1142578125 0.714454815625 0.0888671875 0.718682359375 0.087890625 0.72079613125 0.087890625 0.7546164765625 0.08984375 0.77152665 0.0927734375 0.7778679656249999
1 0.1240234375 0.7863230515625 0.1376953125 0.7863230515625 0.1494140625 0.782095509375 0.154296875 0.77152665 0.1494140625 0.7229099031249999 0.1201171875 0.7271374453125 0.1171875 0.7334787609375 0.1171875 0.7419338468750001 0.119140625 0.77152665 0.1240234375 0.7863230515625
1 0.154296875 0.7799817375 0.1572265625 0.7905505953125 0.1650390625 0.7905505953125 0.177734375 0.7842092796875 0.17578125 0.7419338468750001 0.1728515625 0.7313649890625 0.1513671875 0.7313649890625 0.150390625 0.7334787609375 0.150390625 0.7419338468750001 0.15234375 0.7630715640625 0.154296875 0.7799817375
1 0.1787109375 0.782095509375 0.2041015625 0.782095509375 0.205078125 0.7799817375 0.205078125 0.7588440203125 0.203125 0.7334787609375 0.2001953125 0.7229099031249999 0.1748046875 0.7229099031249999 0.173828125 0.725023675 0.173828125 0.7377063046875 0.17578125 0.7630715640625 0.1787109375 0.782095509375
1 0.2080078125 0.7905505953125 0.2216796875 0.7905505953125 0.22265625 0.7842092796875 0.220703125 0.746161390625 0.21875 0.7334787609375 0.2177734375 0.7313649890625 0.2041015625 0.7313649890625 0.203125 0.7334787609375 0.203125 0.7546164765625 0.205078125 0.7842092796875 0.2080078125 0.7905505953125
1 0.22265625 0.7884368234375 0.2236328125 0.7905505953125 0.2373046875 0.7905505953125 0.2431640625 0.7863230515625 0.244140625 0.7842092796875 0.244140625 0.77152665 0.2421875 0.7377063046875 0.240234375 0.7292512171875 0.2392578125 0.7271374453125 0.2314453125 0.7271374453125 0.2197265625 0.7313649890625 0.21875 0.7334787609375 0.21875 0.7419338468750001 0.220703125 0.77575419375 0.22265625 0.7884368234375
1 0.2587890625 0.7863230515625 0.259765625 0.7799817375 0.2578125 0.7419338468750001 0.255859375 0.7292512171875 0.2548828125 0.7271374453125 0.2431640625 0.7271374453125 0.240234375 0.7334787609375 0.244140625 0.7842092796875 0.2451171875 0.7863230515625 0.2587890625 0.7863230515625
1 0.259765625 0.7842092796875 0.2607421875 0.7863230515625 0.2822265625 0.7863230515625 0.283203125 0.7842092796875 0.283203125 0.7588440203125 0.28125 0.7292512171875 0.2783203125 0.7229099031249999 0.2587890625 0.7229099031249999 0.255859375 0.7292512171875 0.255859375 0.7419338468750001 0.2578125 0.77575419375 0.259765625 0.7842092796875
1 0.2861328125 0.7905505953125 0.3037109375 0.7905505953125 0.3046875 0.7884368234375 0.3046875 0.7588440203125 0.302734375 0.7292512171875 0.3017578125 0.7271374453125 0.2958984375 0.7271374453125 0.2822265625 0.7313649890625 0.28125 0.7334787609375 0.28125 0.7546164765625 0.283203125 0.7842092796875 0.2861328125 0.7905505953125
1 0.3076171875 0.7863230515625 0.3251953125 0.782095509375 0.326171875 0.7799817375 0.326171875 0.77152665 0.32421875 0.7292512171875 0.3212890625 0.7229099031249999 0.3037109375 0.7229099031249999 0.302734375 0.725023675 0.302734375 0.7546164765625 0.3046875 0.7799817375 0.3076171875 0.7863230515625
1 0.3271484375 0.7863230515625 0.3466796875 0.7863230515625 0.357421875 0.7799817375 0.35546875 0.7334787609375 0.3525390625 0.7229099031249999 0.3388671875 0.7229099031249999 0.3251953125 0.7271374453125 0.32421875 0.7292512171875 0.32421875 0.7546164765625 0.326171875 0.7842092796875 0.3271484375 0.7863230515625
1 0.3837890625 0.7863230515625 0.38671875 0.7799817375 0.38671875 0.7546164765625 0.384765625 0.725023675 0.3837890625 0.7229099031249999 0.3564453125 0.7229099031249999 0.35546875 0.725023675 0.35546875 0.7630715640625 0.3583984375 0.7863230515625 0.3837890625 0.7863230515625
1 0.4150390625 0.7863230515625 0.416015625 0.7842092796875 0.416015625 0.77152665 0.4140625 0.7292512171875 0.4111328125 0.7229099031249999 0.3876953125 0.7229099031249999 0.384765625 0.7292512171875 0.38671875 0.7799817375 0.3896484375 0.7863230515625 0.4150390625 0.7863230515625
1 0.4169921875 0.7905505953125 0.4326171875 0.7905505953125 0.4384765625 0.7863230515625 0.439453125 0.7842092796875 0.439453125 0.750388934375 0.4375 0.725023675 0.4365234375 0.7229099031249999 0.4326171875 0.7229099031249999 0.4150390625 0.7271374453125 0.4140625 0.7292512171875 0.4140625 0.7630715640625 0.416015625 0.7884368234375 0.4169921875 0.7905505953125
1 0.4404296875 0.782095509375 0.4443359375 0.7863230515625 0.4677734375 0.7863230515625 0.470703125 0.7799817375 0.46875 0.7292512171875 0.4658203125 0.7229099031249999 0.4384765625 0.7229099031249999 0.4375 0.725023675 0.4375 0.7377063046875 0.439453125 0.7799817375 0.4404296875 0.782095509375
1 0.4736328125 0.7947781390624999 0.4951171875 0.7905505953125 0.498046875 0.7842092796875 0.49609375 0.7292512171875 0.4951171875 0.7271374453125 0.4833984375 0.7271374453125 0.4697265625 0.7313649890625 0.46875 0.7334787609375 0.46875 0.750388934375 0.470703125 0.7842092796875 0.4736328125 0.7947781390624999
1 0.4990234375 0.7863230515625 0.5166015625 0.7905505953125 0.5341796875 0.7863230515625 0.537109375 0.7799817375 0.53515625 0.725023675 0.5341796875 0.7229099031249999 0.4970703125 0.7229099031249999 0.49609375 0.725023675 0.49609375 0.7546164765625 0.498046875 0.7842092796875 0.4990234375 0.7863230515625
1 0.5732421875 0.7947781390624999 0.58203125 0.7884368234375 0.58203125 0.7334787609375 0.5791015625 0.7271374453125 0.5380859375 0.7271374453125 0.53515625 0.7334787609375 0.537109375 0.7842092796875 0.5419921875 0.7947781390624999 0.5732421875 0.7947781390624999
1 0.5869140625 0.7947781390624999 0.6103515625 0.7947781390624999 0.61328125 0.7884368234375 0.611328125 0.7292512171875 0.6103515625 0.7271374453125 0.5830078125 0.7271374453125 0.58203125 0.7292512171875 0.58203125 0.77152665 0.583984375 0.7884368234375 0.5869140625 0.7947781390624999
1 0.6162109375 0.7947781390624999 0.6435546875 0.7905505953125 0.64453125 0.7884368234375 0.64453125 0.7419338468750001 0.6416015625 0.7229099031249999 0.6123046875 0.7271374453125 0.611328125 0.7292512171875 0.611328125 0.7377063046875 0.61328125 0.7884368234375 0.6162109375 0.7947781390624999
1 0.6474609375 0.7863230515625 0.6630859375 0.7863230515625 0.6640625 0.7842092796875 0.6640625 0.7419338468750001 0.662109375 0.72079613125 0.6611328125 0.718682359375 0.6455078125 0.718682359375 0.64453125 0.72079613125 0.64453125 0.77152665 0.646484375 0.7842092796875 0.6474609375 0.7863230515625
1 0.7060546875 0.7905505953125 0.708984375 0.7842092796875 0.708984375 0.746161390625 0.7060546875 0.7229099031249999 0.6650390625 0.7229099031249999 0.6640625 0.725023675 0.6640625 0.7799817375 0.6669921875 0.7905505953125 0.7060546875 0.7905505953125
1 0.7294921875 0.7947781390624999 0.732421875 0.7884368234375 0.73046875 0.725023675 0.7294921875 0.7229099031249999 0.7099609375 0.7229099031249999 0.708984375 0.725023675 0.708984375 0.7884368234375 0.7119140625 0.7947781390624999 0.7294921875 0.7947781390624999
1 0.7607421875 0.7863230515625 0.763671875 0.7799817375 0.76171875 0.725023675 0.7587890625 0.718682359375 0.7314453125 0.718682359375 0.73046875 0.72079613125 0.73046875 0.7588440203125 0.7333984375 0.7863230515625 0.7607421875 0.7863230515625
1 0.7666015625 0.7947781390624999 0.7763671875 0.7990056812499999 0.7939453125 0.7990056812499999 0.8056640625 0.7947781390624999 0.80859375 0.7884368234375 0.80859375 0.725023675 0.8056640625 0.718682359375 0.7626953125 0.7229099031249999 0.76171875 0.725023675 0.76171875 0.7588440203125 0.763671875 0.7884368234375 0.7666015625 0.7947781390624999
1 0.8154296875 0.7863230515625 0.8466796875 0.7863230515625 0.8515625 0.7799817375 0.8515625 0.7292512171875 0.8486328125 0.7102272734375 0.8095703125 0.714454815625 0.80859375 0.7165685875000001 0.80859375 0.77152665 0.8115234375 0.782095509375 0.8154296875 0.7863230515625
1 0.8896484375 0.7990056812499999 0.892578125 0.7926643671875 0.892578125 0.7672991078125 0.890625 0.725023675 0.8896484375 0.7229099031249999 0.8525390625 0.7271374453125 0.8515625 0.7292512171875 0.8515625 0.77152665 0.8544921875 0.7990056812499999 0.8896484375 0.7990056812499999
0 0 0.3276346046875 0.044921875 0.9406283828124999 0.0498046875 0.9511972406250001 0.0556640625 0.9554247828125 0.0693359375 0.9554247828125 0.0703125 0.9533110125 0.083984375 0.2684489984375 0.078125 0.2134909359375 0.0732421875 0.202922078125 0.0322265625 0.194466990625 0.0068359375 0.194466990625 0.0009765625 0.198694534375 0 0.20080830624999998 0 0.3276346046875
0 0.056640625 0.7165685875000001 0.0595703125 0.7229099031249999 0.0810546875 0.718682359375 0.083984375 0.71234104375 0.083984375 0.6869757843750001 0.05859375 0.314951975 0.0576171875 0.312838203125 0.0478515625 0.312838203125 0.0302734375 0.317065746875 0.0263671875 0.321293290625 0.025390625 0.3234070609375 0.025390625 0.344544778125 0.052734375 0.695430871875 0.056640625 0.7165685875000001
0 0.1064453125 0.9554247828125 0.1142578125 0.9596523265625001 0.1298828125 0.9554247828125 0.130859375 0.9533110125 0.130859375 0.915263121875 0.1015625 0.4798261640625 0.0986328125 0.46925730468750004 0.0927734375 0.46925730468750004 0.0712890625 0.48616747812499994 0.068359375 0.49250879375 0.068359375 0.4967363359375 0.1015625 0.9406283828124999 0.1064453125 0.9554247828125
0 0.1328125 0.9533110125 0.1396484375 0.9638798703125 0.1572265625 0.9638798703125 0.1640625 0.9533110125 0.1640625 0.9194906656249999 0.162109375 0.8814427765625 0.115234375 0.25576636875 0.11328125 0.2388561953125 0.1103515625 0.23251488125000003 0.1044921875 0.23251488125000003 0.0869140625 0.2494250546875 0.0859375 0.251538825 0.0859375 0.281131628125 0.130859375 0.944855925 0.1328125 0.9533110125
0 0.166015625 0.9533110125 0.1689453125 0.9596523265625001 0.1845703125 0.9596523265625001 0.1875 0.9533110125 0.1875 0.923718209375 0.15625 0.1838981328125 0.1552734375 0.1817843609375 0.1494140625 0.1817843609375 0.1220703125 0.1902394484375 0.115234375 0.20080830624999998 0.11328125 0.2092633921875 0.11328125 0.24308373906249997 0.1640625 0.9406283828124999 0.166015625 0.9533110125
0 0.189453125 0.9617660984375 0.1923828125 0.9681074140625 0.2060546875 0.9681074140625 0.2099609375 0.9638798703125 0.21484375 0.9533110125 0.25 0.26422145625 0.2451171875 0.23251488125000003 0.1982421875 0.22405979375 0.1572265625 0.22405979375 0.1455078125 0.2282873375 0.142578125 0.234628653125 0.146484375 0.3064968890625 0.1875 0.944855925 0.189453125 0.9617660984375
0 0.2197265625 0.9638798703125 0.2236328125 0.9638798703125 0.2265625 0.9575385546874999 0.228515625 0.9321732953125 0.224609375 0.8138020828125001 0.20703125 0.5094189671875 0.1953125 0.3276346046875 0.193359375 0.3022693453125 0.1904296875 0.2959280296875 0.1826171875 0.2959280296875 0.177734375 0.31072443125000004 0.171875 0.34877232187499996 0.21484375 0.9406283828124999 0.216796875 0.9575385546874999 0.2197265625 0.9638798703125
0 0.2333984375 0.9681074140625 0.2509765625 0.9681074140625 0.251953125 0.9659936421875001 0.25390625 0.9364008390624999 0.216796875 0.293814259375 0.2119140625 0.28747294375 0.2041015625 0.28747294375 0.1943359375 0.2917004875 0.193359375 0.293814259375 0.193359375 0.3064968890625 0.23046875 0.9490834687499999 0.2333984375 0.9681074140625
0 0.25390625 0.9659936421875001 0.2587890625 0.9723349562499999 0.2646484375 0.9723349562499999 0.267578125 0.9659936421875001 0.267578125 0.9533110125 0.26171875 0.801119453125 0.24609375 0.5347842265625 0.23046875 0.3022693453125 0.2275390625 0.2917004875 0.2216796875 0.2917004875 0.216796875 0.3022693453125 0.216796875 0.3276346046875 0.251953125 0.9364008390624999 0.25390625 0.9659936421875001
0 0.2705078125 0.9765625 0.2900390625 0.9765625 0.29296875 0.9659936421875001 0.29296875 0.9617660984375 0.28515625 0.801119453125 0.255859375 0.3064968890625 0.2529296875 0.28747294375 0.2333984375 0.28747294375 0.23046875 0.293814259375 0.23046875 0.314951975 0.267578125 0.9702211843749999 0.2705078125 0.9765625
0 0.2939453125 0.9723349562499999 0.3017578125 0.9765625 0.3076171875 0.9765625 0.314453125 0.9702211843749999 0.314453125 0.9533110125 0.279296875 0.293814259375 0.26953125 0.234628653125 0.2568359375 0.2282873375 0.2509765625 0.23251488125000003 0.25 0.234628653125 0.25 0.251538825 0.291015625 0.944855925 0.2939453125 0.9723349562499999
0 0.31640625 0.9702211843749999 0.3193359375 0.9765625 0.3291015625 0.9765625 0.3359375 0.9659936421875001 0.3359375 0.944855925 0.31640625 0.2684489984375 0.3154296875 0.26633522656249997 0.2822265625 0.26633522656249997 0.279296875 0.27267654218750004 0.27734375 0.281131628125 0.3125 0.9406283828124999 0.314453125 0.9617660984375 0.31640625 0.9702211843749999
0 0.3359375 0.9659936421875001 0.3408203125 0.9765625 0.3603515625 0.9765625 0.365234375 0.9659936421875001 0.35546875 0.7292512171875 0.333984375 0.293814259375 0.3291015625 0.2790178578125 0.3056640625 0.2832454 0.3017578125 0.28747294375 0.30078125 0.289586715625 0.30078125 0.31072443125000004 0.3046875 0.4206405578125 0.3359375 0.9659936421875001
0 0.36328125 0.9575385546874999 0.3671875 0.974448728125 0.3759765625 0.9850175859375 0.3857421875 0.9850175859375 0.3896484375 0.9807900437500001 0.39453125 0.9702211843749999 0.39453125 0.9364008390624999 0.37890625 0.5897422890625 0.36328125 0.289586715625 0.361328125 0.27267654218750004 0.3583984375 0.26633522656249997 0.3447265625 0.26633522656249997 0.3349609375 0.2705627703125 0.33203125 0.2769040859375 0.33203125 0.28535917187500004 0.361328125 0.9321732953125 0.36328125 0.9575385546874999
0 0.4208984375 0.9807900437500001 0.423828125 0.974448728125 0.423828125 0.9321732953125 0.390625 0.226173565625 0.3876953125 0.21983225156250003 0.3798828125 0.21983225156250003 0.3681640625 0.22405979375 0.361328125 0.23040110937499997 0.359375 0.251538825 0.39453125 0.9659936421875001 0.4013671875 0.9807900437500001 0.4208984375 0.9807900437500001
0 0.4267578125 0.9807900437500001 0.4462890625 0.9807900437500001 0.447265625 0.978676271875 0.46875 0.166987959375 0.466796875 0.1500777875 0.4619140625 0.139508928125 0.4580078125 0.1352813859375 0.4091796875 0.1014610390625 0.3896484375 0.1014610390625 0.3828125 0.11625744062500001 0.3828125 0.13739515625 0.423828125 0.974448728125 0.4267578125 0.9807900437500001
0 0.4501953125 0.9765625 0.4560546875 0.9807900437500001 0.4716796875 0.9807900437500001 0.478515625 0.9702211843749999 0.47265625 0.20503585000000002 0.4697265625 0.198694534375 0.4541015625 0.1902394484375 0.4267578125 0.1902394484375 0.4169921875 0.194466990625 0.4140625 0.20080830624999998 0.4140625 0.21771847968750002 0.447265625 0.9575385546874999 0.4501953125 0.9765625
0 0.478515625 0.9659936421875001 0.4833984375 0.9807900437500001 0.5029296875 0.9807900437500001 0.505859375 0.974448728125 0.505859375 0.9279457515624999 0.4765625 0.25576636875 0.4736328125 0.24519751093750003 0.4501953125 0.2494250546875 0.447265625 0.25576636875 0.447265625 0.28535917187500004 0.4765625 0.9406283828124999 0.478515625 0.9659936421875001
0 0.505859375 0.9702211843749999 0.5078125 0.978676271875 0.5146484375 0.9934726734374999 0.5263671875 0.9977002171875 0.5380859375 0.9934726734374999 0.54296875 0.9829038156250001 0.564453125 0.2219460234375 0.564453125 0.1838981328125 0.5576171875 0.173329275 0.5107421875 0.1352813859375 0.4931640625 0.1352813859375 0.4775390625 0.139508928125 0.4736328125 0.143736471875 0.47265625 0.14585024375 0.47265625 0.1923532203125 0.478515625 0.34877232187499996 0.505859375 0.9702211843749999
0 0.544921875 0.9829038156250001 0.5537109375 0.9934726734374999 0.5869140625 0.9934726734374999 0.58984375 0.9871313578124999 0.58984375 0.9575385546874999 0.572265625 0.45023336093750005 0.56640625 0.293814259375 0.564453125 0.2684489984375 0.5615234375 0.25365259687499997 0.5205078125 0.262107684375 0.51953125 0.26422145625 0.51953125 0.3234070609375 0.521484375 0.3825926671875 0.544921875 0.9829038156250001
0 0.591796875 0.9913589015625 0.5966796875 0.9977002171875 0.6142578125 0.9977002171875 0.6171875 0.9913589015625 0.6171875 0.9110355796875 0.61328125 0.7546164765625 0.59765625 0.3022693453125 0.595703125 0.27267654218750004 0.591796875 0.2388561953125 0.5888671875 0.23251488125000003 0.5654296875 0.23251488125000003 0.564453125 0.234628653125 0.5625 0.24308373906249997 0.5625 0.25576636875 0.58984375 0.9829038156250001 0.591796875 0.9913589015625
0 0.6259765625 0.9977002171875 0.6474609375 0.9977002171875 0.65234375 0.9871313578124999 0.65234375 0.9702211843749999 0.630859375 0.281131628125 0.626953125 0.251538825 0.6240234375 0.2409699671875 0.6025390625 0.2282873375 0.5927734375 0.2282873375 0.58984375 0.234628653125 0.619140625 0.974448728125 0.62109375 0.9913589015625 0.6259765625 0.9977002171875
0 0.6552734375 0.9977002171875 0.6708984375 0.9977002171875 0.671875 0.9955864453125001 0.671875 0.9871313578124999 0.646484375 0.1838981328125 0.6435546875 0.17755681875 0.6298828125 0.17755681875 0.6259765625 0.1817843609375 0.625 0.1838981328125 0.625 0.1923532203125 0.65234375 0.9913589015625 0.6552734375 0.9977002171875
0 0.671875 0.9913589015625 0.6748046875 0.9977002171875 0.7119140625 0.9977002171875 0.71484375 0.9913589015625 0.71484375 0.9659936421875001 0.697265625 0.1838981328125 0.6943359375 0.1648741890625 0.6494140625 0.173329275 0.646484375 0.1796705890625 0.646484375 0.2388561953125 0.669921875 0.9659936421875001 0.671875 0.9913589015625
0 0.7177734375 0.9977002171875 0.7353515625 0.9977002171875 0.736328125 0.9955864453125001 0.736328125 0.944855925 0.734375 0.8518499734375 0.71875 0.2134909359375 0.7119140625 0.202922078125 0.6982421875 0.20714962187500002 0.6953125 0.2134909359375 0.6953125 0.28535917187500004 0.71484375 0.9913589015625 0.7177734375 0.9977002171875
0 0.7392578125 0.9977002171875 0.7666015625 0.9977002171875 0.767578125 0.9955864453125001 0.767578125 0.9406283828124999 0.765625 0.8560775156249999 0.748046875 0.251538825 0.7451171875 0.24519751093750003 0.7431640625 0.24519751093750003 0.7216796875 0.25365259687499997 0.71875 0.25999391250000004 0.720703125 0.41218547031249997 0.736328125 0.978676271875 0.7392578125 0.9977002171875
0 0.76953125 0.9913589015625 0.7724609375 0.9977002171875 0.8115234375 0.9977002171875 0.814453125 0.9829038156250001 0.796875 0.12894007031250002 0.7939453125 0.12259875468749999 0.7802734375 0.12259875468749999 0.7451171875 0.1310538421875 0.744140625 0.1331676140625 0.7421875 0.1416227 0.7421875 0.1500777875 0.767578125 0.974448728125 0.76953125 0.9913589015625
0 0.814453125 0.9829038156250001 0.81640625 0.9913589015625 0.8212890625 0.9977002171875 0.8525390625 0.9977002171875 0.857421875 0.9871313578124999 0.857421875 0.9659936421875001 0.83984375 0.20503585000000002 0.8349609375 0.194466990625 0.8115234375 0.198694534375 0.8017578125 0.202922078125 0.798828125 0.2092633921875 0.798828125 0.251538825 0.806640625 0.6700656109375001 0.814453125 0.9829038156250001
0 0.8935546875 0.9977002171875 0.89453125 0.9955864453125001 0.89453125 0.8898978625 0.880859375 0.1796705890625 0.8779296875 0.173329275 0.8720703125 0.173329275 0.8427734375 0.1817843609375 0.8369140625 0.1860119046875 0.8359375 0.1923532203125 0.857421875 0.9913589015625 0.8603515625 0.9977002171875 0.8935546875 0.9977002171875