1 0.0361328125 0.655269209375 0.0390625 0.6489278953125 0.04296875 0.6108800046875 0.04296875 0.598197375 0.0361328125 0.5918560609375 0.0205078125 0.5918560609375 0.017578125 0.598197375 0.013671875 0.6320177218749999 0.013671875 0.6489278953125 0.0146484375 0.6510416671875 0.0361328125 0.655269209375
1 0.0615234375 0.659496753125 0.064453125 0.6531554390625 0.068359375 0.6193350921875 0.068359375 0.6024249187499999 0.0673828125 0.600311146875 0.0615234375 0.5960836031250001 0.0537109375 0.5960836031250001 0.0439453125 0.600311146875 0.041015625 0.6151075484375 0.0390625 0.6404728078125 0.0390625 0.6573829812499999 0.0400390625 0.659496753125 0.0615234375 0.659496753125
1 0.0986328125 0.655269209375 0.099609375 0.6531554390625 0.103515625 0.6108800046875 0.103515625 0.598197375 0.1025390625 0.5960836031250001 0.0712890625 0.5960836031250001 0.068359375 0.6024249187499999 0.064453125 0.6447003515625 0.064453125 0.6531554390625 0.0654296875 0.655269209375 0.0986328125 0.655269209375
1 0.1357421875 0.659496753125 0.138671875 0.6531554390625 0.140625 0.6277901781249999 0.140625 0.6024249187499999 0.1396484375 0.600311146875 0.1337890625 0.5960836031250001 0.1064453125 0.5960836031250001 0.103515625 0.6024249187499999 0.1015625 0.6193350921875 0.099609375 0.6404728078125 0.099609375 0.6531554390625 0.1005859375 0.655269209375 0.1357421875 0.659496753125
1 0.1630859375 0.659496753125 0.166015625 0.6531554390625 0.16796875 0.6193350921875 0.16796875 0.6024249187499999 0.1669921875 0.600311146875 0.1435546875 0.600311146875 0.140625 0.6108800046875 0.138671875 0.6320177218749999 0.138671875 0.6573829812499999 0.1396484375 0.659496753125 0.1630859375 0.659496753125
1 0.19921875 0.6573829812499999 0.203125 0.6108800046875 0.1982421875 0.600311146875 0.1708984375 0.600311146875 0.16796875 0.6066524624999999 0.1640625 0.6531554390625 0.1669921875 0.659496753125 0.1962890625 0.663724296875 0.19921875 0.6573829812499999
1 0.2548828125 0.655269209375 0.2578125 0.6489278953125 0.259765625 0.6193350921875 0.259765625 0.598197375 0.2587890625 0.5960836031250001 0.2509765625 0.5918560609375 0.2099609375 0.5918560609375 0.203125 0.6024249187499999 0.201171875 0.6235626359374999 0.201171875 0.6531554390625 0.2021484375 0.655269209375 0.2548828125 0.655269209375
1 0.2958984375 0.659496753125 0.298828125 0.6531554390625 0.298828125 0.598197375 0.2978515625 0.5960836031250001 0.2626953125 0.5960836031250001 0.259765625 0.6024249187499999 0.2578125 0.6277901781249999 0.2578125 0.6573829812499999 0.2587890625 0.659496753125 0.2958984375 0.659496753125
1 0.3349609375 0.655269209375 0.3359375 0.6531554390625 0.337890625 0.6024249187499999 0.3349609375 0.5960836031250001 0.3017578125 0.5960836031250001 0.30078125 0.598197375 0.298828125 0.6193350921875 0.298828125 0.6531554390625 0.2998046875 0.655269209375 0.3349609375 0.655269209375
1 0.3603515625 0.659496753125 0.36328125 0.6362452656250001 0.36328125 0.6024249187499999 0.3603515625 0.5960836031250001 0.3388671875 0.5960836031250001 0.337890625 0.598197375 0.3359375 0.6108800046875 0.3359375 0.6573829812499999 0.3369140625 0.659496753125 0.3603515625 0.659496753125
1 0.396484375 0.6573829812499999 0.3984375 0.6066524624999999 0.3955078125 0.600311146875 0.3662109375 0.600311146875 0.36328125 0.6066524624999999 0.361328125 0.6573829812499999 0.3642578125 0.663724296875 0.3935546875 0.663724296875 0.396484375 0.6573829812499999
1 0.4267578125 0.663724296875 0.427734375 0.6616105250000001 0.4296875 0.6531554390625 0.4296875 0.6024249187499999 0.4287109375 0.600311146875 0.3994140625 0.600311146875 0.3984375 0.6024249187499999 0.396484375 0.6320177218749999 0.396484375 0.6573829812499999 0.3974609375 0.659496753125 0.4267578125 0.663724296875
1 0.4892578125 0.659496753125 0.4921875 0.6531554390625 0.4921875 0.6024249187499999 0.4892578125 0.5960836031250001 0.4365234375 0.5960836031250001 0.43359375 0.6024249187499999 0.43359375 0.6531554390625 0.4365234375 0.659496753125 0.4892578125 0.659496753125
1 0.5517578125 0.655269209375 0.552734375 0.6531554390625 0.552734375 0.6024249187499999 0.5478515625 0.5918560609375 0.5341796875 0.5876285171875 0.5126953125 0.5876285171875 0.4970703125 0.5918560609375 0.4921875 0.6024249187499999 0.4921875 0.6531554390625 0.4931640625 0.655269209375 0.5517578125 0.655269209375
1 0.5966796875 0.655269209375 0.59765625 0.6531554390625 0.59765625 0.598197375 0.5966796875 0.5960836031250001 0.5888671875 0.5918560609375 0.5654296875 0.5918560609375 0.5556640625 0.5960836031250001 0.5546875 0.598197375 0.5546875 0.6531554390625 0.5556640625 0.655269209375 0.5966796875 0.655269209375
1 0.6416015625 0.659496753125 0.64453125 0.6531554390625 0.642578125 0.598197375 0.6416015625 0.5960836031250001 0.6337890625 0.5918560609375 0.6162109375 0.5918560609375 0.6005859375 0.5960836031250001 0.599609375 0.598197375 0.599609375 0.6573829812499999 0.6005859375 0.659496753125 0.6416015625 0.659496753125
1 0.6455078125 0.659496753125 0.6767578125 0.659496753125 0.6796875 0.6531554390625 0.6796875 0.6235626359374999 0.6767578125 0.5960836031250001 0.6708984375 0.5918560609375 0.6533203125 0.5918560609375 0.6455078125 0.5960836031250001 0.642578125 0.6024249187499999 0.642578125 0.6277901781249999 0.64453125 0.6573829812499999 0.6455078125 0.659496753125
1 0.7099609375 0.655269209375 0.7109375 0.6531554390625 0.7109375 0.6151075484375 0.708984375 0.598197375 0.7060546875 0.5918560609375 0.6826171875 0.5918560609375 0.677734375 0.6024249187499999 0.6796875 0.6531554390625 0.6826171875 0.659496753125 0.7099609375 0.655269209375
1 0.7119140625 0.655269209375 0.7197265625 0.655269209375 0.720703125 0.6531554390625 0.720703125 0.6066524624999999 0.7177734375 0.5960836031250001 0.7099609375 0.5960836031250001 0.708984375 0.598197375 0.708984375 0.6151075484375 0.7109375 0.6531554390625 0.7119140625 0.655269209375
1 0.7529296875 0.659496753125 0.763671875 0.6531554390625 0.763671875 0.6193350921875 0.7607421875 0.5960836031250001 0.7216796875 0.5960836031250001 0.720703125 0.598197375 0.720703125 0.6362452656250001 0.7236328125 0.659496753125 0.7529296875 0.659496753125
1 0.7919921875 0.6510416671875 0.79296875 0.6447003515625 0.791015625 0.6066524624999999 0.7890625 0.5939698328125 0.7841796875 0.5876285171875 0.7646484375 0.5876285171875 0.76171875 0.5939698328125 0.763671875 0.6447003515625 0.7666015625 0.6510416671875 0.7919921875 0.6510416671875
1 0.7978515625 0.6510416671875 0.8291015625 0.6510416671875 0.830078125 0.6489278953125 0.830078125 0.6193350921875 0.828125 0.5939698328125 0.8251953125 0.5876285171875 0.8095703125 0.5834009734375 0.7939453125 0.5876285171875 0.79296875 0.5897422890625 0.79296875 0.6235626359374999 0.794921875 0.6447003515625 0.7978515625 0.6510416671875
1 0.8330078125 0.6468141234375 0.8623046875 0.6468141234375 0.865234375 0.6404728078125 0.86328125 0.5855147453125 0.8603515625 0.5749458875 0.8310546875 0.57917343125 0.828125 0.5855147453125 0.828125 0.6024249187499999 0.830078125 0.6404728078125 0.8330078125 0.6468141234375
1 0.8701171875 0.6425865796875 0.9111328125 0.6425865796875 0.912109375 0.6404728078125 0.908203125 0.5855147453125 0.9052734375 0.57917343125 0.8701171875 0.57917343125 0.8662109375 0.5834009734375 0.865234375 0.5855147453125 0.865234375 0.6024249187499999 0.8671875 0.6320177218749999 0.8701171875 0.6425865796875
1 0.9150390625 0.6468141234375 0.9384765625 0.6425865796875 0.939453125 0.6404728078125 0.939453125 0.6024249187499999 0.9375 0.581287203125 0.9365234375 0.57917343125 0.9111328125 0.57917343125 0.91015625 0.581287203125 0.91015625 0.6151075484375 0.912109375 0.6404728078125 0.9150390625 0.6468141234375
1 0.9619140625 0.6425865796875 0.96484375 0.6362452656250001 0.96484375 0.6277901781249999 0.9609375 0.5770596593749999 0.9599609375 0.5749458875 0.9404296875 0.5749458875 0.9375 0.581287203125 0.94140625 0.6362452656250001 0.9443359375 0.6425865796875 0.9619140625 0.6425865796875
0 0 0.8476224296874999 0.0009765625 0.8497362015625001 0.0166015625 0.8539637453125 0.0205078125 0.8497362015625001 0.0234375 0.83916734375 0.1015625 0.226173565625 0.1015625 0.20503585000000002 0.0830078125 0.173329275 0.0791015625 0.16910173125 0.0634765625 0.16910173125 0.0595703125 0.173329275 0.0546875 0.1838981328125 0.05078125 0.20503585000000002 0 0.71234104375 0 0.8476224296874999
0 0.0732421875 0.8581912875000001 0.0810546875 0.8539637453125 0.0859375 0.8180296265625 0.13671875 0.251538825 0.138671875 0.21771847968750002 0.138671875 0.1881256765625 0.1376953125 0.1860119046875 0.1083984375 0.1860119046875 0.103515625 0.20080830624999998 0.052734375 0.7842092796875 0.048828125 0.8349398000000001 0.048828125 0.8518499734375 0.0537109375 0.8581912875000001 0.0732421875 0.8581912875000001
0 0.0458984375 0.8539637453125 0.048828125 0.8349398000000001 0.072265625 0.5770596593749999 0.095703125 0.3022693453125 0.099609375 0.251538825 0.099609375 0.234628653125 0.0986328125 0.23251488125000003 0.0791015625 0.23251488125000003 0.076171875 0.24308373906249997 0.064453125 0.3572274078125 0.03125 0.725023675 0.0234375 0.8264847124999999 0.0234375 0.8476224296874999 0.0263671875 0.8539637453125 0.0458984375 0.8539637453125
0 0.123046875 0.8433948859375 0.1796875 0.20080830624999998 0.1748046875 0.1902394484375 0.1708984375 0.1860119046875 0.1435546875 0.1860119046875 0.138671875 0.20080830624999998 0.083984375 0.8180296265625 0.08203125 0.8433948859375 0.0849609375 0.8539637453125 0.1201171875 0.8539637453125 0.123046875 0.8433948859375
0 0.1474609375 0.8539637453125 0.150390625 0.8476224296874999 0.15625 0.7799817375 0.185546875 0.37413758124999996 0.193359375 0.251538825 0.193359375 0.21771847968750002 0.1923828125 0.2156047078125 0.1865234375 0.2113771640625 0.1806640625 0.2113771640625 0.173828125 0.2219460234375 0.169921875 0.2388561953125 0.16015625 0.36145495156249996 0.123046875 0.83071225625 0.123046875 0.8518499734375 0.1240234375 0.8539637453125 0.1474609375 0.8539637453125
0 0.1611328125 0.8581912875000001 0.1806640625 0.8581912875000001 0.1845703125 0.8539637453125 0.1875 0.8433948859375 0.236328125 0.1965807625 0.2294921875 0.1860119046875 0.2021484375 0.1817843609375 0.197265625 0.1881256765625 0.1953125 0.2092633921875 0.150390625 0.83916734375 0.150390625 0.8476224296874999 0.1533203125 0.8539637453125 0.1611328125 0.8581912875000001
0 0.2431640625 0.8581912875000001 0.24609375 0.8476224296874999 0.275390625 0.3529998640625 0.28125 0.234628653125 0.28125 0.2134909359375 0.2802734375 0.2113771640625 0.2587890625 0.20714962187500002 0.2470703125 0.20714962187500002 0.2353515625 0.2113771640625 0.23046875 0.2219460234375 0.2265625 0.25576636875 0.1875 0.8138020828125001 0.1875 0.8518499734375 0.1904296875 0.8581912875000001 0.2431640625 0.8581912875000001
0 0.2841796875 0.8581912875000001 0.2890625 0.8349398000000001 0.310546875 0.41218547031249997 0.3203125 0.2092633921875 0.3203125 0.1796705890625 0.3173828125 0.173329275 0.2900390625 0.173329275 0.283203125 0.1838981328125 0.251953125 0.7334787609375 0.24609375 0.8518499734375 0.2509765625 0.86241883125 0.2802734375 0.86241883125 0.2841796875 0.8581912875000001
0 0.3212890625 0.86241883125 0.326171875 0.8476224296874999 0.37109375 0.1923532203125 0.36328125 0.1627604171875 0.3525390625 0.1352813859375 0.3486328125 0.1310538421875 0.3251953125 0.1352813859375 0.322265625 0.1585328734375 0.318359375 0.226173565625 0.2890625 0.8053469968750001 0.2890625 0.860305059375 0.2900390625 0.86241883125 0.3212890625 0.86241883125
0 0.353515625 0.8560775156249999 0.357421875 0.7926643671875 0.376953125 0.26422145625 0.376953125 0.2219460234375 0.3701171875 0.2113771640625 0.3603515625 0.2113771640625 0.3564453125 0.2156047078125 0.353515625 0.2219460234375 0.3515625 0.2388561953125 0.328125 0.801119453125 0.326171875 0.8560775156249999 0.3271484375 0.8581912875000001 0.3505859375 0.86241883125 0.353515625 0.8560775156249999
0 0.3876953125 0.86241883125 0.390625 0.8560775156249999 0.416015625 0.20503585000000002 0.416015625 0.1923532203125 0.4111328125 0.17755681875 0.3935546875 0.17755681875 0.3818359375 0.1817843609375 0.37890625 0.1881256765625 0.373046875 0.3276346046875 0.35546875 0.8138020828125001 0.35546875 0.8560775156249999 0.3603515625 0.86241883125 0.3876953125 0.86241883125
0 0.423828125 0.860305059375 0.42578125 0.8264847124999999 0.44140625 0.2388561953125 0.44140625 0.226173565625 0.4365234375 0.2113771640625 0.4130859375 0.2113771640625 0.41015625 0.21771847968750002 0.404296875 0.3699100375 0.39453125 0.6912033281250001 0.390625 0.8560775156249999 0.3935546875 0.86241883125 0.4228515625 0.86241883125 0.423828125 0.860305059375
0 0.4833984375 0.86241883125 0.48828125 0.8518499734375 0.490234375 0.8053469968750001 0.4921875 0.6742931546875 0.494140625 0.47559862031250005 0.494140625 0.2473112828125 0.4912109375 0.2409699671875 0.4853515625 0.236742425 0.4462890625 0.236742425 0.44140625 0.24308373906249997 0.439453125 0.251538825 0.4375 0.3022693453125 0.43359375 0.462915990625 0.42578125 0.8053469968750001 0.42578125 0.8518499734375 0.4306640625 0.86241883125 0.4833984375 0.86241883125
0 0.552734375 0.8518499734375 0.5546875 0.5559219421875 0.5546875 0.23040110937499997 0.5498046875 0.21983225156250003 0.5458984375 0.2156047078125 0.5361328125 0.2113771640625 0.5205078125 0.2113771640625 0.5009765625 0.2156047078125 0.49609375 0.226173565625 0.494140625 0.3529998640625 0.490234375 0.8518499734375 0.4970703125 0.86241883125 0.5478515625 0.86241883125 0.552734375 0.8518499734375
0 0.5947265625 0.86241883125 0.59765625 0.8560775156249999 0.59765625 0.5051914234375 0.595703125 0.23040110937499997 0.59375 0.21771847968750002 0.5888671875 0.2113771640625 0.5654296875 0.2113771640625 0.5595703125 0.2156047078125 0.5546875 0.226173565625 0.5546875 0.8560775156249999 0.5576171875 0.86241883125 0.5947265625 0.86241883125
0 0.6025390625 0.86241883125 0.6396484375 0.866646375 0.64453125 0.860305059375 0.64453125 0.6742931546875 0.63671875 0.2219460234375 0.6337890625 0.2113771640625 0.6044921875 0.2113771640625 0.5986328125 0.2156047078125 0.595703125 0.2219460234375 0.595703125 0.293814259375 0.599609375 0.8518499734375 0.6025390625 0.86241883125
0 0.6494140625 0.86241883125 0.6552734375 0.866646375 0.6767578125 0.8708739171875 0.6826171875 0.866646375 0.685546875 0.860305059375 0.685546875 0.77152665 0.673828125 0.20503585000000002 0.6689453125 0.194466990625 0.6435546875 0.1902394484375 0.63671875 0.20503585000000002 0.63671875 0.226173565625 0.646484375 0.8560775156249999 0.6494140625 0.86241883125
0 0.6875 0.8560775156249999 0.6904296875 0.86241883125 0.7138671875 0.86241883125 0.716796875 0.8560775156249999 0.716796875 0.8138020828125001 0.701171875 0.2219460234375 0.69921875 0.1796705890625 0.6923828125 0.173329275 0.6708984375 0.173329275 0.66796875 0.1796705890625 0.66796875 0.1923532203125 0.6796875 0.6742931546875 0.6875 0.8560775156249999
0 0.7197265625 0.86241883125 0.7255859375 0.86241883125 0.728515625 0.8560775156249999 0.728515625 0.8518499734375 0.7109375 0.3022693453125 0.708984375 0.289586715625 0.7080078125 0.28747294375 0.7041015625 0.28747294375 0.701171875 0.293814259375 0.71484375 0.8138020828125001 0.716796875 0.8560775156249999 0.7197265625 0.86241883125
0 0.728515625 0.860305059375 0.7353515625 0.866646375 0.7626953125 0.866646375 0.7705078125 0.86241883125 0.7734375 0.8560775156249999 0.7734375 0.83916734375 0.748046875 0.226173565625 0.74609375 0.2092633921875 0.7412109375 0.198694534375 0.7373046875 0.194466990625 0.7197265625 0.194466990625 0.7099609375 0.202922078125 0.705078125 0.2134909359375 0.703125 0.226173565625 0.703125 0.26422145625 0.7265625 0.8476224296874999 0.728515625 0.860305059375
0 0.7978515625 0.86241883125 0.80078125 0.8560775156249999 0.80078125 0.83071225625 0.7734375 0.21771847968750002 0.771484375 0.20080830624999998 0.7685546875 0.194466990625 0.7470703125 0.194466990625 0.744140625 0.20080830624999998 0.7734375 0.8518499734375 0.7783203125 0.86241883125 0.7978515625 0.86241883125
0 0.8037109375 0.86241883125 0.8388671875 0.86241883125 0.841796875 0.8560775156249999 0.841796875 0.83916734375 0.810546875 0.1881256765625 0.8056640625 0.17755681875 0.7939453125 0.16910173125 0.7763671875 0.1817843609375 0.771484375 0.1923532203125 0.771484375 0.20080830624999998 0.80078125 0.8518499734375 0.8037109375 0.86241883125
0 0.8447265625 0.86241883125 0.8759765625 0.86241883125 0.87890625 0.8518499734375 0.87890625 0.83916734375 0.83984375 0.1627604171875 0.8349609375 0.147964015625 0.8134765625 0.1521915578125 0.806640625 0.1627604171875 0.8046875 0.171215503125 0.833984375 0.7292512171875 0.841796875 0.8560775156249999 0.8447265625 0.86241883125
0 0.9208984375 0.86241883125 0.92578125 0.8560775156249999 0.923828125 0.7968919109375 0.8828125 0.14585024375 0.880859375 0.1331676140625 0.8779296875 0.12682629843749998 0.8505859375 0.12682629843749998 0.8427734375 0.1310538421875 0.837890625 0.13739515625 0.8359375 0.1500777875 0.87890625 0.8518499734375 0.8837890625 0.86241883125 0.9208984375 0.86241883125
0 0.9541015625 0.8581912875000001 0.95703125 0.8518499734375 0.95703125 0.8433948859375 0.91015625 0.10357481093750001 0.9091796875 0.1014610390625 0.8857421875 0.1014610390625 0.880859375 0.107802353125 0.87890625 0.12048498437499999 0.92578125 0.8518499734375 0.9326171875 0.86241883125 0.9541015625 0.8581912875000001
0 0.955078125 0.83071225625 0.95703125 0.8518499734375 0.9599609375 0.8581912875000001 0.9775390625 0.8581912875000001 0.984375 0.8518499734375 0.984375 0.8349398000000001 0.93359375 0.1585328734375 0.9287109375 0.147964015625 0.9130859375 0.147964015625 0.912109375 0.1500777875 0.912109375 0.1923532203125 0.939453125 0.6151075484375 0.955078125 0.83071225625