1 0.0888671875 0.6679518390625 0.091796875 0.6616105250000001 0.09375 0.6066524624999999 0.091796875 0.598197375 0.0908203125 0.5960836031250001 0.0595703125 0.5960836031250001 0.056640625 0.6024249187499999 0.056640625 0.6658380687500001 0.0576171875 0.6679518390625 0.0888671875 0.6679518390625
1 0.1201171875 0.6721793828125 0.125 0.6658380687500001 0.125 0.6024249187499999 0.1240234375 0.600311146875 0.0947265625 0.600311146875 0.09375 0.6024249187499999 0.091796875 0.6404728078125 0.091796875 0.6658380687500001 0.0947265625 0.6721793828125 0.1201171875 0.6721793828125
1 0.1572265625 0.6679518390625 0.16015625 0.6573829812499999 0.16015625 0.6024249187499999 0.1572265625 0.5960836031250001 0.1298828125 0.600311146875 0.12890625 0.6024249187499999 0.126953125 0.6193350921875 0.126953125 0.6658380687500001 0.1279296875 0.6679518390625 0.1572265625 0.6679518390625
1 0.1826171875 0.6721793828125 0.185546875 0.6658380687500001 0.185546875 0.6024249187499999 0.1845703125 0.600311146875 0.1630859375 0.600311146875 0.162109375 0.6024249187499999 0.162109375 0.6700656109375001 0.1630859375 0.6721793828125 0.1826171875 0.6721793828125
1 0.2177734375 0.6721793828125 0.2314453125 0.6679518390625 0.232421875 0.6658380687500001 0.232421875 0.6024249187499999 0.2314453125 0.600311146875 0.1884765625 0.600311146875 0.1875 0.6024249187499999 0.185546875 0.6235626359374999 0.185546875 0.6700656109375001 0.1865234375 0.6721793828125 0.2177734375 0.6721793828125
1 0.2451171875 0.6721793828125 0.24609375 0.6700656109375001 0.248046875 0.6362452656250001 0.248046875 0.6066524624999999 0.2451171875 0.600311146875 0.2353515625 0.600311146875 0.232421875 0.6066524624999999 0.232421875 0.6700656109375001 0.2333984375 0.6721793828125 0.2451171875 0.6721793828125
1 0.271484375 0.6658380687500001 0.271484375 0.6066524624999999 0.2685546875 0.600311146875 0.2509765625 0.600311146875 0.248046875 0.6066524624999999 0.24609375 0.6658380687500001 0.2490234375 0.6721793828125 0.2685546875 0.6721793828125 0.271484375 0.6658380687500001
1 0.2763671875 0.6806344703125 0.3232421875 0.6764069265625 0.32421875 0.6742931546875 0.326171875 0.6573829812499999 0.326171875 0.6151075484375 0.3232421875 0.608766234375 0.2763671875 0.604538690625 0.2734375 0.6108800046875 0.271484375 0.6235626359374999 0.271484375 0.6742931546875 0.2724609375 0.6764069265625 0.2763671875 0.6806344703125
1 0.3662109375 0.6806344703125 0.4072265625 0.6806344703125 0.41015625 0.6700656109375001 0.41015625 0.6151075484375 0.4052734375 0.608766234375 0.3369140625 0.608766234375 0.3359375 0.6108800046875 0.333984375 0.6404728078125 0.333984375 0.6700656109375001 0.3369140625 0.6764069265625 0.3662109375 0.6806344703125
1 0.458984375 0.682748240625 0.458984375 0.6193350921875 0.4580078125 0.6172213203125 0.4287109375 0.6129937765625 0.423828125 0.6193350921875 0.421875 0.6785206984375 0.4248046875 0.6848620125 0.4560546875 0.68908955625 0.458984375 0.682748240625
1 0.4951171875 0.6848620125 0.498046875 0.6785206984375 0.498046875 0.6151075484375 0.4970703125 0.6129937765625 0.4619140625 0.6129937765625 0.458984375 0.6193350921875 0.458984375 0.6785206984375 0.4599609375 0.6806344703125 0.4951171875 0.6848620125
1 0.5224609375 0.6806344703125 0.5234375 0.6785206984375 0.5234375 0.6151075484375 0.5224609375 0.6129937765625 0.4990234375 0.6129937765625 0.498046875 0.6151075484375 0.498046875 0.6785206984375 0.4990234375 0.6806344703125 0.5224609375 0.6806344703125
1 0.5595703125 0.6848620125 0.560546875 0.682748240625 0.560546875 0.6193350921875 0.5595703125 0.6172213203125 0.5302734375 0.6129937765625 0.5263671875 0.6129937765625 0.525390625 0.6151075484375 0.5234375 0.6235626359374999 0.5234375 0.6785206984375 0.5263671875 0.6848620125 0.5595703125 0.6848620125
1 0.5771484375 0.6848620125 0.580078125 0.6785206984375 0.580078125 0.6193350921875 0.5712890625 0.6129937765625 0.5654296875 0.6129937765625 0.5625 0.6193350921875 0.560546875 0.6404728078125 0.560546875 0.6785206984375 0.5634765625 0.6848620125 0.5771484375 0.6848620125
1 0.595703125 0.6658380687500001 0.595703125 0.6193350921875 0.5947265625 0.6172213203125 0.5810546875 0.6172213203125 0.580078125 0.6193350921875 0.578125 0.6785206984375 0.5810546875 0.6848620125 0.5927734375 0.6848620125 0.595703125 0.6658380687500001
1 0.6240234375 0.68908955625 0.6650390625 0.68908955625 0.66796875 0.682748240625 0.66796875 0.6277901781249999 0.6650390625 0.6214488640625 0.6396484375 0.6172213203125 0.6005859375 0.6172213203125 0.59765625 0.6235626359374999 0.59765625 0.682748240625 0.5986328125 0.6848620125 0.6240234375 0.68908955625
1 0.7021484375 0.68908955625 0.705078125 0.682748240625 0.703125 0.6193350921875 0.7021484375 0.6172213203125 0.6787109375 0.6172213203125 0.677734375 0.6193350921875 0.67578125 0.6277901781249999 0.677734375 0.682748240625 0.6806640625 0.68908955625 0.7021484375 0.68908955625
1 0.7236328125 0.6848620125 0.7275390625 0.68908955625 0.7333984375 0.68908955625 0.7548828125 0.6848620125 0.755859375 0.682748240625 0.755859375 0.6531554390625 0.75390625 0.6193350921875 0.7509765625 0.6129937765625 0.7236328125 0.6172213203125 0.720703125 0.6235626359374999 0.720703125 0.6447003515625 0.72265625 0.682748240625 0.7236328125 0.6848620125
1 0.7587890625 0.68908955625 0.7822265625 0.68908955625 0.783203125 0.6869757843750001 0.783203125 0.6447003515625 0.78125 0.6235626359374999 0.7783203125 0.6172213203125 0.7568359375 0.6214488640625 0.755859375 0.6235626359374999 0.755859375 0.6616105250000001 0.7578125 0.6869757843750001 0.7587890625 0.68908955625
1 0.8134765625 0.68908955625 0.814453125 0.6869757843750001 0.814453125 0.6616105250000001 0.8125 0.6235626359374999 0.8115234375 0.6214488640625 0.7841796875 0.6214488640625 0.78125 0.6277901781249999 0.783203125 0.682748240625 0.7861328125 0.68908955625 0.8134765625 0.68908955625
1 0.8154296875 0.68908955625 0.8369140625 0.68908955625 0.837890625 0.6869757843750001 0.837890625 0.6489278953125 0.8359375 0.6235626359374999 0.8349609375 0.6214488640625 0.8134765625 0.6214488640625 0.8125 0.6235626359374999 0.8125 0.6531554390625 0.814453125 0.6869757843750001 0.8154296875 0.68908955625
1 0.8681640625 0.68908955625 0.869140625 0.6869757843750001 0.869140625 0.6447003515625 0.8671875 0.6235626359374999 0.8662109375 0.6214488640625 0.8388671875 0.6214488640625 0.8359375 0.6277901781249999 0.837890625 0.682748240625 0.8408203125 0.68908955625 0.8681640625 0.68908955625
1 0.8779296875 0.68908955625 0.8896484375 0.68908955625 0.9052734375 0.6848620125 0.90625 0.682748240625 0.904296875 0.6362452656250001 0.9013671875 0.6172213203125 0.8798828125 0.6172213203125 0.8740234375 0.6214488640625 0.873046875 0.6235626359374999 0.873046875 0.6489278953125 0.875 0.682748240625 0.8779296875 0.68908955625
1 0.9072265625 0.68908955625 0.9443359375 0.68908955625 0.94921875 0.682748240625 0.947265625 0.6320177218749999 0.9443359375 0.6172213203125 0.9052734375 0.6214488640625 0.904296875 0.6235626359374999 0.904296875 0.6531554390625 0.90625 0.6869757843750001 0.9072265625 0.68908955625
1 0.9736328125 0.6848620125 0.9892578125 0.6806344703125 0.990234375 0.6785206984375 0.98828125 0.6193350921875 0.9853515625 0.6129937765625 0.9658203125 0.6129937765625 0.9482421875 0.6172213203125 0.9453125 0.6235626359374999 0.94921875 0.6785206984375 0.9521484375 0.6848620125 0.9736328125 0.6848620125
0 0.0791015625 0.9046942640625 0.083984375 0.8983529484374999 0.0859375 0.8814427765625 0.103515625 0.1881256765625 0.103515625 0.13739515625 0.1025390625 0.1352813859375 0.0986328125 0.1310538421875 0.0693359375 0.1310538421875 0.06640625 0.13739515625 0.048828125 0.8433948859375 0.048828125 0.8983529484374999 0.0517578125 0.9046942640625 0.0791015625 0.9046942640625
0 0.1396484375 0.9089218078125001 0.1513671875 0.9046942640625 0.154296875 0.8983529484374999 0.189453125 0.0739820078125 0.18359375 0.057071834375 0.1708984375 0.029592803125 0.1435546875 0.029592803125 0.140625 0.0486167484375 0.138671875 0.107802353125 0.12109375 0.8264847124999999 0.12109375 0.9025804921875 0.1298828125 0.9089218078125001 0.1396484375 0.9089218078125001
0 0.119140625 0.8898978625 0.126953125 0.598197375 0.13671875 0.12471252656250001 0.1337890625 0.11414366875 0.1083984375 0.11414366875 0.10546875 0.12048498437499999 0.087890625 0.77152665 0.0859375 0.8983529484374999 0.0888671875 0.9046942640625 0.1142578125 0.9046942640625 0.119140625 0.8898978625
0 0.1845703125 0.600311146875 0.1875 0.581287203125 0.197265625 0.0993472671875 0.197265625 0.09089218125000001 0.1943359375 0.084550865625 0.1865234375 0.08032332187499999 0.1767578125 0.08032332187499999 0.17578125 0.08243709375 0.171875 0.12048498437499999 0.169921875 0.1881256765625 0.162109375 0.5939698328125 0.1650390625 0.604538690625 0.1767578125 0.604538690625 0.1845703125 0.600311146875
0 0.1845703125 0.9089218078125001 0.2197265625 0.9089218078125001 0.224609375 0.8983529484374999 0.2265625 0.8856703187500001 0.228515625 0.8433948859375 0.244140625 0.13739515625 0.244140625 0.0443892046875 0.2412109375 0.0380478890625 0.2353515625 0.033820346875000004 0.2060546875 0.029592803125 0.201171875 0.035934117187499996 0.19921875 0.0443892046875 0.197265625 0.0655269203125 0.18359375 0.72079613125 0.181640625 0.8433948859375 0.181640625 0.8898978625 0.18359375 0.9068080359374999 0.1845703125 0.9089218078125001
0 0.2490234375 0 0.2421875 0.0147964015625 0.240234375 0.0232514875 0.2265625 0.8687601468749999 0.2265625 0.9025804921875 0.2294921875 0.9089218078125001 0.2392578125 0.9089218078125001 0.2421875 0.9025804921875 0.27734375 0.0866646375 0.27734375 0.0697544640625 0.2734375 0.0105688578125 0.2705078125 0 0.2490234375 0
0 0.2626953125 0.9089218078125001 0.265625 0.9025804921875 0.2734375 0.6193350921875 0.28125 0.1838981328125 0.28125 0.11625744062500001 0.2763671875 0.1056885828125 0.2646484375 0.1056885828125 0.2578125 0.12048498437499999 0.255859375 0.14585024375 0.24609375 0.6362452656250001 0.2421875 0.8476224296874999 0.2421875 0.9025804921875 0.2490234375 0.9089218078125001 0.2626953125 0.9089218078125001
0 0.3134765625 0.9089218078125001 0.3193359375 0.9046942640625 0.322265625 0.8983529484374999 0.345703125 0.1543053296875 0.345703125 0.10357481093750001 0.341796875 0.0697544640625 0.337890625 0.052844290625 0.3310546875 0.0422754328125 0.3056640625 0.033820346875000004 0.2861328125 0.0380478890625 0.283203125 0.0443892046875 0.28125 0.0697544640625 0.267578125 0.89412540625 0.2705078125 0.9046942640625 0.2841796875 0.9089218078125001 0.3134765625 0.9089218078125001
0 0.4150390625 0.9089218078125001 0.41796875 0.8898978625 0.419921875 0.8222571703125 0.427734375 0.251538825 0.427734375 0.1965807625 0.42578125 0.1838981328125 0.4228515625 0.17755681875 0.4169921875 0.173329275 0.4033203125 0.16910173125 0.3740234375 0.1648741890625 0.3388671875 0.1648741890625 0.333984375 0.175443046875 0.33203125 0.234628653125 0.326171875 0.6489278953125 0.32421875 0.9025804921875 0.3310546875 0.91314935 0.4091796875 0.91314935 0.4150390625 0.9089218078125001
0 0.455078125 0.9068080359374999 0.45703125 0.8264847124999999 0.46875 0.14585024375 0.46875 0.13739515625 0.4638671875 0.12682629843749998 0.4580078125 0.12259875468749999 0.4326171875 0.12259875468749999 0.4296875 0.1331676140625 0.421875 0.6277901781249999 0.419921875 0.9025804921875 0.4248046875 0.91314935 0.4521484375 0.91314935 0.455078125 0.9068080359374999
0 0.494140625 0.9110355796875 0.49609375 0.8729876890625 0.501953125 0.45023336093750005 0.50390625 0.175443046875 0.4990234375 0.1606466453125 0.4697265625 0.1606466453125 0.466796875 0.175443046875 0.46484375 0.20080830624999998 0.458984375 0.581287203125 0.455078125 0.9068080359374999 0.4599609375 0.91737689375 0.4912109375 0.91737689375 0.494140625 0.9110355796875
0 0.5224609375 0.6129937765625 0.5234375 0.6108800046875 0.52734375 0.37413758124999996 0.52734375 0.25576636875 0.5244140625 0.24519751093750003 0.5068359375 0.22405979375 0.50390625 0.226173565625 0.501953125 0.3234070609375 0.5 0.48828125 0.5 0.6108800046875 0.5009765625 0.6129937765625 0.5224609375 0.6129937765625
0 0.556640625 0.9068080359374999 0.55859375 0.8560775156249999 0.5703125 0.09089218125000001 0.5673828125 0.084550865625 0.5517578125 0.08032332187499999 0.5361328125 0.08032332187499999 0.53125 0.09089218125000001 0.529296875 0.0993472671875 0.52734375 0.1416227 0.521484375 0.9068080359374999 0.5244140625 0.91314935 0.5537109375 0.91314935 0.556640625 0.9068080359374999
0 0.5712890625 0.91737689375 0.57421875 0.9110355796875 0.576171875 0.8983529484374999 0.587890625 0.20080830624999998 0.587890625 0.107802353125 0.5830078125 0.1014610390625 0.5751953125 0.1014610390625 0.5703125 0.11625744062500001 0.568359375 0.166987959375 0.5625 0.5009638796875 0.556640625 0.9068080359374999 0.5595703125 0.91314935 0.5654296875 0.91737689375 0.5712890625 0.91737689375
0 0.5888671875 0.91314935 0.591796875 0.8898978625 0.603515625 0.13739515625 0.603515625 0.112029896875 0.5947265625 0.1056885828125 0.5927734375 0.1056885828125 0.58984375 0.112029896875 0.587890625 0.14585024375 0.580078125 0.5305566828125 0.576171875 0.7588440203125 0.576171875 0.9110355796875 0.5771484375 0.91314935 0.5888671875 0.91314935
0 0.6630859375 0.91737689375 0.671875 0.9110355796875 0.671875 0.4671435328125 0.669921875 0.2134909359375 0.66796875 0.1627604171875 0.6669921875 0.1606466453125 0.6123046875 0.147964015625 0.6083984375 0.147964015625 0.6015625 0.1627604171875 0.59375 0.7968919109375 0.59375 0.9068080359374999 0.6005859375 0.91737689375 0.6630859375 0.91737689375
0 0.673828125 0.8983529484374999 0.6767578125 0.9089218078125001 0.6865234375 0.91737689375 0.7021484375 0.91737689375 0.70703125 0.9110355796875 0.70703125 0.8349398000000001 0.705078125 0.6658380687500001 0.6953125 0.12048498437499999 0.6904296875 0.1056885828125 0.6787109375 0.1056885828125 0.6728515625 0.109916125 0.666015625 0.12471252656250001 0.662109375 0.1416227 0.662109375 0.1500777875 0.671875 0.83916734375 0.673828125 0.8983529484374999
0 0.708984375 0.89412540625 0.7138671875 0.9046942640625 0.7392578125 0.9216044374999999 0.7568359375 0.9216044374999999 0.7626953125 0.91737689375 0.765625 0.9110355796875 0.765625 0.8560775156249999 0.740234375 0.1838981328125 0.73828125 0.1543053296875 0.7333984375 0.139508928125 0.7119140625 0.139508928125 0.7041015625 0.147964015625 0.6953125 0.166987959375 0.6953125 0.20503585000000002 0.70703125 0.8687601468749999 0.708984375 0.89412540625
0 0.767578125 0.9068080359374999 0.7744140625 0.91737689375 0.7900390625 0.91737689375 0.794921875 0.9110355796875 0.794921875 0.8983529484374999 0.759765625 0.1331676140625 0.7568359375 0.11414366875 0.7373046875 0.11414366875 0.7333984375 0.1183712125 0.728515625 0.12894007031250002 0.728515625 0.1331676140625 0.765625 0.89412540625 0.767578125 0.9068080359374999
0 0.7978515625 0.91737689375 0.8232421875 0.91737689375 0.826171875 0.9110355796875 0.826171875 0.89412540625 0.794921875 0.1965807625 0.79296875 0.171215503125 0.7900390625 0.1564191015625 0.7626953125 0.1564191015625 0.759765625 0.1627604171875 0.759765625 0.1838981328125 0.794921875 0.9110355796875 0.7978515625 0.91737689375
0 0.8291015625 0.91314935 0.8349609375 0.91737689375 0.8408203125 0.91737689375 0.8466796875 0.91314935 0.849609375 0.9025804921875 0.849609375 0.8983529484374999 0.814453125 0.12894007031250002 0.8115234375 0.12259875468749999 0.7958984375 0.12259875468749999 0.7783203125 0.143736471875 0.775390625 0.1500777875 0.775390625 0.1543053296875 0.826171875 0.9068080359374999 0.8291015625 0.91314935
0 0.849609375 0.8983529484374999 0.8544921875 0.91314935 0.8779296875 0.91314935 0.880859375 0.9025804921875 0.880859375 0.89412540625 0.84765625 0.1627604171875 0.8427734375 0.147964015625 0.8330078125 0.143736471875 0.8291015625 0.143736471875 0.818359375 0.1543053296875 0.81640625 0.166987959375 0.82421875 0.37413758124999996 0.8359375 0.6447003515625 0.849609375 0.8983529484374999
0 0.87890625 0.8729876890625 0.880859375 0.8898978625 0.8837890625 0.9004667203125001 0.8916015625 0.9089218078125001 0.9033203125 0.91314935 0.9150390625 0.9089218078125001 0.91796875 0.9025804921875 0.91796875 0.8772152328124999 0.8828125 0.175443046875 0.87890625 0.14585024375 0.8740234375 0.1352813859375 0.8681640625 0.1352813859375 0.8525390625 0.143736471875 0.84765625 0.1543053296875 0.84765625 0.1965807625 0.86328125 0.5601494859375 0.87890625 0.8729876890625
0 0.9189453125 0.91314935 0.9443359375 0.91314935 0.9580078125 0.9089218078125001 0.958984375 0.9068080359374999 0.958984375 0.8772152328124999 0.94921875 0.6658380687500001 0.921875 0.175443046875 0.919921875 0.1585328734375 0.9169921875 0.1521915578125 0.9072265625 0.147964015625 0.8994140625 0.147964015625 0.8876953125 0.1521915578125 0.8837890625 0.1564191015625 0.880859375 0.1627604171875 0.880859375 0.166987959375 0.91796875 0.9110355796875 0.9189453125 0.91314935
0 0.9453125 0.6066524624999999 0.9482421875 0.6129937765625 0.9833984375 0.6129937765625 0.986328125 0.6066524624999999 0.986328125 0.568604571875 0.96875 0.20503585000000002 0.96484375 0.1500777875 0.9619140625 0.143736471875 0.9287109375 0.143736471875 0.9208984375 0.147964015625 0.919921875 0.1500777875 0.919921875 0.166987959375 0.9375 0.48828125 0.9453125 0.6066524624999999