1 0.0224609375 0.7271374453125 0.0400390625 0.7271374453125 0.041015625 0.725023675 0.041015625 0.6996584140625 0.0390625 0.6700656109375001 0.0380859375 0.6679518390625 0.0205078125 0.6679518390625 0.01953125 0.6700656109375001 0.01953125 0.71234104375 0.021484375 0.725023675 0.0224609375 0.7271374453125
1 0.0439453125 0.7271374453125 0.0712890625 0.7271374453125 0.072265625 0.725023675 0.072265625 0.6912033281250001 0.0703125 0.6700656109375001 0.0673828125 0.663724296875 0.0400390625 0.6679518390625 0.0390625 0.6700656109375001 0.0390625 0.6869757843750001 0.041015625 0.72079613125 0.0439453125 0.7271374453125
1 0.0751953125 0.7271374453125 0.0927734375 0.7271374453125 0.095703125 0.72079613125 0.095703125 0.7165685875000001 0.091796875 0.6658380687500001 0.0908203125 0.663724296875 0.0732421875 0.663724296875 0.072265625 0.6658380687500001 0.0703125 0.6742931546875 0.072265625 0.71234104375 0.07421875 0.725023675 0.0751953125 0.7271374453125
1 0.1240234375 0.7229099031249999 0.126953125 0.7165685875000001 0.125 0.6658380687500001 0.1240234375 0.663724296875 0.0947265625 0.663724296875 0.09375 0.6658380687500001 0.09375 0.7081135015625 0.0966796875 0.7229099031249999 0.1240234375 0.7229099031249999
1 0.1279296875 0.7229099031249999 0.1435546875 0.7229099031249999 0.14453125 0.72079613125 0.14453125 0.7038859578125 0.142578125 0.6658380687500001 0.1416015625 0.663724296875 0.1259765625 0.663724296875 0.125 0.6658380687500001 0.125 0.7081135015625 0.126953125 0.72079613125 0.1279296875 0.7229099031249999
1 0.1455078125 0.7229099031249999 0.1630859375 0.7229099031249999 0.1640625 0.72079613125 0.1640625 0.6658380687500001 0.1591796875 0.659496753125 0.1455078125 0.659496753125 0.142578125 0.6658380687500001 0.142578125 0.7038859578125 0.14453125 0.72079613125 0.1455078125 0.7229099031249999
1 0.1826171875 0.7229099031249999 0.185546875 0.7165685875000001 0.185546875 0.682748240625 0.18359375 0.6616105250000001 0.1826171875 0.659496753125 0.1650390625 0.659496753125 0.162109375 0.6658380687500001 0.1640625 0.7165685875000001 0.1669921875 0.7229099031249999 0.1826171875 0.7229099031249999
1 0.1884765625 0.7229099031249999 0.2080078125 0.7229099031249999 0.216796875 0.7165685875000001 0.216796875 0.6742931546875 0.21484375 0.6616105250000001 0.2119140625 0.655269209375 0.1865234375 0.659496753125 0.18359375 0.6658380687500001 0.18359375 0.6700656109375001 0.185546875 0.7165685875000001 0.1884765625 0.7229099031249999
1 0.2568359375 0.718682359375 0.259765625 0.71234104375 0.259765625 0.6742931546875 0.2568359375 0.655269209375 0.2177734375 0.655269209375 0.216796875 0.6573829812499999 0.216796875 0.71234104375 0.2197265625 0.718682359375 0.2568359375 0.718682359375
1 0.2978515625 0.714454815625 0.298828125 0.71234104375 0.298828125 0.6531554390625 0.2978515625 0.6510416671875 0.2607421875 0.6510416671875 0.259765625 0.6531554390625 0.259765625 0.7081135015625 0.2626953125 0.714454815625 0.2978515625 0.714454815625
1 0.3134765625 0.714454815625 0.314453125 0.71234104375 0.314453125 0.6531554390625 0.3134765625 0.6510416671875 0.2998046875 0.6510416671875 0.298828125 0.6531554390625 0.298828125 0.7038859578125 0.3017578125 0.714454815625 0.3134765625 0.714454815625
1 0.3310546875 0.718682359375 0.3427734375 0.714454815625 0.34375 0.71234104375 0.34375 0.6869757843750001 0.341796875 0.6531554390625 0.3408203125 0.6510416671875 0.3154296875 0.6510416671875 0.314453125 0.6531554390625 0.314453125 0.7081135015625 0.3193359375 0.718682359375 0.3310546875 0.718682359375
1 0.3447265625 0.714454815625 0.3759765625 0.714454815625 0.376953125 0.71234104375 0.376953125 0.6531554390625 0.3720703125 0.6425865796875 0.3427734375 0.6468141234375 0.341796875 0.6489278953125 0.341796875 0.6658380687500001 0.34375 0.71234104375 0.3447265625 0.714454815625
1 0.3798828125 0.714454815625 0.3974609375 0.714454815625 0.3984375 0.71234104375 0.3984375 0.6573829812499999 0.396484375 0.6489278953125 0.3955078125 0.6468141234375 0.3779296875 0.6468141234375 0.376953125 0.6489278953125 0.376953125 0.695430871875 0.37890625 0.71234104375 0.3798828125 0.714454815625
1 0.4013671875 0.714454815625 0.4130859375 0.714454815625 0.416015625 0.7081135015625 0.416015625 0.6616105250000001 0.4140625 0.6489278953125 0.4111328125 0.6425865796875 0.3974609375 0.6468141234375 0.396484375 0.6489278953125 0.396484375 0.6616105250000001 0.3984375 0.7081135015625 0.4013671875 0.714454815625
1 0.4189453125 0.7102272734375 0.4501953125 0.7102272734375 0.455078125 0.7038859578125 0.453125 0.6447003515625 0.4501953125 0.6383590375 0.4169921875 0.6425865796875 0.416015625 0.6447003515625 0.416015625 0.6742931546875 0.41796875 0.7081135015625 0.4189453125 0.7102272734375
1 0.5048828125 0.7102272734375 0.5341796875 0.7059997296875 0.53515625 0.7038859578125 0.53515625 0.6489278953125 0.5322265625 0.63413149375 0.4912109375 0.6383590375 0.4833984375 0.6425865796875 0.482421875 0.6489278953125 0.484375 0.6912033281250001 0.4873046875 0.7102272734375 0.5048828125 0.7102272734375
1 0.5400390625 0.7102272734375 0.5810546875 0.7059997296875 0.583984375 0.6996584140625 0.583984375 0.6404728078125 0.5810546875 0.63413149375 0.5361328125 0.6383590375 0.53515625 0.6404728078125 0.53515625 0.6616105250000001 0.537109375 0.7038859578125 0.5400390625 0.7102272734375
1 0.6201171875 0.6933171 0.625 0.682748240625 0.623046875 0.6235626359374999 0.6220703125 0.6214488640625 0.6064453125 0.6214488640625 0.5869140625 0.62567640625 0.5859375 0.6277901781249999 0.5859375 0.6869757843750001 0.5888671875 0.6933171 0.6201171875 0.6933171
1 0.6689453125 0.7017721859375 0.677734375 0.695430871875 0.677734375 0.6404728078125 0.6748046875 0.62567640625 0.6298828125 0.62990395 0.626953125 0.6362452656250001 0.626953125 0.6912033281250001 0.6298828125 0.7017721859375 0.6689453125 0.7017721859375
1 0.6826171875 0.6975446421875 0.7119140625 0.6975446421875 0.724609375 0.6912033281250001 0.724609375 0.6531554390625 0.72265625 0.6235626359374999 0.7216796875 0.6214488640625 0.6884765625 0.6214488640625 0.6787109375 0.62567640625 0.677734375 0.6277901781249999 0.677734375 0.6616105250000001 0.6796875 0.6912033281250001 0.6826171875 0.6975446421875
1 0.7529296875 0.68908955625 0.75390625 0.6869757843750001 0.75390625 0.6362452656250001 0.751953125 0.6151075484375 0.7509765625 0.6129937765625 0.7255859375 0.6129937765625 0.72265625 0.6193350921875 0.724609375 0.6869757843750001 0.7255859375 0.68908955625 0.7529296875 0.68908955625
1 0.7861328125 0.68908955625 0.791015625 0.682748240625 0.791015625 0.6151075484375 0.7880859375 0.608766234375 0.7548828125 0.6129937765625 0.75390625 0.6151075484375 0.75390625 0.682748240625 0.7568359375 0.68908955625 0.7861328125 0.68908955625
1 0.7939453125 0.6806344703125 0.8330078125 0.6806344703125 0.833984375 0.6785206984375 0.8359375 0.6700656109375001 0.833984375 0.6066524624999999 0.8330078125 0.604538690625 0.7939453125 0.604538690625 0.791015625 0.6108800046875 0.791015625 0.6447003515625 0.79296875 0.6785206984375 0.7939453125 0.6806344703125
1 0.8642578125 0.6848620125 0.8671875 0.6785206984375 0.8671875 0.6320177218749999 0.865234375 0.6108800046875 0.8642578125 0.608766234375 0.8369140625 0.608766234375 0.8359375 0.6108800046875 0.8359375 0.6785206984375 0.8388671875 0.6848620125 0.8642578125 0.6848620125
1 0.9208984375 0.663724296875 0.9345703125 0.659496753125 0.935546875 0.6573829812499999 0.935546875 0.6151075484375 0.93359375 0.5855147453125 0.9306640625 0.57917343125 0.9091796875 0.5834009734375 0.90625 0.5897422890625 0.90625 0.6531554390625 0.9111328125 0.663724296875 0.9208984375 0.663724296875
0 0 0.3572274078125 0.03125 0.8983529484374999 0.0341796875 0.91314935 0.0478515625 0.91314935 0.05078125 0.9068080359374999 0.05078125 0.9025804921875 0.0390625 0.6489278953125 0.0234375 0.34877232187499996 0.015625 0.226173565625 0.0126953125 0.21983225156250003 0.0048828125 0.21983225156250003 0.0009765625 0.22405979375 0 0.226173565625 0 0.3572274078125
0 0.048828125 0.9068080359374999 0.0556640625 0.91737689375 0.0791015625 0.91737689375 0.08203125 0.9110355796875 0.08203125 0.89412540625 0.046875 0.061299378125000005 0.0380859375 0.0549580625 0.0322265625 0.0549580625 0.0205078125 0.05918560625 0.0107421875 0.06764069218749999 0.009765625 0.0697544640625 0.009765625 0.11625744062500001 0.01171875 0.166987959375 0.048828125 0.9068080359374999
0 0.08203125 0.9110355796875 0.0869140625 0.91737689375 0.1005859375 0.91737689375 0.103515625 0.9110355796875 0.103515625 0.8772152328124999 0.06640625 0.0866646375 0.0634765625 0.06764069218749999 0.0517578125 0.06764069218749999 0.046875 0.0739820078125 0.044921875 0.08243709375 0.044921875 0.112029896875 0.05078125 0.25999391250000004 0.08203125 0.9110355796875
0 0.103515625 0.9068080359374999 0.1064453125 0.91314935 0.1220703125 0.91737689375 0.1328125 0.9110355796875 0.1328125 0.8349398000000001 0.099609375 0.0697544640625 0.0966796875 0.05918560625 0.0712890625 0.06341315 0.0673828125 0.06764069218749999 0.06640625 0.0697544640625 0.06640625 0.11625744062500001 0.0703125 0.2134909359375 0.103515625 0.9068080359374999
0 0.134765625 0.9110355796875 0.1376953125 0.91737689375 0.1494140625 0.91737689375 0.15234375 0.9110355796875 0.15234375 0.8898978625 0.119140625 0.052844290625 0.1181640625 0.050730518749999995 0.1044921875 0.050730518749999995 0.1005859375 0.0549580625 0.099609375 0.057071834375 0.099609375 0.09089218125000001 0.1328125 0.8983529484374999 0.134765625 0.9110355796875
0 0.15234375 0.9110355796875 0.1572265625 0.91737689375 0.1689453125 0.91737689375 0.171875 0.9110355796875 0.171875 0.89412540625 0.14453125 0.112029896875 0.140625 0.052844290625 0.1357421875 0.0422754328125 0.1259765625 0.0465029765625 0.1220703125 0.050730518749999995 0.119140625 0.057071834375 0.119140625 0.07820955156250001 0.146484375 0.8180296265625 0.15234375 0.9110355796875
0 0.171875 0.9194906656249999 0.1767578125 0.92583198125 0.1884765625 0.92583198125 0.193359375 0.9194906656249999 0.193359375 0.8983529484374999 0.1640625 0.031706575 0.1611328125 0.025365259374999997 0.1455078125 0.025365259374999997 0.1416015625 0.029592803125 0.140625 0.031706575 0.140625 0.0655269203125 0.169921875 0.8856703187500001 0.171875 0.9194906656249999
0 0.19140625 0.9068080359374999 0.193359375 0.9194906656249999 0.1962890625 0.92583198125 0.2197265625 0.92583198125 0.22265625 0.9194906656249999 0.22265625 0.89412540625 0.216796875 0.6616105250000001 0.205078125 0.289586715625 0.1953125 0.0232514875 0.1923828125 0.016910173437500002 0.1884765625 0.016910173437500002 0.1728515625 0.0211377171875 0.1669921875 0.025365259374999997 0.1640625 0.031706575 0.1640625 0.0486167484375 0.171875 0.340317234375 0.19140625 0.9068080359374999
0 0.22265625 0.9068080359374999 0.2275390625 0.91737689375 0.2568359375 0.91737689375 0.2607421875 0.91314935 0.265625 0.9025804921875 0.30859375 0.0993472671875 0.30859375 0.061299378125000005 0.3056640625 0.0549580625 0.2900390625 0.0422754328125 0.2314453125 0.00422754375 0.2197265625 0.00422754375 0.2041015625 0.008455085937499999 0.2001953125 0.012682629687499999 0.1953125 0.0232514875 0.1953125 0.031706575 0.205078125 0.3699100375 0.22265625 0.9068080359374999
0 0.267578125 0.9068080359374999 0.2705078125 0.91314935 0.2763671875 0.91737689375 0.2958984375 0.91737689375 0.3046875 0.9110355796875 0.3046875 0.83071225625 0.294921875 0.49250879375 0.28515625 0.20503585000000002 0.2802734375 0.194466990625 0.2607421875 0.198694534375 0.248046875 0.20503585000000002 0.24609375 0.2134909359375 0.24609375 0.2388561953125 0.259765625 0.695430871875 0.267578125 0.9068080359374999
0 0.3095703125 0.91737689375 0.3193359375 0.91737689375 0.3203125 0.915263121875 0.3203125 0.860305059375 0.30859375 0.1500777875 0.3056640625 0.143736471875 0.2998046875 0.139508928125 0.2919921875 0.139508928125 0.2861328125 0.143736471875 0.283203125 0.1500777875 0.3046875 0.8856703187500001 0.306640625 0.9110355796875 0.3095703125 0.91737689375
0 0.322265625 0.9194906656249999 0.3251953125 0.92583198125 0.3466796875 0.92583198125 0.349609375 0.9194906656249999 0.349609375 0.8729876890625 0.33984375 0.5347842265625 0.326171875 0.1543053296875 0.3251953125 0.1521915578125 0.3076171875 0.1521915578125 0.3017578125 0.1564191015625 0.298828125 0.1627604171875 0.30078125 0.3318621484375 0.3203125 0.9068080359374999 0.322265625 0.9194906656249999
0 0.3525390625 0.92583198125 0.3583984375 0.9300595234375001 0.3779296875 0.9300595234375001 0.3828125 0.923718209375 0.3828125 0.8476224296874999 0.361328125 0.14585024375 0.359375 0.12894007031250002 0.3564453125 0.12259875468749999 0.3349609375 0.12682629843749998 0.3291015625 0.1310538421875 0.326171875 0.13739515625 0.326171875 0.175443046875 0.349609375 0.9068080359374999 0.3525390625 0.92583198125
0 0.3916015625 0.9300595234375001 0.3994140625 0.9300595234375001 0.40625 0.9194906656249999 0.400390625 0.725023675 0.3984375 0.7038859578125 0.3955078125 0.6933171 0.3798828125 0.6933171 0.37890625 0.695430871875 0.37890625 0.746161390625 0.384765625 0.9194906656249999 0.3916015625 0.9300595234375001
0 0.37890625 0.6785206984375 0.3818359375 0.6806344703125 0.396484375 0.6616105250000001 0.396484375 0.5939698328125 0.380859375 0.12894007031250002 0.3779296875 0.12259875468749999 0.3662109375 0.12259875468749999 0.3623046875 0.12682629843749998 0.361328125 0.12894007031250002 0.361328125 0.1965807625 0.375 0.6320177218749999 0.37890625 0.6785206984375
0 0.40625 0.923718209375 0.4111328125 0.9300595234375001 0.4150390625 0.9300595234375001 0.423828125 0.923718209375 0.423828125 0.8983529484374999 0.3984375 0.1416227 0.3955078125 0.12682629843749998 0.3837890625 0.12682629843749998 0.380859375 0.1331676140625 0.380859375 0.175443046875 0.404296875 0.8856703187500001 0.40625 0.923718209375
0 0.4306640625 0.9300595234375001 0.4833984375 0.9300595234375001 0.4873046875 0.92583198125 0.490234375 0.915263121875 0.46484375 0.09089218125000001 0.4619140625 0.08032332187499999 0.4443359375 0.08032332187499999 0.4052734375 0.088778409375 0.3984375 0.0951197234375 0.396484375 0.1331676140625 0.423828125 0.9025804921875 0.42578125 0.9194906656249999 0.4306640625 0.9300595234375001
0 0.4931640625 0.9300595234375001 0.5087890625 0.9342870671875 0.5322265625 0.9342870671875 0.5361328125 0.9300595234375001 0.541015625 0.9194906656249999 0.541015625 0.860305059375 0.521484375 0.0697544640625 0.5185546875 0.06341315 0.4931640625 0.06341315 0.4775390625 0.06764069218749999 0.466796875 0.0739820078125 0.46484375 0.08243709375 0.46484375 0.09089218125000001 0.490234375 0.915263121875 0.4931640625 0.9300595234375001
0 0.54296875 0.9025804921875 0.544921875 0.923718209375 0.5478515625 0.9300595234375001 0.5751953125 0.9300595234375001 0.5869140625 0.9216044374999999 0.58984375 0.9110355796875 0.58984375 0.8433948859375 0.5703125 0.10357481093750001 0.568359375 0.08243709375 0.5654296875 0.0718682359375 0.5244140625 0.08032332187499999 0.5205078125 0.084550865625 0.51953125 0.0866646375 0.51953125 0.12471252656250001 0.52734375 0.4164130140625 0.54296875 0.9025804921875
0 0.591796875 0.9194906656249999 0.5947265625 0.92583198125 0.6201171875 0.92583198125 0.6259765625 0.9216044374999999 0.630859375 0.9110355796875 0.630859375 0.8518499734375 0.609375 0.061299378125000005 0.6064453125 0.0380478890625 0.5888671875 0.0380478890625 0.5791015625 0.0422754328125 0.5693359375 0.050730518749999995 0.568359375 0.052844290625 0.568359375 0.0739820078125 0.58984375 0.8983529484374999 0.591796875 0.9194906656249999
0 0.6328125 0.915263121875 0.6376953125 0.92583198125 0.6513671875 0.9300595234375001 0.6630859375 0.9300595234375001 0.6767578125 0.92583198125 0.681640625 0.9194906656249999 0.677734375 0.6404728078125 0.6640625 0.052844290625 0.662109375 0.035934117187499996 0.6572265625 0.025365259374999997 0.6201171875 0.033820346875000004 0.6123046875 0.0380478890625 0.609375 0.0443892046875 0.611328125 0.1585328734375 0.626953125 0.7377063046875 0.6328125 0.915263121875
0 0.6962890625 0.91737689375 0.7158203125 0.91737689375 0.728515625 0.8814427765625 0.728515625 0.8138020828125001 0.7109375 0.031706575 0.7080078125 0.0211377171875 0.6865234375 0.012682629687499999 0.6787109375 0.012682629687499999 0.6669921875 0.0211377171875 0.6640625 0.035934117187499996 0.662109375 0.09089218125000001 0.681640625 0.8476224296874999 0.6884765625 0.91314935 0.6962890625 0.91737689375
0 0.7451171875 0 0.7421875 0.0105688578125 0.740234375 0.0232514875 0.7421875 0.1627604171875 0.7578125 0.8898978625 0.759765625 0.9194906656249999 0.7626953125 0.92583198125 0.7685546875 0.9300595234375001 0.7861328125 0.9300595234375001 0.7919921875 0.92583198125 0.794921875 0.9194906656249999 0.794921875 0.809574540625 0.779296875 0.0232514875 0.77734375 0.006341315625000001 0.7744140625 0 0.7451171875 0
0 0.72265625 0.6362452656250001 0.73046875 0.9194906656249999 0.7333984375 0.92583198125 0.7451171875 0.9300595234375001 0.7568359375 0.92583198125 0.759765625 0.915263121875 0.759765625 0.9110355796875 0.740234375 0.035934117187499996 0.73828125 0.02747903125 0.7333984375 0.0211377171875 0.7236328125 0.0211377171875 0.7158203125 0.025365259374999997 0.712890625 0.031706575 0.7109375 0.052844290625 0.7109375 0.0739820078125 0.716796875 0.3699100375 0.72265625 0.6362452656250001
0 0.7880859375 0 0.7802734375 0.008455085937499999 0.779296875 0.0105688578125 0.779296875 0.08243709375 0.796875 0.9068080359374999 0.8017578125 0.9216044374999999 0.8388671875 0.9216044374999999 0.83984375 0.9194906656249999 0.83984375 0.8729876890625 0.822265625 0.0105688578125 0.8193359375 0 0.7880859375 0
0 0.8251953125 0 0.82421875 0.002113771875 0.82421875 0.107802353125 0.830078125 0.45446090312500004 0.83984375 0.89412540625 0.8427734375 0.91737689375 0.8662109375 0.91737689375 0.869140625 0.9110355796875 0.869140625 0.7672991078125 0.857421875 0.019023945312500002 0.85546875 0.006341315625000001 0.8525390625 0 0.8251953125 0
0 0.8759765625 0 0.8642578125 0.0211377171875 0.859375 0.031706575 0.859375 0.20503585000000002 0.869140625 0.77152665 0.87109375 0.8222571703125 0.873046875 0.83071225625 0.8876953125 0.86241883125 0.9111328125 0.9046942640625 0.9150390625 0.9089218078125001 0.9267578125 0.91314935 0.9345703125 0.91314935 0.943359375 0.9068080359374999 0.943359375 0.8687601468749999 0.91796875 0.006341315625000001 0.9150390625 0 0.8759765625 0