1 0.1103515625 0.7651853359375 0.1171875 0.7588440203125 0.1171875 0.695430871875 0.1162109375 0.6933171 0.0927734375 0.6933171 0.0810546875 0.6975446421875 0.080078125 0.6996584140625 0.080078125 0.7588440203125 0.0830078125 0.7651853359375 0.1103515625 0.7651853359375
1 0.1240234375 0.7736404218749999 0.1376953125 0.7736404218749999 0.1533203125 0.769412878125 0.16015625 0.7588440203125 0.16015625 0.695430871875 0.1591796875 0.6933171 0.1201171875 0.7017721859375 0.119140625 0.7038859578125 0.119140625 0.7672991078125 0.1201171875 0.769412878125 0.1240234375 0.7736404218749999
1 0.1630859375 0.7567302484375 0.1826171875 0.7567302484375 0.1884765625 0.75250270625 0.19140625 0.746161390625 0.189453125 0.6869757843750001 0.1884765625 0.6848620125 0.1630859375 0.6848620125 0.16015625 0.6912033281250001 0.16015625 0.725023675 0.162109375 0.7546164765625 0.1630859375 0.7567302484375
1 0.1982421875 0.7567302484375 0.2021484375 0.7567302484375 0.2216796875 0.75250270625 0.2265625 0.746161390625 0.2265625 0.6869757843750001 0.2255859375 0.6848620125 0.1943359375 0.6848620125 0.19140625 0.6912033281250001 0.19140625 0.746161390625 0.1943359375 0.75250270625 0.1982421875 0.7567302484375
1 0.2412109375 0.7567302484375 0.244140625 0.7377063046875 0.244140625 0.695430871875 0.2412109375 0.68908955625 0.2294921875 0.68908955625 0.228515625 0.6912033281250001 0.2265625 0.6996584140625 0.228515625 0.7546164765625 0.2294921875 0.7567302484375 0.2412109375 0.7567302484375
1 0.2802734375 0.739820075 0.283203125 0.7334787609375 0.283203125 0.6742931546875 0.2822265625 0.6721793828125 0.2470703125 0.6721793828125 0.24609375 0.6742931546875 0.244140625 0.6869757843750001 0.244140625 0.725023675 0.2470703125 0.739820075 0.2802734375 0.739820075
1 0.3115234375 0.7567302484375 0.314453125 0.750388934375 0.314453125 0.6912033281250001 0.3134765625 0.68908955625 0.2861328125 0.68908955625 0.28515625 0.6912033281250001 0.28515625 0.7546164765625 0.2861328125 0.7567302484375 0.3115234375 0.7567302484375
1 0.3818359375 0.75250270625 0.384765625 0.746161390625 0.384765625 0.6912033281250001 0.3818359375 0.6848620125 0.3623046875 0.68908955625 0.359375 0.695430871875 0.359375 0.750388934375 0.3603515625 0.75250270625 0.3818359375 0.75250270625
1 0.3544921875 0.75250270625 0.357421875 0.746161390625 0.357421875 0.6912033281250001 0.3564453125 0.68908955625 0.3193359375 0.68908955625 0.318359375 0.6912033281250001 0.318359375 0.7546164765625 0.3193359375 0.7567302484375 0.3544921875 0.75250270625
1 0.3896484375 0.75250270625 0.4189453125 0.7482751624999999 0.421875 0.7419338468750001 0.421875 0.6869757843750001 0.4208984375 0.6848620125 0.3876953125 0.6848620125 0.38671875 0.6869757843750001 0.384765625 0.7038859578125 0.384765625 0.746161390625 0.3857421875 0.7482751624999999 0.3896484375 0.75250270625
1 0.4423828125 0.7482751624999999 0.4453125 0.7419338468750001 0.4453125 0.6869757843750001 0.4443359375 0.6848620125 0.4248046875 0.6848620125 0.421875 0.6912033281250001 0.421875 0.746161390625 0.4228515625 0.7482751624999999 0.4423828125 0.7482751624999999
1 0.4677734375 0.7482751624999999 0.470703125 0.7419338468750001 0.47265625 0.6912033281250001 0.4697265625 0.6848620125 0.4482421875 0.6806344703125 0.447265625 0.682748240625 0.4453125 0.6912033281250001 0.4453125 0.746161390625 0.4462890625 0.7482751624999999 0.4677734375 0.7482751624999999
1 0.5 0.746161390625 0.501953125 0.7165685875000001 0.501953125 0.6869757843750001 0.5009765625 0.6848620125 0.4755859375 0.6848620125 0.474609375 0.6869757843750001 0.47265625 0.7419338468750001 0.4755859375 0.7482751624999999 0.4990234375 0.7482751624999999 0.5 0.746161390625
1 0.5302734375 0.74404761875 0.53125 0.7419338468750001 0.533203125 0.71234104375 0.533203125 0.6869757843750001 0.5302734375 0.6806344703125 0.5185546875 0.6806344703125 0.5048828125 0.6848620125 0.50390625 0.6869757843750001 0.501953125 0.7081135015625 0.501953125 0.7419338468750001 0.5048828125 0.7482751624999999 0.5302734375 0.74404761875
1 0.5634765625 0.74404761875 0.564453125 0.7419338468750001 0.56640625 0.6869757843750001 0.5634765625 0.6806344703125 0.5341796875 0.6806344703125 0.533203125 0.682748240625 0.533203125 0.7419338468750001 0.5341796875 0.74404761875 0.5634765625 0.74404761875
1 0.6005859375 0.7355925328125 0.6015625 0.7334787609375 0.603515625 0.7165685875000001 0.603515625 0.6785206984375 0.6025390625 0.6764069265625 0.5673828125 0.6764069265625 0.56640625 0.6785206984375 0.56640625 0.7334787609375 0.5673828125 0.7355925328125 0.6005859375 0.7355925328125
1 0.6162109375 0.7355925328125 0.62109375 0.725023675 0.62109375 0.6785206984375 0.6162109375 0.6721793828125 0.6064453125 0.6721793828125 0.603515625 0.6785206984375 0.603515625 0.7292512171875 0.6064453125 0.7355925328125 0.6162109375 0.7355925328125
1 0.6416015625 0.739820075 0.6513671875 0.7355925328125 0.654296875 0.71234104375 0.654296875 0.6785206984375 0.6533203125 0.6764069265625 0.6455078125 0.6764069265625 0.6279296875 0.6806344703125 0.625 0.6869757843750001 0.625 0.7334787609375 0.6298828125 0.739820075 0.6416015625 0.739820075
1 0.6845703125 0.7355925328125 0.6875 0.7292512171875 0.689453125 0.6785206984375 0.6865234375 0.6721793828125 0.6572265625 0.6721793828125 0.65625 0.6742931546875 0.654296875 0.682748240625 0.654296875 0.7292512171875 0.6572265625 0.7355925328125 0.6845703125 0.7355925328125
1 0.7021484375 0.7355925328125 0.705078125 0.7292512171875 0.705078125 0.6785206984375 0.7041015625 0.6764069265625 0.6904296875 0.6764069265625 0.689453125 0.6785206984375 0.6875 0.7038859578125 0.6875 0.7334787609375 0.6884765625 0.7355925328125 0.7021484375 0.7355925328125
1 0.7158203125 0.7355925328125 0.71875 0.7292512171875 0.720703125 0.6785206984375 0.7197265625 0.6764069265625 0.7080078125 0.6764069265625 0.705078125 0.682748240625 0.705078125 0.7334787609375 0.7060546875 0.7355925328125 0.7158203125 0.7355925328125
1 0.7685546875 0.7271374453125 0.76953125 0.725023675 0.771484375 0.6785206984375 0.7685546875 0.6721793828125 0.7392578125 0.6721793828125 0.7255859375 0.6764069265625 0.72265625 0.682748240625 0.72265625 0.725023675 0.7255859375 0.7313649890625 0.7685546875 0.7271374453125
1 0.7880859375 0.7313649890625 0.8076171875 0.7271374453125 0.80859375 0.725023675 0.810546875 0.682748240625 0.8076171875 0.6721793828125 0.7783203125 0.6721793828125 0.775390625 0.6785206984375 0.7734375 0.695430871875 0.7734375 0.725023675 0.7763671875 0.7313649890625 0.7880859375 0.7313649890625
1 0.8251953125 0.7313649890625 0.8349609375 0.7271374453125 0.837890625 0.72079613125 0.837890625 0.6742931546875 0.8369140625 0.6721793828125 0.8115234375 0.6721793828125 0.810546875 0.6742931546875 0.80859375 0.695430871875 0.80859375 0.725023675 0.8115234375 0.7313649890625 0.8251953125 0.7313649890625
1 0.86328125 0.71234104375 0.865234375 0.6658380687500001 0.8642578125 0.663724296875 0.8466796875 0.663724296875 0.84375 0.6700656109375001 0.841796875 0.71234104375 0.8447265625 0.718682359375 0.8603515625 0.718682359375 0.86328125 0.71234104375
1 0.896484375 0.72079613125 0.8984375 0.695430871875 0.8984375 0.6700656109375001 0.8974609375 0.6679518390625 0.8720703125 0.6679518390625 0.869140625 0.6742931546875 0.8671875 0.7165685875000001 0.8701171875 0.7229099031249999 0.8955078125 0.7229099031249999 0.896484375 0.72079613125
1 0.9248046875 0.718682359375 0.92578125 0.7165685875000001 0.927734375 0.7038859578125 0.927734375 0.6658380687500001 0.9267578125 0.663724296875 0.9052734375 0.663724296875 0.90234375 0.6700656109375001 0.900390625 0.6912033281250001 0.900390625 0.7165685875000001 0.9013671875 0.718682359375 0.9248046875 0.718682359375
1 0.9423828125 0.714454815625 0.9453125 0.7038859578125 0.947265625 0.6658380687500001 0.9443359375 0.659496753125 0.9306640625 0.659496753125 0.9296875 0.6616105250000001 0.927734375 0.6700656109375001 0.927734375 0.7165685875000001 0.9287109375 0.718682359375 0.9423828125 0.714454815625
1 0.962890625 0.7081135015625 0.96484375 0.682748240625 0.96484375 0.6616105250000001 0.9638671875 0.659496753125 0.9482421875 0.659496753125 0.9453125 0.6658380687500001 0.943359375 0.7081135015625 0.9462890625 0.714454815625 0.9599609375 0.714454815625 0.962890625 0.7081135015625
0 0.0859375 0.9913589015625 0.0869140625 0.9934726734374999 0.1162109375 0.9934726734374999 0.12109375 0.9871313578124999 0.12109375 0.9194906656249999 0.115234375 0.07820955156250001 0.1083984375 0.06341315 0.0693359375 0.05918560625 0.06640625 0.0655269203125 0.06640625 0.1416227 0.083984375 0.9406283828124999 0.0859375 0.9913589015625
0 0.123046875 0.978676271875 0.1279296875 0.9934726734374999 0.1513671875 0.9934726734374999 0.1552734375 0.9892451296875 0.162109375 0.974448728125 0.16015625 0.49250879375 0.15625 0.1331676140625 0.1494140625 0.12259875468749999 0.1123046875 0.12259875468749999 0.109375 0.12894007031250002 0.109375 0.1838981328125 0.1171875 0.6996584140625 0.123046875 0.978676271875
0 0.1826171875 0.9723349562499999 0.1884765625 0.9681074140625 0.19140625 0.9617660984375 0.21875 0.1500777875 0.2041015625 0.12259875468749999 0.1826171875 0.088778409375 0.1591796875 0.088778409375 0.158203125 0.09089218125000001 0.15625 0.12894007031250002 0.162109375 0.9575385546874999 0.1669921875 0.9723349562499999 0.1826171875 0.9723349562499999
0 0.193359375 0.9575385546874999 0.1962890625 0.9681074140625 0.2177734375 0.9681074140625 0.224609375 0.9575385546874999 0.2265625 0.9364008390624999 0.2265625 0.6447003515625 0.224609375 0.3064968890625 0.22265625 0.1923532203125 0.2177734375 0.1817843609375 0.1923828125 0.1817843609375 0.189453125 0.1881256765625 0.189453125 0.25999391250000004 0.19140625 0.750388934375 0.193359375 0.9575385546874999
0 0.2294921875 0.9681074140625 0.2412109375 0.9681074140625 0.244140625 0.9617660984375 0.244140625 0.568604571875 0.240234375 0.1796705890625 0.2373046875 0.16910173125 0.2255859375 0.16910173125 0.22265625 0.175443046875 0.22265625 0.1965807625 0.228515625 0.9659936421875001 0.2294921875 0.9681074140625
0 0.24609375 0.9490834687499999 0.2529296875 0.9596523265625001 0.2724609375 0.9596523265625001 0.28125 0.944855925 0.283203125 0.9279457515624999 0.287109375 0.08243709375 0.2861328125 0.08032332187499999 0.2587890625 0.0718682359375 0.2451171875 0.0718682359375 0.2421875 0.07820955156250001 0.240234375 0.0866646375 0.240234375 0.21771847968750002 0.244140625 0.9364008390624999 0.24609375 0.9490834687499999
0 0.3232421875 0 0.3203125 0.006341315625000001 0.31640625 0.02747903125 0.314453125 0.9490834687499999 0.3193359375 0.9638798703125 0.3369140625 0.9638798703125 0.3525390625 0.9596523265625001 0.35546875 0.9533110125 0.357421875 0.8898978625 0.361328125 0.20503585000000002 0.361328125 0.0147964015625 0.3583984375 0.008455085937499999 0.3505859375 0.00422754375 0.3388671875 0 0.3232421875 0
0 0.314453125 0.9533110125 0.31640625 0.71234104375 0.31640625 0.1838981328125 0.3134765625 0.17755681875 0.2880859375 0.17755681875 0.28515625 0.1838981328125 0.283203125 0.9490834687499999 0.2861328125 0.9638798703125 0.3115234375 0.9638798703125 0.314453125 0.9533110125
0 0.3662109375 0.9596523265625001 0.3779296875 0.9554247828125 0.3828125 0.9490834687499999 0.392578125 0.061299378125000005 0.392578125 0.040161660937499996 0.3876953125 0.029592803125 0.3642578125 0.029592803125 0.36328125 0.031706575 0.361328125 0.14585024375 0.357421875 0.7630715640625 0.357421875 0.9533110125 0.3623046875 0.9596523265625001 0.3662109375 0.9596523265625001
0 0.41796875 0.9406283828124999 0.419921875 0.9110355796875 0.4296875 0.2092633921875 0.4296875 0.0443892046875 0.4248046875 0.0380478890625 0.4072265625 0.033820346875000004 0.3974609375 0.033820346875000004 0.392578125 0.0443892046875 0.384765625 0.695430871875 0.3828125 0.9406283828124999 0.3876953125 0.9511972406250001 0.4111328125 0.9511972406250001 0.41796875 0.9406283828124999
0 0.44140625 0.9321732953125 0.4453125 0.77575419375 0.45703125 0.0739820078125 0.45703125 0.0486167484375 0.455078125 0.040161660937499996 0.4541015625 0.0380478890625 0.4404296875 0.033820346875000004 0.4345703125 0.033820346875000004 0.431640625 0.040161660937499996 0.4296875 0.10357481093750001 0.421875 0.6869757843750001 0.419921875 0.944855925 0.4208984375 0.946969696875 0.4365234375 0.946969696875 0.44140625 0.9321732953125
0 0.4580078125 0.946969696875 0.4658203125 0.942742153125 0.466796875 0.9406283828124999 0.46875 0.9025804921875 0.484375 0.0739820078125 0.484375 0.052844290625 0.4814453125 0.0422754328125 0.4619140625 0.0380478890625 0.45703125 0.0443892046875 0.455078125 0.112029896875 0.44140625 0.8687601468749999 0.44140625 0.9406283828124999 0.4443359375 0.946969696875 0.4580078125 0.946969696875
0 0.4892578125 0.9511972406250001 0.49609375 0.9406283828124999 0.509765625 0.3529998640625 0.515625 0.0443892046875 0.5087890625 0.033820346875000004 0.4873046875 0.033820346875000004 0.484375 0.0443892046875 0.474609375 0.5305566828125 0.46875 0.83916734375 0.46875 0.944855925 0.4736328125 0.9511972406250001 0.4892578125 0.9511972406250001
0 0.52734375 0.9364008390624999 0.529296875 0.89412540625 0.54296875 0.31917951875 0.546875 0.09089218125000001 0.546875 0.052844290625 0.5439453125 0.0465029765625 0.5341796875 0.0422754328125 0.5185546875 0.0422754328125 0.515625 0.052844290625 0.505859375 0.4798261640625 0.49609375 0.9364008390624999 0.5009765625 0.946969696875 0.5205078125 0.946969696875 0.52734375 0.9364008390624999
0 0.5458984375 0.9385146109375 0.5556640625 0.9342870671875 0.560546875 0.9194906656249999 0.578125 0.31917951875 0.583984375 0.052844290625 0.5810546875 0.0465029765625 0.5517578125 0.0422754328125 0.548828125 0.0486167484375 0.546875 0.11625744062500001 0.52734375 0.8856703187500001 0.529296875 0.9321732953125 0.5322265625 0.9385146109375 0.5458984375 0.9385146109375
0 0.5908203125 0.9216044374999999 0.595703125 0.9110355796875 0.59765625 0.8814427765625 0.6015625 0.7799817375 0.615234375 0.31072443125000004 0.615234375 0.25999391250000004 0.6103515625 0.2494250546875 0.6064453125 0.24519751093750003 0.5810546875 0.24519751093750003 0.578125 0.251538825 0.5625 0.7799817375 0.560546875 0.915263121875 0.5634765625 0.9216044374999999 0.5751953125 0.92583198125 0.5908203125 0.9216044374999999
0 0.6005859375 0.9216044374999999 0.6083984375 0.9216044374999999 0.61328125 0.915263121875 0.615234375 0.89412540625 0.638671875 0.2134909359375 0.6337890625 0.202922078125 0.6123046875 0.202922078125 0.5830078125 0.2156047078125 0.58203125 0.21771847968750002 0.58203125 0.23040110937499997 0.59765625 0.915263121875 0.6005859375 0.9216044374999999
0 0.6220703125 0.92583198125 0.6416015625 0.92583198125 0.646484375 0.915263121875 0.6484375 0.9068080359374999 0.66796875 0.3234070609375 0.66796875 0.226173565625 0.6669921875 0.22405979375 0.6435546875 0.21983225156250003 0.638671875 0.23040110937499997 0.6171875 0.8222571703125 0.615234375 0.8772152328124999 0.615234375 0.9110355796875 0.6171875 0.9194906656249999 0.6220703125 0.92583198125
0 0.6748046875 0.92583198125 0.6796875 0.9194906656249999 0.681640625 0.9025804921875 0.68359375 0.8687601468749999 0.703125 0.251538825 0.703125 0.2219460234375 0.7001953125 0.2156047078125 0.6962890625 0.2113771640625 0.6689453125 0.2113771640625 0.66796875 0.2134909359375 0.6484375 0.8772152328124999 0.6484375 0.915263121875 0.6533203125 0.92583198125 0.6748046875 0.92583198125
0 0.7099609375 0.91737689375 0.712890625 0.9110355796875 0.71484375 0.8983529484374999 0.734375 0.2473112828125 0.734375 0.226173565625 0.7294921875 0.21983225156250003 0.7255859375 0.21983225156250003 0.720703125 0.226173565625 0.70703125 0.6193350921875 0.69921875 0.8814427765625 0.69921875 0.9110355796875 0.7021484375 0.91737689375 0.7099609375 0.91737689375
0 0.6923828125 0.9216044374999999 0.69921875 0.915263121875 0.701171875 0.8687601468749999 0.71875 0.28535917187500004 0.71875 0.2219460234375 0.7099609375 0.2156047078125 0.7060546875 0.2156047078125 0.703125 0.2219460234375 0.689453125 0.6235626359374999 0.681640625 0.8856703187500001 0.681640625 0.915263121875 0.6845703125 0.9216044374999999 0.6923828125 0.9216044374999999
0 0.7587890625 0.9089218078125001 0.763671875 0.9025804921875 0.7890625 0.21771847968750002 0.7861328125 0.20714962187500002 0.7490234375 0.198694534375 0.7236328125 0.198694534375 0.7138671875 0.20714962187500002 0.712890625 0.2092633921875 0.71484375 0.9110355796875 0.7177734375 0.91737689375 0.7587890625 0.9089218078125001
0 0.7958984375 0.9089218078125001 0.80078125 0.9025804921875 0.802734375 0.8856703187500001 0.826171875 0.2684489984375 0.826171875 0.2134909359375 0.8212890625 0.20714962187500002 0.7900390625 0.20714962187500002 0.7890625 0.2092633921875 0.787109375 0.23040110937499997 0.767578125 0.77575419375 0.765625 0.83071225625 0.765625 0.9068080359374999 0.7666015625 0.9089218078125001 0.7958984375 0.9089218078125001
0 0.8232421875 0.9004667203125001 0.830078125 0.8898978625 0.83203125 0.8772152328124999 0.857421875 0.251538825 0.857421875 0.234628653125 0.8544921875 0.2282873375 0.8291015625 0.2282873375 0.826171875 0.234628653125 0.8046875 0.7884368234375 0.802734375 0.89412540625 0.8056640625 0.9004667203125001 0.8134765625 0.9046942640625 0.8232421875 0.9004667203125001
0 0.8505859375 0.892011634375 0.85546875 0.8814427765625 0.859375 0.8264847124999999 0.8828125 0.26422145625 0.8828125 0.21771847968750002 0.8818359375 0.2156047078125 0.8681640625 0.2113771640625 0.8427734375 0.2113771640625 0.8359375 0.21771847968750002 0.83203125 0.8898978625 0.8369140625 0.896239178125 0.8447265625 0.896239178125 0.8505859375 0.892011634375
0 0.8818359375 0.892011634375 0.888671875 0.8814427765625 0.890625 0.864532603125 0.916015625 0.3656824953125 0.921875 0.226173565625 0.9150390625 0.2156047078125 0.8857421875 0.2156047078125 0.8828125 0.2219460234375 0.861328125 0.7334787609375 0.857421875 0.8433948859375 0.857421875 0.8814427765625 0.8642578125 0.892011634375 0.8818359375 0.892011634375
0 0.9052734375 0.883556546875 0.9130859375 0.8793290046875001 0.919921875 0.864532603125 0.951171875 0.28535917187500004 0.951171875 0.25999391250000004 0.94921875 0.2219460234375 0.947265625 0.2134909359375 0.9423828125 0.20714962187500002 0.9228515625 0.2113771640625 0.921875 0.2134909359375 0.90625 0.4967363359375 0.890625 0.8180296265625 0.890625 0.8772152328124999 0.8935546875 0.883556546875 0.9052734375 0.883556546875
0 0.9345703125 0.8793290046875001 0.935546875 0.8772152328124999 0.9375 0.8476224296874999 0.96484375 0.293814259375 0.96484375 0.24308373906249997 0.9619140625 0.236742425 0.9541015625 0.236742425 0.951171875 0.24308373906249997 0.935546875 0.513646509375 0.91796875 0.860305059375 0.91796875 0.8729876890625 0.9208984375 0.8793290046875001 0.9345703125 0.8793290046875001
0 0.9501953125 0.8793290046875001 0.955078125 0.8687601468749999 0.986328125 0.251538825 0.986328125 0.226173565625 0.9814453125 0.21983225156250003 0.9677734375 0.21983225156250003 0.953125 0.23040110937499997 0.935546875 0.8687601468749999 0.935546875 0.8729876890625 0.9384765625 0.8793290046875001 0.9501953125 0.8793290046875001
0 1 0.24308373906249997 0.9990234375 0.2409699671875 0.9873046875 0.2409699671875 0.984375 0.251538825 0.958984375 0.746161390625 0.955078125 0.8349398000000001 0.955078125 0.864532603125 0.9580078125 0.8708739171875 0.9638671875 0.8708739171875 0.9736328125 0.866646375 0.9765625 0.860305059375 0.978515625 0.83916734375 1 0.41218547031249997 1 0.24308373906249997