1 0 0.725023675 0.0009765625 0.7271374453125 0.0205078125 0.7271374453125 0.0419921875 0.7229099031249999 0.044921875 0.7165685875000001 0.044921875 0.6869757843750001 0.04296875 0.6573829812499999 0.0419921875 0.655269209375 0.0009765625 0.659496753125 0 0.6616105250000001 0 0.725023675
1 0.0849609375 0.718682359375 0.0859375 0.7165685875000001 0.0859375 0.6573829812499999 0.0849609375 0.655269209375 0.0458984375 0.655269209375 0.044921875 0.6573829812499999 0.044921875 0.71234104375 0.0478515625 0.718682359375 0.0849609375 0.718682359375
1 0.0927734375 0.7271374453125 0.1240234375 0.7271374453125 0.12890625 0.72079613125 0.126953125 0.6616105250000001 0.1259765625 0.659496753125 0.0888671875 0.659496753125 0.0859375 0.6658380687500001 0.087890625 0.72079613125 0.0888671875 0.7229099031249999 0.0927734375 0.7271374453125
1 0.1298828125 0.7229099031249999 0.1650390625 0.7229099031249999 0.16796875 0.7165685875000001 0.16796875 0.6912033281250001 0.166015625 0.6573829812499999 0.1650390625 0.655269209375 0.1279296875 0.655269209375 0.126953125 0.6573829812499999 0.126953125 0.6869757843750001 0.12890625 0.72079613125 0.1298828125 0.7229099031249999
1 0.1806640625 0.718682359375 0.185546875 0.71234104375 0.185546875 0.6616105250000001 0.1826171875 0.655269209375 0.1689453125 0.655269209375 0.16796875 0.6573829812499999 0.16796875 0.7165685875000001 0.1689453125 0.718682359375 0.1806640625 0.718682359375
1 0.1962890625 0.718682359375 0.2099609375 0.7229099031249999 0.2626953125 0.7229099031249999 0.265625 0.7165685875000001 0.265625 0.6616105250000001 0.2626953125 0.655269209375 0.1962890625 0.655269209375 0.193359375 0.6616105250000001 0.193359375 0.682748240625 0.1953125 0.7165685875000001 0.1962890625 0.718682359375
1 0.3056640625 0.7229099031249999 0.3154296875 0.7229099031249999 0.3193359375 0.718682359375 0.322265625 0.6912033281250001 0.322265625 0.6573829812499999 0.3212890625 0.655269209375 0.2900390625 0.6510416671875 0.287109375 0.6573829812499999 0.287109375 0.7165685875000001 0.2880859375 0.718682359375 0.3056640625 0.7229099031249999
1 0.3427734375 0.714454815625 0.3515625 0.6912033281250001 0.353515625 0.6658380687500001 0.353515625 0.6447003515625 0.3505859375 0.6425865796875 0.3251953125 0.6468141234375 0.32421875 0.6489278953125 0.322265625 0.6785206984375 0.322265625 0.7081135015625 0.3251953125 0.714454815625 0.3427734375 0.714454815625
1 0.373046875 0.71234104375 0.373046875 0.6404728078125 0.3720703125 0.6383590375 0.3662109375 0.6383590375 0.365234375 0.6404728078125 0.36328125 0.7081135015625 0.3662109375 0.714454815625 0.3720703125 0.714454815625 0.373046875 0.71234104375
1 0.3818359375 0.714454815625 0.4052734375 0.714454815625 0.41015625 0.7038859578125 0.41015625 0.6489278953125 0.4091796875 0.6468141234375 0.3818359375 0.6468141234375 0.37890625 0.6531554390625 0.37890625 0.6869757843750001 0.380859375 0.71234104375 0.3818359375 0.714454815625
1 0.4306640625 0.7102272734375 0.4404296875 0.7059997296875 0.44140625 0.7038859578125 0.44140625 0.6447003515625 0.4404296875 0.6425865796875 0.4130859375 0.6425865796875 0.41015625 0.6489278953125 0.41015625 0.7038859578125 0.4130859375 0.7102272734375 0.4306640625 0.7102272734375
1 0.4873046875 0.7102272734375 0.4921875 0.7038859578125 0.4921875 0.6447003515625 0.4912109375 0.6425865796875 0.4443359375 0.6425865796875 0.443359375 0.6447003515625 0.443359375 0.7038859578125 0.4462890625 0.7102272734375 0.4873046875 0.7102272734375
1 0.5205078125 0.7059997296875 0.5234375 0.6996584140625 0.5234375 0.6447003515625 0.5205078125 0.6383590375 0.4951171875 0.6383590375 0.4921875 0.6447003515625 0.4921875 0.6996584140625 0.4951171875 0.7059997296875 0.5205078125 0.7059997296875
1 0.5419921875 0.6975446421875 0.544921875 0.6869757843750001 0.544921875 0.6362452656250001 0.5439453125 0.63413149375 0.5263671875 0.63413149375 0.5234375 0.6404728078125 0.5234375 0.695430871875 0.5244140625 0.6975446421875 0.5419921875 0.6975446421875
1 0.5693359375 0.7059997296875 0.5927734375 0.7059997296875 0.59375 0.7038859578125 0.595703125 0.6912033281250001 0.595703125 0.6404728078125 0.5947265625 0.6383590375 0.5478515625 0.6383590375 0.546875 0.6404728078125 0.546875 0.6996584140625 0.5478515625 0.7017721859375 0.5693359375 0.7059997296875
1 0.6328125 0.7038859578125 0.634765625 0.6447003515625 0.6318359375 0.6383590375 0.5986328125 0.6383590375 0.59765625 0.6404728078125 0.595703125 0.695430871875 0.5986328125 0.7059997296875 0.6318359375 0.7059997296875 0.6328125 0.7038859578125
1 0.6435546875 0.6975446421875 0.6689453125 0.6975446421875 0.671875 0.6912033281250001 0.673828125 0.6362452656250001 0.6708984375 0.62990395 0.6357421875 0.62990395 0.634765625 0.6320177218749999 0.634765625 0.6912033281250001 0.6357421875 0.6933171 0.6435546875 0.6975446421875
0 0 0.9321732953125 0.0009765625 0.9342870671875 0.0224609375 0.9342870671875 0.0380859375 0.9300595234375001 0.0439453125 0.92583198125 0.046875 0.915263121875 0.044921875 0.695430871875 0.037109375 0.1331676140625 0.03515625 0.12048498437499999 0.0322265625 0.11414366875 0.0263671875 0.109916125 0.0009765625 0.109916125 0 0.112029896875 0 0.9321732953125
0 0.05078125 0.915263121875 0.0556640625 0.92583198125 0.0849609375 0.92583198125 0.08984375 0.9110355796875 0.087890625 0.6996584140625 0.07421875 0.1881256765625 0.0693359375 0.1817843609375 0.0380859375 0.1817843609375 0.03515625 0.1881256765625 0.03515625 0.2092633921875 0.048828125 0.9068080359374999 0.05078125 0.915263121875
0 0.091796875 0.923718209375 0.0966796875 0.9300595234375001 0.1162109375 0.9300595234375001 0.1240234375 0.92583198125 0.12890625 0.915263121875 0.12890625 0.750388934375 0.123046875 0.12894007031250002 0.1181640625 0.12259875468749999 0.0791015625 0.12259875468749999 0.078125 0.12471252656250001 0.078125 0.281131628125 0.08984375 0.915263121875 0.091796875 0.923718209375
0 0.130859375 0.9194906656249999 0.1328125 0.9279457515624999 0.1376953125 0.9342870671875 0.1572265625 0.9342870671875 0.1669921875 0.92583198125 0.169921875 0.9194906656249999 0.169921875 0.7926643671875 0.162109375 0.2388561953125 0.16015625 0.1838981328125 0.158203125 0.171215503125 0.1552734375 0.1648741890625 0.1259765625 0.1606466453125 0.12109375 0.171215503125 0.12109375 0.20503585000000002 0.12890625 0.8476224296874999 0.130859375 0.9194906656249999
0 0.171875 0.923718209375 0.1728515625 0.92583198125 0.1845703125 0.92583198125 0.189453125 0.915263121875 0.189453125 0.8983529484374999 0.1796875 0.14585024375 0.1748046875 0.139508928125 0.1650390625 0.139508928125 0.162109375 0.14585024375 0.16015625 0.1585328734375 0.16015625 0.171215503125 0.169921875 0.8814427765625 0.171875 0.923718209375
0 0.1962890625 0.92583198125 0.2001953125 0.9300595234375001 0.2587890625 0.9300595234375001 0.2666015625 0.92583198125 0.275390625 0.9110355796875 0.341796875 0.166987959375 0.34375 0.1416227 0.34375 0.0866646375 0.3369140625 0.0760957796875 0.2744140625 0.016910173437500002 0.1826171875 0.016910173437500002 0.181640625 0.019023945312500002 0.181640625 0.234628653125 0.189453125 0.9110355796875 0.1962890625 0.92583198125
0 0.3056640625 0.92583198125 0.310546875 0.915263121875 0.3125 0.9068080359374999 0.31640625 0.8433948859375 0.33984375 0.24308373906249997 0.33984375 0.1796705890625 0.3369140625 0.173329275 0.3291015625 0.16910173125 0.3076171875 0.16910173125 0.3046875 0.1796705890625 0.28515625 0.7081135015625 0.279296875 0.8898978625 0.279296875 0.9194906656249999 0.2841796875 0.92583198125 0.3056640625 0.92583198125
0 0.3486328125 0 0.34765625 0.002113771875 0.3125 0.9025804921875 0.3125 0.9194906656249999 0.3173828125 0.9300595234375001 0.3349609375 0.91737689375 0.341796875 0.8983529484374999 0.34375 0.8856703187500001 0.421875 0.10357481093750001 0.421875 0.09089218125000001 0.41796875 0.07820955156250001 0.3818359375 0.008455085937499999 0.3720703125 0 0.3486328125 0
0 0.3837890625 0.5073051953125 0.3828125 0.5094189671875 0.3837890625 0.5115327375 0.38671875 0.5094189671875 0.3837890625 0.5073051953125
0 0.37109375 0.9194906656249999 0.375 0.7038859578125 0.37890625 0.34877232187499996 0.37890625 0.12471252656250001 0.3779296875 0.12259875468749999 0.3740234375 0.12259875468749999 0.369140625 0.13739515625 0.36328125 0.6447003515625 0.361328125 0.915263121875 0.3642578125 0.92583198125 0.3681640625 0.92583198125 0.37109375 0.9194906656249999
0 0.4033203125 0.91737689375 0.408203125 0.9110355796875 0.41015625 0.8433948859375 0.4140625 0.1416227 0.4111328125 0.12682629843749998 0.3955078125 0.12259875468749999 0.3818359375 0.12682629843749998 0.37890625 0.1331676140625 0.37890625 0.9068080359374999 0.3818359375 0.91737689375 0.4033203125 0.91737689375
0 0.4287109375 0.91314935 0.4365234375 0.9089218078125001 0.439453125 0.89412540625 0.44140625 0.77575419375 0.443359375 0.41218547031249997 0.443359375 0.171215503125 0.4404296875 0.1648741890625 0.4150390625 0.1648741890625 0.412109375 0.171215503125 0.41015625 0.6108800046875 0.41015625 0.9025804921875 0.4150390625 0.91314935 0.4287109375 0.91314935
0 0.4521484375 0.91314935 0.4697265625 0.91314935 0.4833984375 0.9089218078125001 0.4873046875 0.9046942640625 0.490234375 0.8772152328124999 0.4921875 0.7419338468750001 0.49609375 0.166987959375 0.4892578125 0.1606466453125 0.4462890625 0.1606466453125 0.443359375 0.166987959375 0.443359375 0.9025804921875 0.4462890625 0.9089218078125001 0.4521484375 0.91314935
0 0.5126953125 0.9046942640625 0.5185546875 0.9004667203125001 0.521484375 0.89412540625 0.5234375 0.7799817375 0.52734375 0.3360896921875 0.52734375 0.1796705890625 0.5263671875 0.17755681875 0.4990234375 0.17755681875 0.498046875 0.1796705890625 0.49609375 0.21771847968750002 0.494140625 0.3064968890625 0.4921875 0.5855147453125 0.4921875 0.8983529484374999 0.4951171875 0.9046942640625 0.5126953125 0.9046942640625
0 0.5537109375 0.9046942640625 0.5771484375 0.9089218078125001 0.5869140625 0.9046942640625 0.591796875 0.89412540625 0.6015625 0.3064968890625 0.6015625 0.166987959375 0.5986328125 0.1606466453125 0.5556640625 0.1606466453125 0.548828125 0.166987959375 0.546875 0.344544778125 0.544921875 0.6277901781249999 0.544921875 0.77152665 0.546875 0.89412540625 0.5537109375 0.9046942640625
0 0.5419921875 0.9004667203125001 0.544921875 0.89412540625 0.552734375 0.12894007031250002 0.5498046875 0.1183712125 0.5302734375 0.1183712125 0.5234375 0.12894007031250002 0.521484375 0.13739515625 0.5234375 0.89412540625 0.5302734375 0.9004667203125001 0.5419921875 0.9004667203125001
0 0.6181640625 0.9089218078125001 0.6259765625 0.9046942640625 0.630859375 0.8898978625 0.634765625 0.6996584140625 0.642578125 0.11625744062500001 0.6396484375 0.109916125 0.6044921875 0.109916125 0.599609375 0.12471252656250001 0.59765625 0.1416227 0.595703125 0.8983529484374999 0.5986328125 0.9046942640625 0.6064453125 0.9089218078125001 0.6181640625 0.9089218078125001
0 0.6630859375 0.896239178125 0.666015625 0.8898978625 0.66796875 0.864532603125 0.67578125 0.6235626359374999 0.685546875 0.12471252656250001 0.6826171875 0.11414366875 0.6455078125 0.11414366875 0.642578125 0.12471252656250001 0.638671875 0.2684489984375 0.6328125 0.7038859578125 0.630859375 0.8856703187500001 0.6337890625 0.896239178125 0.6455078125 0.9004667203125001 0.6630859375 0.896239178125