1 0.0400390625 0.7017721859375 0.04296875 0.695430871875 0.04296875 0.6320177218749999 0.0419921875 0.62990395 0.0205078125 0.62990395 0.01953125 0.6320177218749999 0.017578125 0.6489278953125 0.017578125 0.6996584140625 0.0185546875 0.7017721859375 0.0400390625 0.7017721859375
1 0.0791015625 0.7017721859375 0.08203125 0.695430871875 0.083984375 0.6362452656250001 0.0830078125 0.62990395 0.0791015625 0.62567640625 0.0458984375 0.62990395 0.044921875 0.6320177218749999 0.04296875 0.6700656109375001 0.04296875 0.6996584140625 0.0439453125 0.7017721859375 0.0791015625 0.7017721859375
1 0.1025390625 0.7059997296875 0.1064453125 0.7017721859375 0.109375 0.695430871875 0.109375 0.6362452656250001 0.1064453125 0.62990395 0.0947265625 0.62990395 0.0849609375 0.63413149375 0.08203125 0.6404728078125 0.08203125 0.7038859578125 0.0830078125 0.7059997296875 0.1025390625 0.7059997296875
1 0.1357421875 0.7059997296875 0.138671875 0.6996584140625 0.138671875 0.6362452656250001 0.1357421875 0.62990395 0.1259765625 0.62990395 0.1123046875 0.63413149375 0.111328125 0.6362452656250001 0.109375 0.6489278953125 0.109375 0.7038859578125 0.1103515625 0.7059997296875 0.1357421875 0.7059997296875
1 0.1552734375 0.7059997296875 0.15625 0.7038859578125 0.158203125 0.6404728078125 0.1552734375 0.63413149375 0.1396484375 0.63413149375 0.138671875 0.6362452656250001 0.138671875 0.7038859578125 0.1396484375 0.7059997296875 0.1552734375 0.7059997296875
1 0.1708984375 0.7102272734375 0.173828125 0.6912033281250001 0.173828125 0.6404728078125 0.1708984375 0.63413149375 0.1591796875 0.63413149375 0.158203125 0.6362452656250001 0.15625 0.6700656109375001 0.15625 0.7038859578125 0.1591796875 0.7102272734375 0.1708984375 0.7102272734375
1 0.2041015625 0.7102272734375 0.205078125 0.7081135015625 0.20703125 0.6785206984375 0.20703125 0.6362452656250001 0.2060546875 0.63413149375 0.1767578125 0.63413149375 0.173828125 0.6404728078125 0.173828125 0.7081135015625 0.1748046875 0.7102272734375 0.2041015625 0.7102272734375
1 0.2470703125 0.7102272734375 0.248046875 0.7081135015625 0.248046875 0.6404728078125 0.2470703125 0.6383590375 0.2412109375 0.63413149375 0.2099609375 0.63413149375 0.208984375 0.6362452656250001 0.20703125 0.6447003515625 0.20703125 0.7081135015625 0.2080078125 0.7102272734375 0.2470703125 0.7102272734375
1 0.2900390625 0.7059997296875 0.291015625 0.7038859578125 0.29296875 0.6742931546875 0.29296875 0.6404728078125 0.2900390625 0.63413149375 0.2529296875 0.63413149375 0.25 0.6404728078125 0.248046875 0.695430871875 0.248046875 0.7038859578125 0.2490234375 0.7059997296875 0.2900390625 0.7059997296875
1 0.3505859375 0.7102272734375 0.3515625 0.7081135015625 0.353515625 0.6447003515625 0.3525390625 0.6383590375 0.2958984375 0.6383590375 0.294921875 0.6404728078125 0.29296875 0.6573829812499999 0.29296875 0.7038859578125 0.2958984375 0.7102272734375 0.3505859375 0.7102272734375
1 0.3984375 0.7081135015625 0.3984375 0.6404728078125 0.3974609375 0.6383590375 0.3837890625 0.63413149375 0.3564453125 0.63413149375 0.353515625 0.6404728078125 0.3515625 0.7038859578125 0.3544921875 0.7102272734375 0.3974609375 0.7102272734375 0.3984375 0.7081135015625
1 0.4345703125 0.714454815625 0.4755859375 0.714454815625 0.482421875 0.7081135015625 0.48046875 0.6447003515625 0.4775390625 0.6383590375 0.4033203125 0.6383590375 0.40234375 0.6404728078125 0.40234375 0.7081135015625 0.4033203125 0.7102272734375 0.4345703125 0.714454815625
1 0.5166015625 0.714454815625 0.51953125 0.7081135015625 0.51953125 0.6404728078125 0.5185546875 0.6383590375 0.4873046875 0.6383590375 0.486328125 0.6404728078125 0.484375 0.6489278953125 0.484375 0.71234104375 0.4853515625 0.714454815625 0.5166015625 0.714454815625
1 0.5537109375 0.714454815625 0.556640625 0.7081135015625 0.556640625 0.6404728078125 0.5537109375 0.63413149375 0.5224609375 0.63413149375 0.51953125 0.6404728078125 0.51953125 0.7081135015625 0.5224609375 0.714454815625 0.5537109375 0.714454815625
1 0.5908203125 0.718682359375 0.591796875 0.7165685875000001 0.591796875 0.6447003515625 0.5888671875 0.6383590375 0.5576171875 0.6383590375 0.556640625 0.6404728078125 0.556640625 0.71234104375 0.5595703125 0.718682359375 0.5908203125 0.718682359375
1 0.6240234375 0.718682359375 0.625 0.7165685875000001 0.625 0.6447003515625 0.6240234375 0.6425865796875 0.5966796875 0.6383590375 0.5927734375 0.6425865796875 0.591796875 0.6447003515625 0.591796875 0.71234104375 0.5947265625 0.718682359375 0.6240234375 0.718682359375
1 0.6552734375 0.7229099031249999 0.658203125 0.71234104375 0.658203125 0.6531554390625 0.6552734375 0.6468141234375 0.6259765625 0.6425865796875 0.625 0.6447003515625 0.625 0.72079613125 0.6259765625 0.7229099031249999 0.6552734375 0.7229099031249999
1 0.6630859375 0.718682359375 0.6962890625 0.718682359375 0.697265625 0.7165685875000001 0.697265625 0.6404728078125 0.6962890625 0.6383590375 0.6611328125 0.6383590375 0.658203125 0.6447003515625 0.658203125 0.7038859578125 0.66015625 0.71234104375 0.6630859375 0.718682359375
1 0.7001953125 0.7229099031249999 0.7255859375 0.7229099031249999 0.7265625 0.72079613125 0.7265625 0.6489278953125 0.7236328125 0.6425865796875 0.7001953125 0.6425865796875 0.697265625 0.6489278953125 0.697265625 0.682748240625 0.69921875 0.72079613125 0.7001953125 0.7229099031249999
1 0.7626953125 0.7229099031249999 0.765625 0.7165685875000001 0.765625 0.6700656109375001 0.7626953125 0.6425865796875 0.7275390625 0.6425865796875 0.7265625 0.6447003515625 0.7265625 0.7165685875000001 0.7294921875 0.7229099031249999 0.7626953125 0.7229099031249999
1 0.8134765625 0.718682359375 0.814453125 0.7165685875000001 0.814453125 0.6658380687500001 0.8115234375 0.6383590375 0.7666015625 0.6383590375 0.765625 0.6404728078125 0.765625 0.71234104375 0.7685546875 0.718682359375 0.8134765625 0.718682359375
1 0.8544921875 0.718682359375 0.85546875 0.7165685875000001 0.85546875 0.6404728078125 0.8544921875 0.6383590375 0.8173828125 0.6383590375 0.814453125 0.6447003515625 0.814453125 0.7038859578125 0.8173828125 0.718682359375 0.8544921875 0.718682359375
1 0.8623046875 0.718682359375 0.8935546875 0.718682359375 0.896484375 0.71234104375 0.896484375 0.6785206984375 0.89453125 0.6362452656250001 0.8935546875 0.63413149375 0.8583984375 0.63413149375 0.85546875 0.6404728078125 0.85546875 0.6700656109375001 0.857421875 0.71234104375 0.8623046875 0.718682359375
1 0.8974609375 0.714454815625 0.9248046875 0.714454815625 0.927734375 0.7081135015625 0.92578125 0.6362452656250001 0.9228515625 0.62990395 0.9072265625 0.62990395 0.8955078125 0.63413149375 0.89453125 0.6362452656250001 0.89453125 0.6531554390625 0.896484375 0.71234104375 0.8974609375 0.714454815625
0 0 0.9321732953125 0.0009765625 0.9342870671875 0.0068359375 0.9342870671875 0.009765625 0.9279457515624999 0.01171875 0.89412540625 0.025390625 0.4460058171875 0.03125 0.1965807625 0.03125 0.166987959375 0.0283203125 0.1606466453125 0.0107421875 0.1606466453125 0.005859375 0.175443046875 0.001953125 0.293814259375 0 0.3656824953125 0 0.9321732953125
0 0.0322265625 0.9385146109375 0.03515625 0.9321732953125 0.037109375 0.9194906656249999 0.048828125 0.4248681 0.0546875 0.1543053296875 0.0546875 0.0993472671875 0.0537109375 0.0972334953125 0.0419921875 0.0972334953125 0.0341796875 0.1014610390625 0.03125 0.112029896875 0.009765625 0.915263121875 0.009765625 0.9321732953125 0.0126953125 0.9385146109375 0.0322265625 0.9385146109375
0 0.0478515625 0.942742153125 0.0693359375 0.942742153125 0.076171875 0.9321732953125 0.078125 0.9068080359374999 0.095703125 0.10357481093750001 0.095703125 0.0739820078125 0.0927734375 0.06764069218749999 0.0634765625 0.06764069218749999 0.05859375 0.08243709375 0.056640625 0.0993472671875 0.0546875 0.1331676140625 0.0390625 0.7377063046875 0.037109375 0.8349398000000001 0.037109375 0.9321732953125 0.0400390625 0.9385146109375 0.0478515625 0.942742153125
0 0.099609375 0.9406283828124999 0.1015625 0.923718209375 0.109375 0.695430871875 0.123046875 0.0739820078125 0.12109375 0.052844290625 0.119140625 0.0443892046875 0.1142578125 0.0380478890625 0.0986328125 0.0380478890625 0.095703125 0.0443892046875 0.08203125 0.6447003515625 0.076171875 0.9364008390624999 0.0830078125 0.946969696875 0.0966796875 0.946969696875 0.099609375 0.9406283828124999
0 0.1142578125 0.9511972406250001 0.1240234375 0.9511972406250001 0.1298828125 0.946969696875 0.1328125 0.9406283828124999 0.134765625 0.923718209375 0.150390625 0.107802353125 0.150390625 0.0993472671875 0.1484375 0.0866646375 0.1435546875 0.08032332187499999 0.1279296875 0.08032332187499999 0.1240234375 0.084550865625 0.12109375 0.0951197234375 0.119140625 0.12471252656250001 0.1015625 0.9025804921875 0.1015625 0.9406283828124999 0.1044921875 0.946969696875 0.1142578125 0.9511972406250001
0 0.1474609375 0.9511972406250001 0.15234375 0.9364008390624999 0.171875 0.0739820078125 0.171875 0.0655269203125 0.1669921875 0.0549580625 0.1533203125 0.0549580625 0.150390625 0.0697544640625 0.14453125 0.29804180156250004 0.1328125 0.9321732953125 0.134765625 0.944855925 0.1396484375 0.9511972406250001 0.1474609375 0.9511972406250001
0 0.2001953125 0.946969696875 0.201171875 0.944855925 0.203125 0.8433948859375 0.203125 0.7165685875000001 0.2021484375 0.714454815625 0.1845703125 0.714454815625 0.1806640625 0.718682359375 0.173828125 0.7546164765625 0.171875 0.83916734375 0.171875 0.944855925 0.1787109375 0.9511972406250001 0.2001953125 0.946969696875
0 0.1845703125 0 0.181640625 0.0105688578125 0.177734375 0.281131628125 0.173828125 0.6320177218749999 0.1748046875 0.63413149375 0.2060546875 0.63413149375 0.208984375 0.6066524624999999 0.224609375 0.0486167484375 0.224609375 0.0105688578125 0.2216796875 0 0.1845703125 0
0 0.1630859375 0.5115327375 0.162109375 0.513646509375 0.1630859375 0.5157602812500001 0.166015625 0.513646509375 0.1630859375 0.5115327375
0 0.244140625 0.944855925 0.24609375 0.9025804921875 0.2578125 0.12471252656250001 0.255859375 0.0993472671875 0.2509765625 0.093005953125 0.2236328125 0.093005953125 0.21875 0.10357481093750001 0.216796875 0.12471252656250001 0.20703125 0.6447003515625 0.203125 0.944855925 0.2060546875 0.9511972406250001 0.2412109375 0.9511972406250001 0.244140625 0.944855925
0 0.1650390625 0.9511972406250001 0.16796875 0.944855925 0.173828125 0.6742931546875 0.1796875 0.2092633921875 0.1796875 0.0697544640625 0.1787109375 0.06764069218749999 0.1728515625 0.06764069218749999 0.169921875 0.08243709375 0.166015625 0.1627604171875 0.162109375 0.340317234375 0.15234375 0.8518499734375 0.15234375 0.944855925 0.1552734375 0.9511972406250001 0.1650390625 0.9511972406250001
0 0.2802734375 0.9554247828125 0.287109375 0.944855925 0.2890625 0.8898978625 0.29296875 0.6658380687500001 0.30078125 0.0697544640625 0.30078125 0.0655269203125 0.2958984375 0.0549580625 0.2626953125 0.05918560625 0.2578125 0.0739820078125 0.248046875 0.72079613125 0.24609375 0.860305059375 0.24609375 0.9490834687499999 0.2529296875 0.9554247828125 0.2802734375 0.9554247828125
0 0.3466796875 0.9554247828125 0.349609375 0.9490834687499999 0.375 0.0866646375 0.3642578125 0.06341315 0.3564453125 0.05918560625 0.3291015625 0.05918560625 0.3037109375 0.06341315 0.30078125 0.0697544640625 0.298828125 0.112029896875 0.2890625 0.864532603125 0.2890625 0.9490834687499999 0.2919921875 0.9554247828125 0.3466796875 0.9554247828125
0 0.3916015625 0.9638798703125 0.39453125 0.9575385546874999 0.396484375 0.944855925 0.404296875 0.28535917187500004 0.404296875 0.11625744062500001 0.4013671875 0.1056885828125 0.3896484375 0.1014610390625 0.3642578125 0.1014610390625 0.359375 0.11625744062500001 0.3515625 0.72079613125 0.349609375 0.9364008390624999 0.3515625 0.9575385546874999 0.3564453125 0.9638798703125 0.3916015625 0.9638798703125
0 0.4638671875 0.9723349562499999 0.4775390625 0.9681074140625 0.482421875 0.9575385546874999 0.494140625 0.08243709375 0.4873046875 0.05918560625 0.4052734375 0.06341315 0.40234375 0.0697544640625 0.396484375 0.9617660984375 0.4033203125 0.9681074140625 0.4384765625 0.9723349562499999 0.4638671875 0.9723349562499999
0 0.5146484375 0.9723349562499999 0.517578125 0.9659936421875001 0.51953125 0.746161390625 0.521484375 0.171215503125 0.5185546875 0.1648741890625 0.5048828125 0.1606466453125 0.4970703125 0.1606466453125 0.490234375 0.166987959375 0.48828125 0.226173565625 0.484375 0.581287203125 0.482421875 0.9617660984375 0.4853515625 0.9681074140625 0.4931640625 0.9723349562499999 0.5146484375 0.9723349562499999
0 0.5341796875 0.9765625 0.5458984375 0.9765625 0.5537109375 0.9723349562499999 0.556640625 0.9575385546874999 0.556640625 0.13739515625 0.5546875 0.0697544640625 0.5537109375 0.06764069218749999 0.5283203125 0.06764069218749999 0.5234375 0.0739820078125 0.521484375 0.0866646375 0.51953125 0.9490834687499999 0.521484375 0.9659936421875001 0.5263671875 0.9723349562499999 0.5341796875 0.9765625
0 0.55859375 0.9702211843749999 0.5693359375 0.9807900437500001 0.5810546875 0.9807900437500001 0.5888671875 0.9765625 0.591796875 0.9702211843749999 0.59375 0.057071834375 0.5908203125 0.050730518749999995 0.5849609375 0.0465029765625 0.5634765625 0.0465029765625 0.556640625 0.052844290625 0.5546875 0.061299378125000005 0.5546875 0.0739820078125 0.556640625 0.8222571703125 0.55859375 0.9702211843749999
0 0.5947265625 0.9765625 0.5986328125 0.9807900437500001 0.6220703125 0.9807900437500001 0.625 0.974448728125 0.625 0.5263291390625 0.623046875 0.12471252656250001 0.6162109375 0.109916125 0.5947265625 0.109916125 0.591796875 0.11625744062500001 0.591796875 0.9279457515624999 0.59375 0.974448728125 0.5947265625 0.9765625
0 0.626953125 0.9702211843749999 0.6298828125 0.9765625 0.6572265625 0.9765625 0.66015625 0.9702211843749999 0.66015625 0.9406283828124999 0.654296875 0.12471252656250001 0.6494140625 0.11414366875 0.6240234375 0.12682629843749998 0.623046875 0.12894007031250002 0.623046875 0.513646509375 0.625 0.9110355796875 0.626953125 0.9702211843749999
0 0.662109375 0.9659936421875001 0.6650390625 0.9765625 0.6708984375 0.9807900437500001 0.6962890625 0.9807900437500001 0.69921875 0.974448728125 0.69921875 0.77152665 0.6953125 0.0697544640625 0.6923828125 0.05918560625 0.6787109375 0.05918560625 0.6591796875 0.06764069218749999 0.654296875 0.07820955156250001 0.654296875 0.1923532203125 0.66015625 0.9406283828124999 0.662109375 0.9659936421875001
0 0.6943359375 0 0.693359375 0.002113771875 0.693359375 0.1331676140625 0.697265625 0.5601494859375 0.69921875 0.6362452656250001 0.7021484375 0.6425865796875 0.7216796875 0.6425865796875 0.724609375 0.6362452656250001 0.724609375 0.517874053125 0.720703125 0.002113771875 0.7197265625 0 0.6943359375 0
0 0.728515625 0.9068080359374999 0.73046875 0.974448728125 0.7353515625 0.9850175859375 0.7646484375 0.9850175859375 0.767578125 0.978676271875 0.767578125 0.9194906656249999 0.759765625 0.035934117187499996 0.7529296875 0.025365259374999997 0.7236328125 0.029592803125 0.720703125 0.035934117187499996 0.720703125 0.171215503125 0.7265625 0.746161390625 0.728515625 0.9068080359374999
0 0.76953125 0.944855925 0.771484375 0.9702211843749999 0.7763671875 0.9807900437500001 0.7900390625 0.9850175859375 0.8134765625 0.9850175859375 0.81640625 0.978676271875 0.81640625 0.8729876890625 0.80859375 0.12048498437499999 0.806640625 0.0443892046875 0.8046875 0.035934117187499996 0.7998046875 0.029592803125 0.7646484375 0.033820346875000004 0.76171875 0.040161660937499996 0.759765625 0.057071834375 0.76171875 0.3276346046875 0.765625 0.7165685875000001 0.76953125 0.944855925
0 0.8203125 0.974448728125 0.8251953125 0.9850175859375 0.8583984375 0.9850175859375 0.859375 0.9829038156250001 0.859375 0.915263121875 0.857421875 0.750388934375 0.84765625 0.10357481093750001 0.845703125 0.0866646375 0.8427734375 0.08032332187499999 0.8291015625 0.08032332187499999 0.8115234375 0.084550865625 0.810546875 0.0866646375 0.80859375 0.0951197234375 0.80859375 0.12471252656250001 0.814453125 0.6996584140625 0.8203125 0.974448728125
0 0.8681640625 0.9892451296875 0.8759765625 0.9934726734374999 0.8955078125 0.9934726734374999 0.90234375 0.9829038156250001 0.90234375 0.9575385546874999 0.88671875 0.031706575 0.884765625 0.0105688578125 0.8798828125 0 0.8505859375 0.00422754375 0.8447265625 0.008455085937499999 0.837890625 0.019023945312500002 0.830078125 0.0697544640625 0.86328125 0.9575385546874999 0.865234375 0.9829038156250001 0.8681640625 0.9892451296875
0 0.90234375 0.978676271875 0.9052734375 0.9850175859375 0.9306640625 0.9850175859375 0.935546875 0.974448728125 0.919921875 0.14585024375 0.91796875 0.112029896875 0.9130859375 0.1014610390625 0.8857421875 0.1014610390625 0.884765625 0.10357481093750001 0.884765625 0.166987959375 0.900390625 0.9533110125 0.90234375 0.978676271875