1 0.103515625 0.695430871875 0.103515625 0.6616105250000001 0.1005859375 0.655269209375 0.0888671875 0.655269209375 0.0859375 0.6658380687500001 0.083984375 0.71234104375 0.0849609375 0.714454815625 0.1005859375 0.714454815625 0.103515625 0.695430871875
1 0.140625 0.71234104375 0.140625 0.6616105250000001 0.1396484375 0.659496753125 0.1064453125 0.659496753125 0.103515625 0.6700656109375001 0.1015625 0.71234104375 0.1044921875 0.718682359375 0.1357421875 0.7229099031249999 0.140625 0.71234104375
1 0.1796875 0.7292512171875 0.181640625 0.695430871875 0.181640625 0.6742931546875 0.1806640625 0.6721793828125 0.1494140625 0.6679518390625 0.146484375 0.6742931546875 0.14453125 0.725023675 0.1474609375 0.7313649890625 0.1787109375 0.7313649890625 0.1796875 0.7292512171875
1 0.2109375 0.725023675 0.212890625 0.71234104375 0.212890625 0.6700656109375001 0.2119140625 0.6679518390625 0.2080078125 0.663724296875 0.1845703125 0.663724296875 0.181640625 0.6742931546875 0.1796875 0.72079613125 0.1826171875 0.7271374453125 0.2099609375 0.7271374453125 0.2109375 0.725023675
1 0.2392578125 0.7271374453125 0.2421875 0.72079613125 0.244140625 0.6742931546875 0.2412109375 0.6679518390625 0.2177734375 0.6679518390625 0.21484375 0.6742931546875 0.212890625 0.7038859578125 0.212890625 0.725023675 0.2138671875 0.7271374453125 0.2392578125 0.7271374453125
1 0.2763671875 0.7271374453125 0.27734375 0.725023675 0.279296875 0.6996584140625 0.279296875 0.6700656109375001 0.2783203125 0.6679518390625 0.2451171875 0.6679518390625 0.244140625 0.6700656109375001 0.2421875 0.7081135015625 0.2421875 0.725023675 0.2431640625 0.7271374453125 0.2763671875 0.7271374453125
1 0.3017578125 0.7355925328125 0.3046875 0.7292512171875 0.306640625 0.6785206984375 0.3037109375 0.6721793828125 0.2841796875 0.6721793828125 0.28125 0.6785206984375 0.279296875 0.6912033281250001 0.279296875 0.7334787609375 0.2802734375 0.7355925328125 0.3017578125 0.7355925328125
1 0.3330078125 0.7355925328125 0.3525390625 0.7355925328125 0.353515625 0.7334787609375 0.35546875 0.72079613125 0.35546875 0.6742931546875 0.3544921875 0.6721793828125 0.3115234375 0.6679518390625 0.306640625 0.6785206984375 0.3046875 0.7165685875000001 0.3046875 0.7292512171875 0.3056640625 0.7313649890625 0.3330078125 0.7355925328125
1 0.400390625 0.725023675 0.40234375 0.6996584140625 0.40234375 0.6658380687500001 0.4013671875 0.663724296875 0.3779296875 0.659496753125 0.3603515625 0.659496753125 0.357421875 0.6700656109375001 0.35546875 0.72079613125 0.3583984375 0.7271374453125 0.3994140625 0.7271374453125 0.400390625 0.725023675
1 0.4189453125 0.7313649890625 0.4326171875 0.7313649890625 0.435546875 0.725023675 0.4375 0.682748240625 0.4375 0.6700656109375001 0.4365234375 0.6679518390625 0.4326171875 0.663724296875 0.4052734375 0.663724296875 0.40234375 0.6700656109375001 0.400390625 0.7165685875000001 0.400390625 0.725023675 0.4013671875 0.7271374453125 0.4189453125 0.7313649890625
1 0.4482421875 0.7313649890625 0.4794921875 0.7313649890625 0.48046875 0.7292512171875 0.482421875 0.6742931546875 0.4794921875 0.6679518390625 0.4638671875 0.663724296875 0.4423828125 0.663724296875 0.439453125 0.6700656109375001 0.439453125 0.725023675 0.4404296875 0.7271374453125 0.4482421875 0.7313649890625
1 0.51171875 0.7334787609375 0.513671875 0.71234104375 0.513671875 0.6742931546875 0.5009765625 0.6679518390625 0.4853515625 0.6679518390625 0.482421875 0.6742931546875 0.48046875 0.7292512171875 0.4833984375 0.7355925328125 0.5087890625 0.739820075 0.51171875 0.7334787609375
1 0.5224609375 0.7313649890625 0.5478515625 0.7313649890625 0.55078125 0.725023675 0.552734375 0.6742931546875 0.5478515625 0.663724296875 0.5185546875 0.659496753125 0.515625 0.6700656109375001 0.513671875 0.6996584140625 0.513671875 0.725023675 0.5146484375 0.7271374453125 0.5224609375 0.7313649890625
1 0.5947265625 0.7313649890625 0.595703125 0.7292512171875 0.59765625 0.71234104375 0.59765625 0.6700656109375001 0.5947265625 0.663724296875 0.5732421875 0.659496753125 0.5576171875 0.659496753125 0.556640625 0.6616105250000001 0.5546875 0.6742931546875 0.5546875 0.7292512171875 0.5556640625 0.7313649890625 0.5947265625 0.7313649890625
1 0.6298828125 0.7313649890625 0.6513671875 0.7313649890625 0.65234375 0.7292512171875 0.654296875 0.7081135015625 0.654296875 0.6658380687500001 0.6533203125 0.663724296875 0.6025390625 0.655269209375 0.599609375 0.6616105250000001 0.59765625 0.6912033281250001 0.59765625 0.725023675 0.5986328125 0.7271374453125 0.6298828125 0.7313649890625
1 0.6767578125 0.7355925328125 0.6796875 0.7292512171875 0.681640625 0.6700656109375001 0.6787109375 0.663724296875 0.6591796875 0.663724296875 0.658203125 0.6658380687500001 0.65625 0.6742931546875 0.65625 0.7292512171875 0.6572265625 0.7313649890625 0.6767578125 0.7355925328125
1 0.7099609375 0.7313649890625 0.7109375 0.7292512171875 0.712890625 0.6996584140625 0.712890625 0.6658380687500001 0.7021484375 0.659496753125 0.6845703125 0.659496753125 0.68359375 0.6616105250000001 0.681640625 0.6912033281250001 0.681640625 0.725023675 0.6865234375 0.7313649890625 0.7099609375 0.7313649890625
1 0.7294921875 0.7355925328125 0.7431640625 0.7355925328125 0.744140625 0.7334787609375 0.74609375 0.6742931546875 0.744140625 0.6658380687500001 0.7431640625 0.663724296875 0.7158203125 0.663724296875 0.712890625 0.6700656109375001 0.712890625 0.7292512171875 0.7138671875 0.7313649890625 0.7294921875 0.7355925328125
1 0.7568359375 0.74404761875 0.7802734375 0.7482751624999999 0.7978515625 0.7482751624999999 0.798828125 0.746161390625 0.80078125 0.7081135015625 0.80078125 0.682748240625 0.7978515625 0.6764069265625 0.7861328125 0.6721793828125 0.7470703125 0.6721793828125 0.74609375 0.6742931546875 0.74609375 0.7334787609375 0.7490234375 0.739820075 0.7568359375 0.74404761875
1 0.8642578125 0.7355925328125 0.8876953125 0.7355925328125 0.888671875 0.7334787609375 0.888671875 0.6700656109375001 0.8857421875 0.663724296875 0.8681640625 0.659496753125 0.8232421875 0.655269209375 0.8095703125 0.655269209375 0.8056640625 0.659496753125 0.8046875 0.6616105250000001 0.8046875 0.725023675 0.8056640625 0.7271374453125 0.8642578125 0.7355925328125
0 0.0888671875 0.9046942640625 0.08984375 0.9025804921875 0.091796875 0.89412540625 0.09375 0.8687601468749999 0.125 0.29804180156250004 0.125 0.289586715625 0.1220703125 0.2832454 0.1142578125 0.2790178578125 0.1083984375 0.2832454 0.10546875 0.289586715625 0.103515625 0.3022693453125 0.09375 0.49250879375 0.076171875 0.864532603125 0.076171875 0.8983529484374999 0.0791015625 0.9046942640625 0.0888671875 0.9046942640625
0 0.1318359375 0.9089218078125001 0.134765625 0.8983529484374999 0.13671875 0.864532603125 0.166015625 0.293814259375 0.166015625 0.251538825 0.1630859375 0.24519751093750003 0.1357421875 0.2494250546875 0.1279296875 0.25365259687499997 0.125 0.2684489984375 0.1015625 0.6869757843750001 0.091796875 0.8729876890625 0.091796875 0.9025804921875 0.1044921875 0.9089218078125001 0.1318359375 0.9089218078125001
0 0.1630859375 0.91737689375 0.169921875 0.9110355796875 0.171875 0.89412540625 0.232421875 0.2684489984375 0.232421875 0.234628653125 0.2294921875 0.2282873375 0.2080078125 0.20714962187500002 0.2001953125 0.202922078125 0.1806640625 0.202922078125 0.1728515625 0.20714962187500002 0.169921875 0.21771847968750002 0.1640625 0.29804180156250004 0.146484375 0.6447003515625 0.134765625 0.8856703187500001 0.134765625 0.9068080359374999 0.1376953125 0.91314935 0.1630859375 0.91737689375
0 0.2021484375 0.91737689375 0.203125 0.915263121875 0.20703125 0.860305059375 0.232421875 0.314951975 0.232421875 0.281131628125 0.2255859375 0.2705627703125 0.2158203125 0.2705627703125 0.2041015625 0.2747903140625 0.201171875 0.281131628125 0.19921875 0.293814259375 0.171875 0.8687601468749999 0.171875 0.9110355796875 0.1748046875 0.91737689375 0.2021484375 0.91737689375
0 0.2314453125 0.91737689375 0.234375 0.9110355796875 0.26953125 0.23040110937499997 0.2646484375 0.21983225156250003 0.2392578125 0.21983225156250003 0.234375 0.23040110937499997 0.232421875 0.26422145625 0.205078125 0.89412540625 0.205078125 0.9110355796875 0.2080078125 0.91737689375 0.2314453125 0.91737689375
0 0.2470703125 0.92583198125 0.2646484375 0.92583198125 0.26953125 0.9194906656249999 0.275390625 0.8053469968750001 0.296875 0.2769040859375 0.296875 0.24308373906249997 0.2919921875 0.23251488125000003 0.2783203125 0.23251488125000003 0.2666015625 0.236742425 0.263671875 0.24308373906249997 0.26171875 0.25576636875 0.23828125 0.746161390625 0.234375 0.8476224296874999 0.234375 0.915263121875 0.2373046875 0.9216044374999999 0.2470703125 0.92583198125
0 0.2900390625 0.92583198125 0.294921875 0.915263121875 0.296875 0.8898978625 0.306640625 0.6996584140625 0.322265625 0.289586715625 0.322265625 0.234628653125 0.3193359375 0.2282873375 0.3056640625 0.2282873375 0.3017578125 0.23251488125000003 0.298828125 0.24308373906249997 0.2734375 0.8180296265625 0.271484375 0.8687601468749999 0.271484375 0.9194906656249999 0.2744140625 0.92583198125 0.2900390625 0.92583198125
0 0.3173828125 0.9385146109375 0.3369140625 0.9385146109375 0.345703125 0.9279457515624999 0.34765625 0.9110355796875 0.380859375 0.1585328734375 0.3779296875 0.143736471875 0.3583984375 0.143736471875 0.3310546875 0.1521915578125 0.32421875 0.1627604171875 0.296875 0.8856703187500001 0.296875 0.9279457515624999 0.3037109375 0.9342870671875 0.3173828125 0.9385146109375
0 0.3603515625 0.9342870671875 0.3857421875 0.9342870671875 0.390625 0.9279457515624999 0.392578125 0.915263121875 0.4609375 0.2219460234375 0.458984375 0.2092633921875 0.4453125 0.175443046875 0.4267578125 0.1352813859375 0.4150390625 0.1310538421875 0.3896484375 0.1352813859375 0.3828125 0.1416227 0.373046875 0.3234070609375 0.359375 0.6320177218749999 0.34765625 0.8983529484374999 0.34765625 0.923718209375 0.3505859375 0.9300595234375001 0.3603515625 0.9342870671875
0 0.4013671875 0.942742153125 0.4208984375 0.942742153125 0.42578125 0.9321732953125 0.427734375 0.915263121875 0.453125 0.281131628125 0.453125 0.25999391250000004 0.4521484375 0.25788014062500003 0.4345703125 0.25788014062500003 0.4189453125 0.262107684375 0.41796875 0.26422145625 0.390625 0.9279457515624999 0.390625 0.9321732953125 0.3935546875 0.9385146109375 0.4013671875 0.942742153125
0 0.4541015625 0.9385146109375 0.4658203125 0.9385146109375 0.4697265625 0.9342870671875 0.47265625 0.923718209375 0.474609375 0.8814427765625 0.498046875 0.251538825 0.498046875 0.234628653125 0.4951171875 0.2282873375 0.4697265625 0.23251488125000003 0.4599609375 0.236742425 0.45703125 0.24308373906249997 0.4375 0.695430871875 0.4296875 0.8983529484374999 0.4296875 0.9279457515624999 0.4365234375 0.9342870671875 0.4541015625 0.9385146109375
0 0.4853515625 0.9511972406250001 0.4990234375 0.946969696875 0.50390625 0.9406283828124999 0.505859375 0.9279457515624999 0.529296875 0.29804180156250004 0.53125 0.2388561953125 0.53125 0.1796705890625 0.5263671875 0.173329275 0.5029296875 0.17755681875 0.498046875 0.1923532203125 0.4765625 0.809574540625 0.474609375 0.8687601468749999 0.474609375 0.9364008390624999 0.4794921875 0.946969696875 0.4853515625 0.9511972406250001
0 0.5166015625 0.942742153125 0.5283203125 0.946969696875 0.5380859375 0.946969696875 0.54296875 0.9364008390624999 0.544921875 0.9279457515624999 0.576171875 0.1923532203125 0.572265625 0.171215503125 0.5673828125 0.1606466453125 0.5634765625 0.1564191015625 0.5380859375 0.1564191015625 0.5341796875 0.1606466453125 0.53125 0.171215503125 0.51171875 0.7588440203125 0.5078125 0.8898978625 0.5078125 0.9321732953125 0.5107421875 0.9385146109375 0.5166015625 0.942742153125
0 0.5615234375 0.946969696875 0.5888671875 0.946969696875 0.591796875 0.923718209375 0.59375 0.8687601468749999 0.611328125 0.25576636875 0.611328125 0.2134909359375 0.6044921875 0.20714962187500002 0.5771484375 0.2113771640625 0.572265625 0.226173565625 0.548828125 0.83071225625 0.546875 0.8898978625 0.546875 0.9364008390624999 0.5498046875 0.942742153125 0.5615234375 0.946969696875
0 0.6259765625 0.9554247828125 0.6435546875 0.9554247828125 0.6474609375 0.9511972406250001 0.6484375 0.9490834687499999 0.669921875 0.171215503125 0.669921875 0.13739515625 0.6669921875 0.12682629843749998 0.6552734375 0.12259875468749999 0.6318359375 0.12682629843749998 0.6201171875 0.1310538421875 0.615234375 0.1416227 0.61328125 0.1796705890625 0.59375 0.83071225625 0.591796875 0.9364008390624999 0.5966796875 0.946969696875 0.6064453125 0.9511972406250001 0.6259765625 0.9554247828125
0 0.6708984375 0.9554247828125 0.6748046875 0.9511972406250001 0.677734375 0.9406283828124999 0.6796875 0.864532603125 0.693359375 0.1838981328125 0.6904296875 0.16910173125 0.6748046875 0.16910173125 0.671875 0.175443046875 0.669921875 0.20080830624999998 0.65625 0.6700656109375001 0.65234375 0.8433948859375 0.65234375 0.9490834687499999 0.6611328125 0.9554247828125 0.6708984375 0.9554247828125
0 0.7060546875 0.9554247828125 0.708984375 0.944855925 0.720703125 0.20080830624999998 0.720703125 0.1500777875 0.7177734375 0.143736471875 0.7041015625 0.143736471875 0.693359375 0.1543053296875 0.681640625 0.682748240625 0.677734375 0.944855925 0.6806640625 0.9511972406250001 0.6904296875 0.9554247828125 0.7060546875 0.9554247828125
0 0.7275390625 0.9638798703125 0.7373046875 0.9638798703125 0.740234375 0.9575385546874999 0.7421875 0.9364008390624999 0.74609375 0.6996584140625 0.75390625 0.11625744062500001 0.7509765625 0.1056885828125 0.7314453125 0.1056885828125 0.7255859375 0.109916125 0.72265625 0.12048498437499999 0.71484375 0.5305566828125 0.7109375 0.7926643671875 0.7109375 0.9533110125 0.7138671875 0.9596523265625001 0.7275390625 0.9638798703125
0 0.7919921875 0.9638798703125 0.798828125 0.9490834687499999 0.80078125 0.9406283828124999 0.806640625 0.6277901781249999 0.810546875 0.13739515625 0.810546875 0.0697544640625 0.8095703125 0.06764069218749999 0.7900390625 0.06764069218749999 0.7626953125 0.0760957796875 0.7568359375 0.08032332187499999 0.75390625 0.0866646375 0.74609375 0.6489278953125 0.744140625 0.9490834687499999 0.7490234375 0.9596523265625001 0.7568359375 0.9638798703125 0.7919921875 0.9638798703125
0 0.8212890625 0.9681074140625 0.8564453125 0.9765625 0.8837890625 0.9765625 0.8896484375 0.9723349562499999 0.892578125 0.9617660984375 0.8984375 0.25999391250000004 0.8984375 0.1500777875 0.8955078125 0.143736471875 0.8837890625 0.143736471875 0.8173828125 0.1521915578125 0.8125 0.1585328734375 0.810546875 0.171215503125 0.80859375 0.24308373906249997 0.802734375 0.8687601468749999 0.8046875 0.9533110125 0.8095703125 0.9638798703125 0.8212890625 0.9681074140625