1 0.1201171875 0.549580628125 0.12109375 0.54746685625 0.12109375 0.5263291390625 0.119140625 0.5051914234375 0.1142578125 0.494622565625 0.0927734375 0.494622565625 0.08984375 0.5009638796875 0.09375 0.53901176875 0.0966796875 0.549580628125 0.1201171875 0.549580628125
1 0.1240234375 0.5622632578125 0.1416015625 0.5664908015625 0.1455078125 0.5664908015625 0.146484375 0.5643770296875 0.14453125 0.5263291390625 0.1416015625 0.5115327375 0.1201171875 0.5115327375 0.119140625 0.513646509375 0.119140625 0.522101596875 0.12109375 0.54746685625 0.1240234375 0.5622632578125
1 0.1494140625 0.5664908015625 0.1533203125 0.5707183437500001 0.1708984375 0.5707183437500001 0.173828125 0.5643770296875 0.171875 0.5347842265625 0.1689453125 0.5199878250000001 0.1455078125 0.5157602812500001 0.14453125 0.517874053125 0.14453125 0.53901176875 0.146484375 0.5601494859375 0.1494140625 0.5664908015625
1 0.173828125 0.572832115625 0.1748046875 0.5749458875 0.1904296875 0.5749458875 0.193359375 0.568604571875 0.189453125 0.5263291390625 0.1884765625 0.5242153671875001 0.1708984375 0.5242153671875001 0.169921875 0.5263291390625 0.169921875 0.5347842265625 0.171875 0.5643770296875 0.173828125 0.572832115625
1 0.1962890625 0.5834009734375 0.2119140625 0.5834009734375 0.212890625 0.581287203125 0.212890625 0.572832115625 0.2109375 0.53901176875 0.2080078125 0.5326704546875 0.1904296875 0.5284429109375 0.189453125 0.5305566828125 0.189453125 0.53901176875 0.193359375 0.5770596593749999 0.1962890625 0.5834009734375
1 0.2177734375 0.5918560609375 0.2568359375 0.5918560609375 0.2578125 0.5897422890625 0.2578125 0.5643770296875 0.2548828125 0.541125540625 0.2119140625 0.5368979984375 0.2109375 0.53901176875 0.2109375 0.5643770296875 0.2138671875 0.5876285171875 0.2177734375 0.5918560609375
1 0.2626953125 0.600311146875 0.2783203125 0.608766234375 0.2998046875 0.608766234375 0.3046875 0.6024249187499999 0.302734375 0.5601494859375 0.2998046875 0.5538081703125 0.2587890625 0.5453530843750001 0.2578125 0.54746685625 0.2578125 0.5770596593749999 0.259765625 0.5939698328125 0.2626953125 0.600311146875
1 0.3095703125 0.6129937765625 0.3291015625 0.6129937765625 0.33203125 0.6066524624999999 0.330078125 0.5643770296875 0.3291015625 0.5622632578125 0.3251953125 0.5580357140625 0.3037109375 0.5580357140625 0.302734375 0.5601494859375 0.302734375 0.581287203125 0.3056640625 0.608766234375 0.3095703125 0.6129937765625
1 0.3349609375 0.6214488640625 0.3564453125 0.62567640625 0.3779296875 0.62567640625 0.37890625 0.6235626359374999 0.37890625 0.5897422890625 0.376953125 0.5770596593749999 0.3740234375 0.5707183437500001 0.3310546875 0.5664908015625 0.330078125 0.568604571875 0.330078125 0.5939698328125 0.33203125 0.6151075484375 0.3349609375 0.6214488640625
1 0.4150390625 0.6468141234375 0.4384765625 0.6468141234375 0.44140625 0.6404728078125 0.44140625 0.6024249187499999 0.4384765625 0.5918560609375 0.4013671875 0.5834009734375 0.400390625 0.5855147453125 0.400390625 0.6277901781249999 0.4052734375 0.6425865796875 0.4150390625 0.6468141234375
1 0.380859375 0.6320177218749999 0.3896484375 0.6383590375 0.3994140625 0.6383590375 0.40234375 0.6320177218749999 0.400390625 0.5897422890625 0.3974609375 0.5834009734375 0.3798828125 0.57917343125 0.376953125 0.5855147453125 0.376953125 0.5897422890625 0.37890625 0.6235626359374999 0.380859375 0.6320177218749999
1 0.4775390625 0.655269209375 0.478515625 0.6531554390625 0.478515625 0.6024249187499999 0.4775390625 0.600311146875 0.4423828125 0.5960836031250001 0.44140625 0.598197375 0.44140625 0.6447003515625 0.4443359375 0.655269209375 0.4775390625 0.655269209375
1 0.4853515625 0.663724296875 0.4951171875 0.6679518390625 0.5244140625 0.6679518390625 0.52734375 0.6616105250000001 0.52734375 0.6193350921875 0.5244140625 0.6129937765625 0.4794921875 0.604538690625 0.478515625 0.6066524624999999 0.478515625 0.6531554390625 0.4814453125 0.659496753125 0.4853515625 0.663724296875
1 0.5419921875 0.68908955625 0.5732421875 0.68908955625 0.57421875 0.6869757843750001 0.57421875 0.6320177218749999 0.5732421875 0.62990395 0.5283203125 0.6214488640625 0.52734375 0.6235626359374999 0.52734375 0.6785206984375 0.5283203125 0.6806344703125 0.5419921875 0.68908955625
1 0.6201171875 0.714454815625 0.6337890625 0.718682359375 0.6552734375 0.718682359375 0.658203125 0.71234104375 0.658203125 0.6573829812499999 0.6572265625 0.655269209375 0.6142578125 0.6510416671875 0.61328125 0.6531554390625 0.61328125 0.7038859578125 0.6162109375 0.7102272734375 0.6201171875 0.714454815625
1 0.6103515625 0.7102272734375 0.61328125 0.7038859578125 0.61328125 0.6531554390625 0.6123046875 0.6510416671875 0.5771484375 0.6425865796875 0.576171875 0.6447003515625 0.57421875 0.6869757843750001 0.5771484375 0.7017721859375 0.6005859375 0.7102272734375 0.6103515625 0.7102272734375
1 0.6669921875 0.718682359375 0.6962890625 0.7271374453125 0.7158203125 0.7271374453125 0.716796875 0.725023675 0.71875 0.71234104375 0.71875 0.6658380687500001 0.7177734375 0.663724296875 0.6611328125 0.655269209375 0.66015625 0.6573829812499999 0.66015625 0.71234104375 0.6611328125 0.714454815625 0.6669921875 0.718682359375
1 0.7724609375 0.739820075 0.77734375 0.725023675 0.779296875 0.6785206984375 0.7763671875 0.6721793828125 0.7255859375 0.6679518390625 0.7197265625 0.6679518390625 0.71875 0.6700656109375001 0.716796875 0.72079613125 0.7216796875 0.7313649890625 0.7373046875 0.739820075 0.7724609375 0.739820075
1 0.7822265625 0.74404761875 0.8076171875 0.7567302484375 0.8232421875 0.7609577921875 0.8408203125 0.7609577921875 0.841796875 0.7588440203125 0.84375 0.746161390625 0.845703125 0.71234104375 0.845703125 0.6996584140625 0.8447265625 0.6975446421875 0.7841796875 0.6764069265625 0.7802734375 0.6764069265625 0.779296875 0.6785206984375 0.77734375 0.7038859578125 0.77734375 0.7377063046875 0.7783203125 0.739820075 0.7822265625 0.74404761875
0 0.1103515625 0.68908955625 0.1181640625 0.6933171 0.1318359375 0.6933171 0.1328125 0.6912033281250001 0.15625 0.07820955156250001 0.1552734375 0.0760957796875 0.1298828125 0.0760957796875 0.0537109375 0.088778409375 0.05078125 0.0951197234375 0.05078125 0.112029896875 0.107421875 0.6785206984375 0.1103515625 0.68908955625
0 0.1201171875 0.5073051953125 0.1240234375 0.5115327375 0.1396484375 0.5157602812500001 0.142578125 0.5094189671875 0.142578125 0.5051914234375 0.138671875 0.45023336093750005 0.109375 0.12894007031250002 0.1064453125 0.11414366875 0.0908203125 0.11414366875 0.0849609375 0.1183712125 0.08203125 0.12471252656250001 0.08203125 0.12894007031250002 0.115234375 0.48405370625 0.1201171875 0.5073051953125
0 0.1484375 0.5939698328125 0.158203125 0.695430871875 0.1669921875 0.714454815625 0.1728515625 0.718682359375 0.1806640625 0.718682359375 0.18359375 0.71234104375 0.18359375 0.6869757843750001 0.146484375 0.10357481093750001 0.1455078125 0.1014610390625 0.1279296875 0.1014610390625 0.1103515625 0.1056885828125 0.109375 0.107802353125 0.109375 0.1331676140625 0.111328125 0.1585328734375 0.1484375 0.5939698328125
0 0.205078125 0.72079613125 0.2099609375 0.7313649890625 0.2197265625 0.7313649890625 0.220703125 0.7292512171875 0.220703125 0.695430871875 0.2109375 0.5432393125 0.1796875 0.14585024375 0.1767578125 0.12682629843749998 0.1630859375 0.12682629843749998 0.16015625 0.1331676140625 0.16015625 0.1416227 0.203125 0.7081135015625 0.205078125 0.72079613125
0 0.1904296875 0.7229099031249999 0.2021484375 0.7229099031249999 0.203125 0.72079613125 0.203125 0.695430871875 0.17578125 0.107802353125 0.1708984375 0.0972334953125 0.1669921875 0.0972334953125 0.1416015625 0.109916125 0.138671875 0.11625744062500001 0.138671875 0.1331676140625 0.18359375 0.71234104375 0.1904296875 0.7229099031249999
0 0.22265625 0.7292512171875 0.2275390625 0.739820075 0.2353515625 0.7482751624999999 0.2607421875 0.7482751624999999 0.265625 0.7377063046875 0.34765625 0.07820955156250001 0.3427734375 0.06764069218749999 0.2900390625 0.06341315 0.1923828125 0.088778409375 0.1787109375 0.0972334953125 0.17578125 0.10357481093750001 0.17578125 0.11625744062500001 0.220703125 0.7165685875000001 0.22265625 0.7292512171875
0 0.267578125 0.7419338468750001 0.2744140625 0.7567302484375 0.2861328125 0.7609577921875 0.3056640625 0.7609577921875 0.3125 0.750388934375 0.3125 0.7165685875000001 0.283203125 0.234628653125 0.2802734375 0.22405979375 0.2763671875 0.22405979375 0.2431640625 0.24519751093750003 0.236328125 0.25999391250000004 0.236328125 0.28535917187500004 0.265625 0.725023675 0.267578125 0.7419338468750001
0 0.314453125 0.7546164765625 0.3173828125 0.7609577921875 0.3251953125 0.7651853359375 0.3388671875 0.7651853359375 0.33984375 0.7630715640625 0.33984375 0.7546164765625 0.3359375 0.6700656109375001 0.306640625 0.175443046875 0.3017578125 0.1648741890625 0.2978515625 0.1648741890625 0.2841796875 0.173329275 0.28125 0.1796705890625 0.28125 0.21771847968750002 0.3125 0.7377063046875 0.314453125 0.7546164765625
0 0.33984375 0.7630715640625 0.3466796875 0.7778679656249999 0.3623046875 0.7863230515625 0.3798828125 0.782095509375 0.384765625 0.77152665 0.38671875 0.0951197234375 0.3798828125 0.084550865625 0.3662109375 0.084550865625 0.3193359375 0.1014610390625 0.3095703125 0.109916125 0.3046875 0.12048498437499999 0.3046875 0.175443046875 0.337890625 0.7546164765625 0.33984375 0.7630715640625
0 0.38671875 0.7842092796875 0.3916015625 0.7905505953125 0.4072265625 0.7905505953125 0.408203125 0.7884368234375 0.408203125 0.77152665 0.392578125 0.3572274078125 0.3828125 0.1331676140625 0.3798828125 0.1183712125 0.3681640625 0.1183712125 0.3623046875 0.12259875468749999 0.359375 0.12894007031250002 0.359375 0.1585328734375 0.384765625 0.77575419375 0.38671875 0.7842092796875
0 0.408203125 0.7884368234375 0.4150390625 0.8032332249999999 0.4189453125 0.8074607687500001 0.4345703125 0.8116883109374999 0.4453125 0.8053469968750001 0.447265625 0.7968919109375 0.447265625 0.7630715640625 0.427734375 0.112029896875 0.42578125 0.0951197234375 0.4228515625 0.088778409375 0.4091796875 0.093005953125 0.3857421875 0.1056885828125 0.3828125 0.112029896875 0.3828125 0.1543053296875 0.400390625 0.6193350921875 0.408203125 0.7884368234375
0 0.447265625 0.801119453125 0.4521484375 0.8116883109374999 0.4599609375 0.8159158546875 0.4794921875 0.8159158546875 0.482421875 0.809574540625 0.55078125 0.112029896875 0.55078125 0.0655269203125 0.548828125 0.02747903125 0.5458984375 0.0211377171875 0.5048828125 0.0211377171875 0.4365234375 0.0465029765625 0.4306640625 0.050730518749999995 0.427734375 0.057071834375 0.42578125 0.0655269203125 0.427734375 0.171215503125 0.44140625 0.6404728078125 0.447265625 0.801119453125
0 0.482421875 0.809574540625 0.484375 0.8222571703125 0.4892578125 0.828598484375 0.4990234375 0.832826028125 0.5263671875 0.832826028125 0.52734375 0.83071225625 0.546875 0.1331676140625 0.5419921875 0.12682629843749998 0.5302734375 0.12682629843749998 0.4775390625 0.1564191015625 0.47265625 0.166987959375 0.47265625 0.281131628125 0.4765625 0.6193350921875 0.482421875 0.809574540625
0 0.529296875 0.83916734375 0.5341796875 0.8497362015625001 0.5498046875 0.86241883125 0.5654296875 0.86241883125 0.5693359375 0.8581912875000001 0.57421875 0.8476224296874999 0.5859375 0.12471252656250001 0.5830078125 0.1183712125 0.5732421875 0.1183712125 0.5302734375 0.1521915578125 0.5234375 0.166987959375 0.5234375 0.281131628125 0.52734375 0.725023675 0.529296875 0.83916734375
0 0.6083984375 0.8793290046875001 0.611328125 0.8687601468749999 0.626953125 0.10357481093750001 0.6240234375 0.0972334953125 0.6201171875 0.0972334953125 0.5810546875 0.1352813859375 0.576171875 0.1500777875 0.57421875 0.860305059375 0.5771484375 0.866646375 0.5849609375 0.8751014609375 0.6083984375 0.8793290046875001
0 0.6337890625 0.8877840906250001 0.6513671875 0.8877840906250001 0.654296875 0.8814427765625 0.65625 0.8687601468749999 0.6953125 0.10357481093750001 0.6953125 0.0951197234375 0.6923828125 0.088778409375 0.6513671875 0.0972334953125 0.6318359375 0.1183712125 0.6259765625 0.12682629843749998 0.619140625 0.1416227 0.6171875 0.166987959375 0.615234375 0.395275296875 0.61328125 0.6320177218749999 0.61328125 0.8729876890625 0.6201171875 0.883556546875 0.6337890625 0.8877840906250001
0 0.6943359375 0.9089218078125001 0.7099609375 0.9046942640625 0.712890625 0.8983529484374999 0.71484375 0.8772152328124999 0.73828125 0.1500777875 0.73828125 0.13739515625 0.7353515625 0.1310538421875 0.7021484375 0.109916125 0.6982421875 0.109916125 0.6748046875 0.147964015625 0.669921875 0.1585328734375 0.666015625 0.1796705890625 0.6640625 0.20080830624999998 0.66015625 0.4460058171875 0.65625 0.8814427765625 0.6611328125 0.892011634375 0.6826171875 0.9046942640625 0.6943359375 0.9089218078125001
0 0.7275390625 0.91737689375 0.7470703125 0.9216044374999999 0.7607421875 0.91737689375 0.767578125 0.9068080359374999 0.771484375 0.8476224296874999 0.80078125 0.21771847968750002 0.80078125 0.1416227 0.7919921875 0.1183712125 0.7490234375 0.1056885828125 0.734375 0.1627604171875 0.728515625 0.293814259375 0.720703125 0.5643770296875 0.71484375 0.8138020828125001 0.71484375 0.8983529484374999 0.7197265625 0.9089218078125001 0.7275390625 0.91737689375
0 0.7939453125 0.946969696875 0.8017578125 0.9511972406250001 0.8271484375 0.9511972406250001 0.83203125 0.9406283828124999 0.89453125 0.061299378125000005 0.89453125 0.0486167484375 0.8896484375 0.033820346875000004 0.8076171875 0.033820346875000004 0.802734375 0.061299378125000005 0.80078125 0.10357481093750001 0.767578125 0.9110355796875 0.76953125 0.9194906656249999 0.7744140625 0.9300595234375001 0.7939453125 0.946969696875