1 0.8388671875 0.9342870671875 0.8525390625 0.9385146109375 0.8701171875 0.9385146109375 0.87109375 0.9364008390624999 0.87109375 0.8772152328124999 0.8681640625 0.8708739171875 0.8134765625 0.8497362015625001 0.8125 0.8518499734375 0.8125 0.9068080359374999 0.8193359375 0.9216044374999999 0.8388671875 0.9342870671875
1 0.7587890625 0.883556546875 0.7939453125 0.9046942640625 0.8056640625 0.9089218078125001 0.8115234375 0.9089218078125001 0.8125 0.9068080359374999 0.8125 0.8476224296874999 0.8095703125 0.8412811140625 0.7568359375 0.8159158546875 0.75390625 0.8222571703125 0.75390625 0.8264847124999999 0.755859375 0.8772152328124999 0.7587890625 0.883556546875
1 0.7373046875 0.866646375 0.7529296875 0.866646375 0.755859375 0.860305059375 0.75390625 0.809574540625 0.7529296875 0.8074607687500001 0.7119140625 0.7947781390624999 0.7109375 0.7968919109375 0.7109375 0.8349398000000001 0.7138671875 0.8539637453125 0.7373046875 0.866646375
1 0.7041015625 0.8455086578125 0.7119140625 0.8455086578125 0.712890625 0.83916734375 0.7109375 0.7968919109375 0.708984375 0.7884368234375 0.7021484375 0.782095509375 0.6923828125 0.7778679656249999 0.69140625 0.7799817375 0.69140625 0.83071225625 0.6982421875 0.8412811140625 0.7041015625 0.8455086578125
1 0.6767578125 0.832826028125 0.6884765625 0.832826028125 0.69140625 0.8264847124999999 0.69140625 0.7968919109375 0.6884765625 0.7736404218749999 0.6494140625 0.7609577921875 0.646484375 0.7672991078125 0.6484375 0.809574540625 0.6533203125 0.8201433984375001 0.6767578125 0.832826028125
1 0.6279296875 0.8032332249999999 0.6376953125 0.8074607687500001 0.6474609375 0.8074607687500001 0.6484375 0.8053469968750001 0.6484375 0.7799817375 0.646484375 0.7546164765625 0.6220703125 0.739820075 0.6181640625 0.739820075 0.6171875 0.7419338468750001 0.6171875 0.7884368234375 0.6220703125 0.7990056812499999 0.6279296875 0.8032332249999999
1 0.5888671875 0.7778679656249999 0.6044921875 0.7863230515625 0.6162109375 0.7863230515625 0.6171875 0.7842092796875 0.6171875 0.7419338468750001 0.6142578125 0.7355925328125 0.6103515625 0.7313649890625 0.5908203125 0.7229099031249999 0.5849609375 0.7229099031249999 0.583984375 0.725023675 0.583984375 0.7334787609375 0.5859375 0.7672991078125 0.5888671875 0.7778679656249999
1 0.5732421875 0.7651853359375 0.5849609375 0.7651853359375 0.5859375 0.7630715640625 0.5859375 0.7419338468750001 0.583984375 0.7165685875000001 0.5712890625 0.7102272734375 0.5654296875 0.7102272734375 0.564453125 0.71234104375 0.564453125 0.750388934375 0.56640625 0.7588440203125 0.5732421875 0.7651853359375
1 0.5556640625 0.75250270625 0.5634765625 0.75250270625 0.564453125 0.750388934375 0.564453125 0.7081135015625 0.5595703125 0.6975446421875 0.5322265625 0.6848620125 0.5263671875 0.6848620125 0.525390625 0.6912033281250001 0.52734375 0.725023675 0.5322265625 0.7355925328125 0.5556640625 0.75250270625
1 0.4970703125 0.7271374453125 0.5166015625 0.7355925328125 0.5224609375 0.7355925328125 0.52734375 0.7292512171875 0.52734375 0.7038859578125 0.5244140625 0.6806344703125 0.4912109375 0.6721793828125 0.490234375 0.6742931546875 0.490234375 0.7038859578125 0.4921875 0.7165685875000001 0.4970703125 0.7271374453125
1 0.4814453125 0.7059997296875 0.4892578125 0.7059997296875 0.490234375 0.7038859578125 0.490234375 0.6700656109375001 0.4873046875 0.659496753125 0.4638671875 0.6510416671875 0.462890625 0.6531554390625 0.462890625 0.6869757843750001 0.4658203125 0.6975446421875 0.4814453125 0.7059997296875
1 0.4521484375 0.68908955625 0.4619140625 0.68908955625 0.462890625 0.6869757843750001 0.462890625 0.6489278953125 0.4580078125 0.6383590375 0.4365234375 0.63413149375 0.435546875 0.6362452656250001 0.435546875 0.6658380687500001 0.4404296875 0.6806344703125 0.4521484375 0.68908955625
1 0.4130859375 0.663724296875 0.4228515625 0.6721793828125 0.4345703125 0.6721793828125 0.435546875 0.6700656109375001 0.435546875 0.6404728078125 0.4306640625 0.62567640625 0.4072265625 0.6172213203125 0.40625 0.6193350921875 0.40625 0.6277901781249999 0.408203125 0.6531554390625 0.4130859375 0.663724296875
1 0.3876953125 0.6425865796875 0.3994140625 0.6510416671875 0.4072265625 0.6510416671875 0.408203125 0.6489278953125 0.408203125 0.6320177218749999 0.40625 0.6108800046875 0.4033203125 0.604538690625 0.3837890625 0.600311146875 0.3828125 0.6024249187499999 0.3828125 0.6193350921875 0.384765625 0.6362452656250001 0.3876953125 0.6425865796875
1 0.3720703125 0.62990395 0.3837890625 0.62990395 0.384765625 0.6277901781249999 0.384765625 0.6193350921875 0.3828125 0.5939698328125 0.3798828125 0.5876285171875 0.3642578125 0.5834009734375 0.361328125 0.5897422890625 0.36328125 0.6193350921875 0.3662109375 0.62567640625 0.3720703125 0.62990395
1 0.3544921875 0.6214488640625 0.3623046875 0.6214488640625 0.36328125 0.6193350921875 0.36328125 0.5939698328125 0.361328125 0.581287203125 0.3447265625 0.5707183437500001 0.3408203125 0.5707183437500001 0.33984375 0.5770596593749999 0.341796875 0.6066524624999999 0.3486328125 0.6172213203125 0.3544921875 0.6214488640625
1 0.3271484375 0.604538690625 0.3408203125 0.604538690625 0.341796875 0.6024249187499999 0.341796875 0.581287203125 0.33984375 0.568604571875 0.3369140625 0.5622632578125 0.3212890625 0.5622632578125 0.3203125 0.5643770296875 0.3203125 0.581287203125 0.322265625 0.5939698328125 0.3271484375 0.604538690625
1 0.3154296875 0.5918560609375 0.3212890625 0.5918560609375 0.322265625 0.5855147453125 0.3203125 0.5601494859375 0.3173828125 0.5538081703125 0.3115234375 0.549580628125 0.3037109375 0.549580628125 0.302734375 0.5559219421875 0.3046875 0.5770596593749999 0.306640625 0.5855147453125 0.3154296875 0.5918560609375
1 0.2998046875 0.5834009734375 0.3037109375 0.5834009734375 0.306640625 0.5770596593749999 0.3046875 0.5559219421875 0.302734375 0.54746685625 0.2998046875 0.541125540625 0.2900390625 0.541125540625 0.2890625 0.5432393125 0.2890625 0.5601494859375 0.291015625 0.5770596593749999 0.2998046875 0.5834009734375
1 0.2822265625 0.5707183437500001 0.2880859375 0.5707183437500001 0.291015625 0.5643770296875 0.2890625 0.5432393125 0.287109375 0.5347842265625 0.2841796875 0.5284429109375 0.2763671875 0.5284429109375 0.275390625 0.5305566828125 0.275390625 0.5432393125 0.27734375 0.5601494859375 0.2822265625 0.5707183437500001
0 0.8154296875 0.8539637453125 0.8251953125 0.86241883125 0.8486328125 0.8708739171875 0.8681640625 0.8708739171875 0.978515625 0.3529998640625 0.982421875 0.314951975 0.984375 0.27267654218750004 0.986328125 0.2219460234375 0.986328125 0.1543053296875 0.9853515625 0.1521915578125 0.9130859375 0.143736471875 0.8896484375 0.1648741890625 0.8642578125 0.194466990625 0.8056640625 0.2790178578125 0.802734375 0.28535917187500004 0.802734375 0.3656824953125 0.8125 0.83916734375 0.8154296875 0.8539637453125
0 0.759765625 0.9955864453125001 0.7607421875 0.9977002171875 0.8134765625 0.9977002171875 0.814453125 0.9955864453125001 0.861328125 0.1965807625 0.8505859375 0.16910173125 0.8369140625 0.16910173125 0.7412109375 0.25365259687499997 0.73828125 0.25999391250000004 0.740234375 0.3572274078125 0.755859375 0.9025804921875 0.759765625 0.9955864453125001
0 0.7001953125 0.9977002171875 0.7568359375 0.9977002171875 0.7578125 0.9955864453125001 0.7578125 0.9364008390624999 0.740234375 0.29804180156250004 0.7373046875 0.2917004875 0.7333984375 0.2917004875 0.7041015625 0.3255208328125 0.6884765625 0.34665855 0.685546875 0.3529998640625 0.67578125 0.395275296875 0.67578125 0.407957928125 0.6953125 0.9829038156250001 0.7001953125 0.9977002171875
0 0.65625 0.9617660984375 0.658203125 0.978676271875 0.6650390625 0.9934726734374999 0.6728515625 0.9977002171875 0.6943359375 0.9977002171875 0.779296875 0.21771847968750002 0.779296875 0.20503585000000002 0.7783203125 0.202922078125 0.7431640625 0.202922078125 0.6298828125 0.2917004875 0.626953125 0.29804180156250004 0.626953125 0.34877232187499996 0.65234375 0.9025804921875 0.65625 0.9617660984375
0 0.6318359375 0.9596523265625001 0.6435546875 0.9681074140625 0.6533203125 0.9681074140625 0.65625 0.9617660984375 0.71875 0.21771847968750002 0.71875 0.20503585000000002 0.7158203125 0.198694534375 0.7138671875 0.198694534375 0.6845703125 0.2113771640625 0.6513671875 0.23251488125000003 0.5966796875 0.2747903140625 0.59375 0.281131628125 0.59375 0.314951975 0.625 0.944855925 0.6318359375 0.9596523265625001
0 0.59375 0.9194906656249999 0.5966796875 0.9300595234375001 0.6083984375 0.942742153125 0.6220703125 0.942742153125 0.625 0.9321732953125 0.69140625 0.1965807625 0.69140625 0.166987959375 0.6884765625 0.1648741890625 0.6416015625 0.1860119046875 0.5888671875 0.21983225156250003 0.5673828125 0.236742425 0.55859375 0.25576636875 0.55859375 0.2769040859375 0.591796875 0.9025804921875 0.59375 0.9194906656249999
0 0.57421875 0.9110355796875 0.5791015625 0.91737689375 0.5908203125 0.91737689375 0.59375 0.9110355796875 0.59375 0.8898978625 0.564453125 0.340317234375 0.560546875 0.3064968890625 0.5595703125 0.3043831171875 0.5478515625 0.3043831171875 0.541015625 0.31917951875 0.541015625 0.34877232187499996 0.572265625 0.9025804921875 0.57421875 0.9110355796875
0 0.5390625 0.8687601468749999 0.5498046875 0.892011634375 0.5576171875 0.896239178125 0.5673828125 0.896239178125 0.5703125 0.8898978625 0.5703125 0.809574540625 0.5546875 0.289586715625 0.5537109375 0.28747294375 0.5458984375 0.28747294375 0.5126953125 0.312838203125 0.501953125 0.3276346046875 0.5 0.3360896921875 0.53125 0.7926643671875 0.537109375 0.8560775156249999 0.5390625 0.8687601468749999
0 0.501953125 0.8560775156249999 0.5068359375 0.866646375 0.5166015625 0.8751014609375 0.5302734375 0.8751014609375 0.53515625 0.8687601468749999 0.640625 0.1796705890625 0.640625 0.13739515625 0.6376953125 0.1310538421875 0.6298828125 0.12682629843749998 0.5947265625 0.12259875468749999 0.4619140625 0.2113771640625 0.458984375 0.21771847968750002 0.458984375 0.23040110937499997 0.5 0.83916734375 0.501953125 0.8560775156249999
0 0.474609375 0.8264847124999999 0.4794921875 0.8370535718750001 0.4833984375 0.8412811140625 0.4990234375 0.8412811140625 0.5 0.83916734375 0.5 0.8180296265625 0.482421875 0.1923532203125 0.4814453125 0.1902394484375 0.4775390625 0.1902394484375 0.4541015625 0.194466990625 0.4365234375 0.20714962187500002 0.431640625 0.21771847968750002 0.431640625 0.234628653125 0.470703125 0.801119453125 0.474609375 0.8264847124999999
0 0.447265625 0.8053469968750001 0.4501953125 0.8116883109374999 0.4619140625 0.8201433984375001 0.4697265625 0.8201433984375001 0.470703125 0.8180296265625 0.470703125 0.77152665 0.453125 0.1923532203125 0.4521484375 0.1902394484375 0.4248046875 0.1902394484375 0.4072265625 0.202922078125 0.404296875 0.2092633921875 0.40234375 0.21771847968750002 0.40234375 0.2388561953125 0.443359375 0.7842092796875 0.447265625 0.8053469968750001
0 0.419921875 0.7842092796875 0.4267578125 0.7947781390624999 0.4306640625 0.7990056812499999 0.4423828125 0.7990056812499999 0.4453125 0.7926643671875 0.4453125 0.7842092796875 0.40625 0.20080830624999998 0.4033203125 0.194466990625 0.3857421875 0.194466990625 0.3759765625 0.202922078125 0.37109375 0.2134909359375 0.37109375 0.226173565625 0.416015625 0.7630715640625 0.419921875 0.7842092796875
0 0.4013671875 0.769412878125 0.4052734375 0.7736404218749999 0.4169921875 0.7736404218749999 0.41796875 0.77152665 0.4140625 0.7081135015625 0.404296875 0.568604571875 0.373046875 0.20080830624999998 0.3720703125 0.198694534375 0.3662109375 0.198694534375 0.3486328125 0.20714962187500002 0.345703125 0.2134909359375 0.345703125 0.2219460234375 0.396484375 0.7588440203125 0.4013671875 0.769412878125
0 0.3798828125 0.7482751624999999 0.3935546875 0.7567302484375 0.396484375 0.750388934375 0.396484375 0.7292512171875 0.39453125 0.6996584140625 0.373046875 0.4671435328125 0.3515625 0.27267654218750004 0.3486328125 0.262107684375 0.3349609375 0.262107684375 0.33203125 0.2684489984375 0.33203125 0.2769040859375 0.375 0.7377063046875 0.3798828125 0.7482751624999999
0 0.353515625 0.72079613125 0.3623046875 0.7355925328125 0.3720703125 0.7355925328125 0.373046875 0.7334787609375 0.373046875 0.7081135015625 0.34765625 0.1881256765625 0.3466796875 0.1860119046875 0.3408203125 0.1860119046875 0.3134765625 0.1902394484375 0.3046875 0.20080830624999998 0.302734375 0.2092633921875 0.302734375 0.21771847968750002 0.3515625 0.71234104375 0.353515625 0.72079613125
0 0.353515625 0.72079613125 0.3623046875 0.7355925328125 0.3720703125 0.7355925328125 0.373046875 0.7334787609375 0.373046875 0.7081135015625 0.34765625 0.1881256765625 0.3466796875 0.1860119046875 0.3408203125 0.1860119046875 0.3134765625 0.1902394484375 0.3046875 0.20080830624999998 0.302734375 0.2092633921875 0.302734375 0.21771847968750002 0.3515625 0.71234104375 0.353515625 0.72079613125
0 0.333984375 0.7081135015625 0.3388671875 0.718682359375 0.3447265625 0.7229099031249999 0.3486328125 0.7229099031249999 0.3515625 0.7165685875000001 0.3515625 0.6912033281250001 0.30859375 0.1965807625 0.3037109375 0.1860119046875 0.2998046875 0.1860119046875 0.2822265625 0.198694534375 0.279296875 0.20503585000000002 0.279296875 0.2134909359375 0.330078125 0.6869757843750001 0.333984375 0.7081135015625
0 0.291015625 0.572832115625 0.2939453125 0.5834009734375 0.3037109375 0.5834009734375 0.3046875 0.581287203125 0.3046875 0.568604571875 0.30078125 0.5263291390625 0.275390625 0.28535917187500004 0.2705078125 0.262107684375 0.2646484375 0.25788014062500003 0.2607421875 0.25788014062500003 0.2578125 0.26422145625 0.2578125 0.28535917187500004 0.265625 0.36145495156249996 0.291015625 0.572832115625
0 0.31640625 0.6869757843750001 0.3212890625 0.6975446421875 0.3251953125 0.7017721859375 0.3310546875 0.7017721859375 0.33203125 0.6996584140625 0.33203125 0.6869757843750001 0.32421875 0.598197375 0.3046875 0.407957928125 0.287109375 0.25999391250000004 0.2822265625 0.23251488125000003 0.2724609375 0.23251488125000003 0.271484375 0.234628653125 0.271484375 0.25999391250000004 0.314453125 0.6742931546875 0.31640625 0.6869757843750001
0 0.287109375 0.6658380687500001 0.2900390625 0.6721793828125 0.2958984375 0.6764069265625 0.2998046875 0.6764069265625 0.302734375 0.6700656109375001 0.26953125 0.2388561953125 0.2685546875 0.236742425 0.2587890625 0.236742425 0.2470703125 0.2409699671875 0.244140625 0.2473112828125 0.244140625 0.251538825 0.28515625 0.6531554390625 0.287109375 0.6658380687500001