1 0.1826171875 0.9977002171875 0.1884765625 0.9934726734374999 0.2080078125 0.9723349562499999 0.212890625 0.9617660984375 0.212890625 0.944855925 0.208984375 0.9068080359374999 0.2060546875 0.9046942640625 0.1416015625 0.9638798703125 0.140625 0.9659936421875001 0.140625 0.978676271875 0.1435546875 0.9977002171875 0.1826171875 0.9977002171875
1 0.2177734375 0.9596523265625001 0.2333984375 0.9511972406250001 0.2548828125 0.9342870671875 0.2626953125 0.92583198125 0.265625 0.9194906656249999 0.263671875 0.8729876890625 0.2607421875 0.86241883125 0.2099609375 0.9004667203125001 0.208984375 0.9025804921875 0.208984375 0.9110355796875 0.212890625 0.9490834687499999 0.2177734375 0.9596523265625001
1 0.2705078125 0.91737689375 0.2822265625 0.9089218078125001 0.3173828125 0.8751014609375 0.3203125 0.8687601468749999 0.3203125 0.8433948859375 0.318359375 0.8180296265625 0.3173828125 0.8159158546875 0.3134765625 0.8159158546875 0.2646484375 0.8581912875000001 0.263671875 0.860305059375 0.263671875 0.8898978625 0.265625 0.9110355796875 0.2705078125 0.91737689375
1 0.3310546875 0.8751014609375 0.3369140625 0.8708739171875 0.3486328125 0.8581912875000001 0.3515625 0.8476224296874999 0.349609375 0.8053469968750001 0.3466796875 0.7990056812499999 0.3193359375 0.8201433984375001 0.318359375 0.8264847124999999 0.3203125 0.860305059375 0.3232421875 0.8751014609375 0.3310546875 0.8751014609375
1 0.3720703125 0.8370535718750001 0.375 0.83071225625 0.375 0.7926643671875 0.3720703125 0.7736404218749999 0.3505859375 0.7905505953125 0.349609375 0.7926643671875 0.349609375 0.83916734375 0.3544921875 0.8539637453125 0.3720703125 0.8370535718750001
1 0.3779296875 0.8201433984375001 0.3935546875 0.8159158546875 0.4052734375 0.8074607687500001 0.4091796875 0.8032332249999999 0.4140625 0.7926643671875 0.412109375 0.750388934375 0.4111328125 0.7482751624999999 0.4072265625 0.7482751624999999 0.3759765625 0.7651853359375 0.373046875 0.77152665 0.373046875 0.77575419375 0.375 0.809574540625 0.3779296875 0.8201433984375001
1 0.4208984375 0.7947781390624999 0.4267578125 0.7905505953125 0.4384765625 0.7778679656249999 0.44140625 0.77152665 0.44140625 0.725023675 0.4404296875 0.7229099031249999 0.4365234375 0.7229099031249999 0.4130859375 0.74404761875 0.412109375 0.746161390625 0.412109375 0.77575419375 0.4150390625 0.7947781390624999 0.4208984375 0.7947781390624999
1 0.4482421875 0.7736404218749999 0.4619140625 0.7651853359375 0.4794921875 0.7482751624999999 0.482421875 0.7419338468750001 0.482421875 0.7038859578125 0.4794921875 0.6975446421875 0.4755859375 0.6975446421875 0.4423828125 0.7229099031249999 0.44140625 0.725023675 0.44140625 0.7672991078125 0.4443359375 0.7736404218749999 0.4482421875 0.7736404218749999
1 0.4912109375 0.74404761875 0.5107421875 0.7313649890625 0.5244140625 0.714454815625 0.525390625 0.71234104375 0.525390625 0.6700656109375001 0.5224609375 0.663724296875 0.4833984375 0.6933171 0.482421875 0.695430871875 0.482421875 0.7419338468750001 0.4833984375 0.74404761875 0.4912109375 0.74404761875
1 0.5380859375 0.7059997296875 0.5498046875 0.6975446421875 0.5576171875 0.68908955625 0.560546875 0.682748240625 0.560546875 0.6404728078125 0.5595703125 0.6383590375 0.5556640625 0.6383590375 0.5263671875 0.655269209375 0.525390625 0.6573829812499999 0.525390625 0.6996584140625 0.5283203125 0.7059997296875 0.5380859375 0.7059997296875
1 0.5751953125 0.6721793828125 0.576171875 0.6700656109375001 0.576171875 0.6235626359374999 0.5751953125 0.6214488640625 0.5673828125 0.6214488640625 0.5634765625 0.62567640625 0.560546875 0.6320177218749999 0.560546875 0.6700656109375001 0.5634765625 0.6764069265625 0.5751953125 0.6721793828125
1 0.5849609375 0.6679518390625 0.5947265625 0.659496753125 0.59765625 0.6531554390625 0.599609375 0.6447003515625 0.599609375 0.6066524624999999 0.5986328125 0.604538690625 0.5771484375 0.6214488640625 0.576171875 0.6235626359374999 0.576171875 0.6658380687500001 0.5771484375 0.6679518390625 0.5849609375 0.6679518390625
1 0.6044921875 0.6468141234375 0.6103515625 0.6425865796875 0.61328125 0.6362452656250001 0.615234375 0.6235626359374999 0.615234375 0.5939698328125 0.6123046875 0.5876285171875 0.6025390625 0.5960836031250001 0.599609375 0.6024249187499999 0.599609375 0.6404728078125 0.6025390625 0.6468141234375 0.6044921875 0.6468141234375
1 0.6201171875 0.62567640625 0.6376953125 0.6129937765625 0.646484375 0.6024249187499999 0.6484375 0.5643770296875 0.6474609375 0.5580357140625 0.6416015625 0.5580357140625 0.6181640625 0.5749458875 0.615234375 0.581287203125 0.615234375 0.6235626359374999 0.6162109375 0.62567640625 0.6201171875 0.62567640625
1 0.6689453125 0.5834009734375 0.671875 0.5770596593749999 0.673828125 0.5432393125 0.6708984375 0.5368979984375 0.6650390625 0.5368979984375 0.6513671875 0.5453530843750001 0.6484375 0.5516943999999999 0.646484375 0.5897422890625 0.6494140625 0.5960836031250001 0.6611328125 0.5918560609375 0.6689453125 0.5834009734375
1 0.6865234375 0.57917343125 0.693359375 0.568604571875 0.6953125 0.5516943999999999 0.6953125 0.5305566828125 0.6943359375 0.5284429109375 0.6884765625 0.5284429109375 0.6748046875 0.5326704546875 0.673828125 0.5347842265625 0.671875 0.54746685625 0.671875 0.5770596593749999 0.6748046875 0.5834009734375 0.6865234375 0.57917343125
0 0 0.9871313578124999 0.0048828125 0.9977002171875 0.0869140625 0.9977002171875 0.09375 0.9913589015625 0.0859375 0.915263121875 0.013671875 0.340317234375 0.0078125 0.3064968890625 0.0068359375 0.3043831171875 0.0009765625 0.3043831171875 0 0.3064968890625 0 0.9871313578124999
0 0.095703125 0.9913589015625 0.0986328125 0.9977002171875 0.1396484375 0.9977002171875 0.142578125 0.9913589015625 0.142578125 0.9871313578124999 0.080078125 0.45446090312500004 0.0703125 0.395275296875 0.052734375 0.3064968890625 0.0478515625 0.2917004875 0.0224609375 0.3086106609375 0.017578125 0.31917951875 0.017578125 0.3529998640625 0.0234375 0.4248681 0.095703125 0.9913589015625
0 0.1455078125 0.8116883109374999 0.14453125 0.8138020828125001 0.1455078125 0.8159158546875 0.146484375 0.8138020828125001 0.1455078125 0.8116883109374999
0 0.1455078125 0.9977002171875 0.2099609375 0.9977002171875 0.212890625 0.9913589015625 0.212890625 0.9490834687499999 0.2109375 0.923718209375 0.150390625 0.2769040859375 0.146484375 0.2473112828125 0.0966796875 0.139508928125 0.0927734375 0.1352813859375 0.0849609375 0.1352813859375 0.0302734375 0.16910173125 0.029296875 0.175443046875 0.033203125 0.2092633921875 0.142578125 0.9913589015625 0.1455078125 0.9977002171875
0 0.21484375 0.978676271875 0.216796875 0.9913589015625 0.2197265625 0.9977002171875 0.2685546875 0.9977002171875 0.26953125 0.9955864453125001 0.26953125 0.9659936421875001 0.265625 0.8983529484374999 0.224609375 0.3572274078125 0.2001953125 0.3043831171875 0.1552734375 0.21983225156250003 0.1513671875 0.21983225156250003 0.1484375 0.226173565625 0.1484375 0.2388561953125 0.15625 0.344544778125 0.21484375 0.978676271875
0 0.2734375 0.9955864453125001 0.2744140625 0.9977002171875 0.3251953125 0.9977002171875 0.326171875 0.9955864453125001 0.326171875 0.9617660984375 0.2890625 0.234628653125 0.28515625 0.1881256765625 0.2724609375 0.173329275 0.2021484375 0.109916125 0.1435546875 0.1183712125 0.140625 0.12471252656250001 0.140625 0.1331676140625 0.1484375 0.20080830624999998 0.2734375 0.9955864453125001
0 0.328125 0.9913589015625 0.3310546875 0.9977002171875 0.3564453125 0.9977002171875 0.357421875 0.9955864453125001 0.357421875 0.9829038156250001 0.35546875 0.9321732953125 0.34765625 0.77152665 0.326171875 0.38682021093749996 0.3212890625 0.376251353125 0.3173828125 0.372023809375 0.2998046875 0.372023809375 0.296875 0.378365125 0.296875 0.4333231875 0.310546875 0.6912033281250001 0.328125 0.9913589015625
0 0.3603515625 0.9977002171875 0.3759765625 0.9977002171875 0.3828125 0.9871313578124999 0.3828125 0.978676271875 0.36328125 0.5305566828125 0.353515625 0.3360896921875 0.3486328125 0.321293290625 0.2958984375 0.26633522656249997 0.29296875 0.27267654218750004 0.29296875 0.31072443125000004 0.359375 0.9955864453125001 0.3603515625 0.9977002171875
0 0.3857421875 0.9807900437500001 0.3955078125 0.9807900437500001 0.4033203125 0.9765625 0.4150390625 0.9638798703125 0.41796875 0.9533110125 0.41796875 0.89412540625 0.3984375 0.29804180156250004 0.396484375 0.289586715625 0.3916015625 0.2832454 0.3193359375 0.21983225156250003 0.3056640625 0.2113771640625 0.3017578125 0.2113771640625 0.291015625 0.234628653125 0.291015625 0.251538825 0.3828125 0.974448728125 0.3857421875 0.9807900437500001
0 0.419921875 0.9490834687499999 0.4228515625 0.9554247828125 0.4287109375 0.9554247828125 0.4345703125 0.9511972406250001 0.4404296875 0.942742153125 0.4453125 0.9279457515624999 0.4453125 0.8687601468749999 0.43359375 0.20503585000000002 0.431640625 0.171215503125 0.4287109375 0.1648741890625 0.4189453125 0.1564191015625 0.3095703125 0.088778409375 0.2783203125 0.0972334953125 0.275390625 0.10357481093750001 0.275390625 0.1331676140625 0.279296875 0.175443046875 0.419921875 0.9490834687499999
0 0.4453125 0.915263121875 0.447265625 0.9279457515624999 0.4482421875 0.9300595234375001 0.4521484375 0.9300595234375001 0.4775390625 0.9089218078125001 0.484375 0.89412540625 0.48046875 0.34877232187499996 0.474609375 0.3276346046875 0.4677734375 0.317065746875 0.4580078125 0.3086106609375 0.4404296875 0.3001555734375 0.4375 0.3064968890625 0.435546875 0.340317234375 0.435546875 0.4671435328125 0.439453125 0.695430871875 0.4453125 0.915263121875
0 0.484375 0.8814427765625 0.486328125 0.89412540625 0.4892578125 0.9004667203125001 0.4970703125 0.9004667203125001 0.5029296875 0.896239178125 0.5166015625 0.8793290046875001 0.525390625 0.860305059375 0.52734375 0.8518499734375 0.5234375 0.234628653125 0.5205078125 0.22405979375 0.5048828125 0.20714962187500002 0.4501953125 0.173329275 0.4423828125 0.16910173125 0.4345703125 0.16910173125 0.43359375 0.171215503125 0.43359375 0.2092633921875 0.435546875 0.2684489984375 0.484375 0.8814427765625
0 0.5322265625 0.8539637453125 0.5380859375 0.8539637453125 0.5537109375 0.8412811140625 0.560546875 0.8264847124999999 0.56640625 0.2473112828125 0.5634765625 0.236742425 0.5361328125 0.22405979375 0.5224609375 0.22405979375 0.521484375 0.226173565625 0.525390625 0.7588440203125 0.52734375 0.8349398000000001 0.5322265625 0.8539637453125
0 0.5634765625 0.62567640625 0.5693359375 0.62567640625 0.5732421875 0.6214488640625 0.576171875 0.6151075484375 0.578125 0.12894007031250002 0.576171875 0.0951197234375 0.560546875 0.02747903125 0.5595703125 0.025365259374999997 0.5556640625 0.025365259374999997 0.4228515625 0.06341315 0.4189453125 0.06764069218749999 0.416015625 0.0739820078125 0.419921875 0.1500777875 0.5625 0.6235626359374999 0.5634765625 0.62567640625
0 0.5810546875 0.8116883109374999 0.5908203125 0.8032332249999999 0.595703125 0.7926643671875 0.59765625 0.7799817375 0.6015625 0.6320177218749999 0.607421875 0.28535917187500004 0.607421875 0.1881256765625 0.6044921875 0.1817843609375 0.5908203125 0.16910173125 0.5810546875 0.16910173125 0.578125 0.175443046875 0.576171875 0.34877232187499996 0.576171875 0.8053469968750001 0.5791015625 0.8116883109374999 0.5810546875 0.8116883109374999
0 0.6142578125 0.7651853359375 0.6240234375 0.7651853359375 0.6357421875 0.7567302484375 0.642578125 0.7377063046875 0.662109375 0.2092633921875 0.662109375 0.1627604171875 0.6591796875 0.1564191015625 0.6142578125 0.139508928125 0.5888671875 0.1310538421875 0.5810546875 0.1310538421875 0.580078125 0.1331676140625 0.578125 0.1416227 0.578125 0.1500777875 0.611328125 0.7546164765625 0.6142578125 0.7651853359375
0 0.6455078125 0.7313649890625 0.6533203125 0.7313649890625 0.6591796875 0.7271374453125 0.666015625 0.71234104375 0.689453125 0.1965807625 0.689453125 0.13739515625 0.6865234375 0.1310538421875 0.6630859375 0.12259875468749999 0.5947265625 0.1183712125 0.59375 0.12048498437499999 0.59375 0.12894007031250002 0.642578125 0.725023675 0.6455078125 0.7313649890625
0 0.6826171875 0.7059997296875 0.6875 0.695430871875 0.689453125 0.6785206984375 0.712890625 0.1923532203125 0.712890625 0.1627604171875 0.7099609375 0.1564191015625 0.6923828125 0.1521915578125 0.689453125 0.166987959375 0.671875 0.54746685625 0.666015625 0.7038859578125 0.6689453125 0.7102272734375 0.6748046875 0.7102272734375 0.6826171875 0.7059997296875
0 0.7001953125 0.6848620125 0.7080078125 0.6764069265625 0.712890625 0.6658380687500001 0.71484375 0.6404728078125 0.744140625 0.0951197234375 0.74609375 0.02747903125 0.7431640625 0.0211377171875 0.7353515625 0.016910173437500002 0.7197265625 0.016910173437500002 0.712890625 0.031706575 0.705078125 0.13739515625 0.689453125 0.6616105250000001 0.689453125 0.682748240625 0.6923828125 0.68908955625 0.7001953125 0.6848620125
0 0.740234375 0.40373038437500003 0.7373046875 0.40161661249999997 0.736328125 0.407957928125 0.7392578125 0.4142992421875 0.740234375 0.41218547031249997 0.740234375 0.40373038437500003
0 0.7216796875 0.6679518390625 0.7373046875 0.655269209375 0.740234375 0.6447003515625 0.744140625 0.5770596593749999 0.744140625 0.5305566828125 0.7431640625 0.5284429109375 0.7216796875 0.5453530843750001 0.716796875 0.5559219421875 0.712890625 0.6362452656250001 0.712890625 0.6658380687500001 0.7138671875 0.6679518390625 0.7216796875 0.6679518390625
0 0.7216796875 0.6679518390625 0.7353515625 0.659496753125 0.740234375 0.6489278953125 0.775390625 0.057071834375 0.775390625 0.02747903125 0.7705078125 0.016910173437500002 0.7626953125 0.012682629687499999 0.7509765625 0.012682629687499999 0.744140625 0.019023945312500002 0.71875 0.513646509375 0.712890625 0.6447003515625 0.712890625 0.6616105250000001 0.7158203125 0.6679518390625 0.7216796875 0.6679518390625
0 0.763671875 0.458688446875 0.78515625 0.1838981328125 0.794921875 0.031706575 0.794921875 0.0147964015625 0.7861328125 0.008455085937499999 0.7822265625 0.008455085937499999 0.78125 0.0105688578125 0.775390625 0.0486167484375 0.751953125 0.4206405578125 0.75 0.4671435328125 0.7529296875 0.4734848484375 0.7607421875 0.46502976250000005 0.763671875 0.458688446875
0 0.7646484375 0.6214488640625 0.7685546875 0.6172213203125 0.7734375 0.6024249187499999 0.779296875 0.5051914234375 0.779296875 0.4460058171875 0.7783203125 0.44389204531250004 0.765625 0.462915990625 0.759765625 0.5094189671875 0.755859375 0.5855147453125 0.755859375 0.6193350921875 0.7568359375 0.6214488640625 0.7646484375 0.6214488640625
0 0.7763671875 0.43543695937500004 0.78125 0.4248681 0.783203125 0.4164130140625 0.794921875 0.27267654218750004 0.796875 0.226173565625 0.7939453125 0.22405979375 0.7841796875 0.2282873375 0.78125 0.234628653125 0.779296875 0.2473112828125 0.767578125 0.41218547031249997 0.767578125 0.4206405578125 0.7744140625 0.43543695937500004 0.7763671875 0.43543695937500004