1 0.04296875 0.598197375 0.046875 0.5643770296875 0.046875 0.5559219421875 0.0439453125 0.549580628125 0.0107421875 0.541125540625 0.005859375 0.5516943999999999 0.00390625 0.568604571875 0.001953125 0.5897422890625 0.0029296875 0.5960836031250001 0.0400390625 0.604538690625 0.04296875 0.598197375
1 0.0791015625 0.608766234375 0.1005859375 0.608766234375 0.103515625 0.6024249187499999 0.10546875 0.581287203125 0.10546875 0.5601494859375 0.1044921875 0.5580357140625 0.0888671875 0.5538081703125 0.0517578125 0.5538081703125 0.048828125 0.5601494859375 0.046875 0.572832115625 0.044921875 0.5939698328125 0.044921875 0.6024249187499999 0.0458984375 0.604538690625 0.0791015625 0.608766234375
1 0.2041015625 0.6172213203125 0.205078125 0.6151075484375 0.205078125 0.568604571875 0.2041015625 0.5664908015625 0.1591796875 0.5664908015625 0.15625 0.572832115625 0.154296875 0.598197375 0.154296875 0.6193350921875 0.1552734375 0.6214488640625 0.2041015625 0.6172213203125
1 0.2236328125 0.62990395 0.2265625 0.6235626359374999 0.2265625 0.572832115625 0.2236328125 0.5707183437500001 0.2080078125 0.5749458875 0.20703125 0.5770596593749999 0.20703125 0.6277901781249999 0.2080078125 0.62990395 0.2236328125 0.62990395
1 0.2548828125 0.62567640625 0.2578125 0.6235626359374999 0.259765625 0.5897422890625 0.2578125 0.5770596593749999 0.2529296875 0.5664908015625 0.2490234375 0.5622632578125 0.2412109375 0.5622632578125 0.228515625 0.568604571875 0.2265625 0.581287203125 0.2265625 0.6151075484375 0.2294921875 0.6214488640625 0.2548828125 0.62567640625
1 0.2783203125 0.63413149375 0.279296875 0.6320177218749999 0.279296875 0.5855147453125 0.2783203125 0.5834009734375 0.2626953125 0.5834009734375 0.259765625 0.5897422890625 0.259765625 0.6320177218749999 0.2607421875 0.63413149375 0.2783203125 0.63413149375
1 0.291015625 0.6404728078125 0.29296875 0.5939698328125 0.2900390625 0.5876285171875 0.2841796875 0.5876285171875 0.28125 0.5939698328125 0.279296875 0.6362452656250001 0.2822265625 0.6425865796875 0.2900390625 0.6425865796875 0.291015625 0.6404728078125
1 0.322265625 0.6193350921875 0.322265625 0.5855147453125 0.3173828125 0.5707183437500001 0.3134765625 0.5664908015625 0.2939453125 0.5664908015625 0.29296875 0.568604571875 0.291015625 0.6151075484375 0.2939453125 0.6214488640625 0.3193359375 0.62567640625 0.322265625 0.6193350921875
1 0.3349609375 0.63413149375 0.3359375 0.6320177218749999 0.3359375 0.5897422890625 0.3330078125 0.5834009734375 0.3232421875 0.5876285171875 0.322265625 0.5897422890625 0.322265625 0.6320177218749999 0.3232421875 0.63413149375 0.3349609375 0.63413149375
1 0.3544921875 0.62567640625 0.35546875 0.6235626359374999 0.35546875 0.5770596593749999 0.3544921875 0.5749458875 0.3388671875 0.5749458875 0.3359375 0.581287203125 0.3359375 0.6235626359374999 0.3388671875 0.62990395 0.3544921875 0.62567640625
1 0.3974609375 0.62567640625 0.3984375 0.6235626359374999 0.3984375 0.5770596593749999 0.3955078125 0.5707183437500001 0.3583984375 0.5707183437500001 0.35546875 0.5770596593749999 0.35546875 0.6193350921875 0.3583984375 0.62567640625 0.3974609375 0.62567640625
1 0.4306640625 0.62990395 0.431640625 0.6277901781249999 0.431640625 0.581287203125 0.4306640625 0.57917343125 0.4267578125 0.5749458875 0.4111328125 0.5749458875 0.4013671875 0.57917343125 0.3984375 0.5855147453125 0.400390625 0.6277901781249999 0.4013671875 0.62990395 0.4306640625 0.62990395
1 0.4599609375 0.6383590375 0.466796875 0.6320177218749999 0.466796875 0.5897422890625 0.4638671875 0.5834009734375 0.4345703125 0.5876285171875 0.43359375 0.5897422890625 0.43359375 0.6362452656250001 0.4345703125 0.6383590375 0.4599609375 0.6383590375
1 0.4716796875 0.6425865796875 0.5009765625 0.6383590375 0.50390625 0.6320177218749999 0.501953125 0.5897422890625 0.5009765625 0.5876285171875 0.4736328125 0.5876285171875 0.4677734375 0.5918560609375 0.466796875 0.5939698328125 0.466796875 0.6024249187499999 0.46875 0.6362452656250001 0.4716796875 0.6425865796875
1 0.5517578125 0.62567640625 0.552734375 0.6235626359374999 0.552734375 0.598197375 0.5498046875 0.5707183437500001 0.5263671875 0.5707183437500001 0.5029296875 0.57917343125 0.501953125 0.581287203125 0.501953125 0.6108800046875 0.5048828125 0.63413149375 0.5517578125 0.62567640625
1 0.5576171875 0.6383590375 0.5771484375 0.63413149375 0.580078125 0.6277901781249999 0.580078125 0.5939698328125 0.578125 0.5770596593749999 0.5751953125 0.5707183437500001 0.5654296875 0.5707183437500001 0.5537109375 0.5749458875 0.552734375 0.5770596593749999 0.552734375 0.6193350921875 0.5546875 0.6320177218749999 0.5576171875 0.6383590375
1 0.5947265625 0.62567640625 0.60546875 0.6193350921875 0.603515625 0.572832115625 0.6005859375 0.5664908015625 0.5810546875 0.5707183437500001 0.580078125 0.572832115625 0.580078125 0.6151075484375 0.5830078125 0.62567640625 0.5947265625 0.62567640625
1 0.6083984375 0.6129937765625 0.6416015625 0.608766234375 0.64453125 0.6024249187499999 0.642578125 0.568604571875 0.6396484375 0.549580628125 0.6123046875 0.549580628125 0.6064453125 0.5538081703125 0.603515625 0.5601494859375 0.603515625 0.568604571875 0.60546875 0.6024249187499999 0.6083984375 0.6129937765625
1 0.6923828125 0.6172213203125 0.7177734375 0.6172213203125 0.71875 0.6151075484375 0.71875 0.6024249187499999 0.7138671875 0.5622632578125 0.6884765625 0.5622632578125 0.6875 0.5643770296875 0.6875 0.581287203125 0.689453125 0.6108800046875 0.6923828125 0.6172213203125
1 0.6884765625 0.6214488640625 0.69140625 0.6151075484375 0.6875 0.568604571875 0.6845703125 0.5622632578125 0.6572265625 0.5622632578125 0.6455078125 0.5664908015625 0.64453125 0.568604571875 0.64453125 0.598197375 0.6474609375 0.6214488640625 0.6884765625 0.6214488640625
1 0.7607421875 0.62990395 0.76171875 0.6277901781249999 0.7578125 0.581287203125 0.7548828125 0.5749458875 0.7314453125 0.5749458875 0.7177734375 0.57917343125 0.716796875 0.581287203125 0.716796875 0.5939698328125 0.7216796875 0.63413149375 0.7607421875 0.62990395
0 0 0.77152665 0.0068359375 0.7778679656249999 0.0126953125 0.7778679656249999 0.0205078125 0.7736404218749999 0.025390625 0.7630715640625 0.12109375 0.24308373906249997 0.0810546875 0.1648741890625 0.0634765625 0.1564191015625 0.0576171875 0.1564191015625 0.048828125 0.1627604171875 0.00390625 0.5643770296875 0 0.6024249187499999 0 0.77152665
0 0.0849609375 0.782095509375 0.1396484375 0.782095509375 0.142578125 0.77575419375 0.14453125 0.7546164765625 0.154296875 0.5939698328125 0.1640625 0.378365125 0.1640625 0.314951975 0.1416015625 0.26633522656249997 0.1357421875 0.25788014062500003 0.1259765625 0.2494250546875 0.1064453125 0.24519751093750003 0.0810546875 0.24519751093750003 0.076171875 0.25999391250000004 0.0703125 0.31072443125000004 0.029296875 0.7546164765625 0.029296875 0.77152665 0.0361328125 0.7778679656249999 0.0849609375 0.782095509375
0 0.1962890625 0.7863230515625 0.19921875 0.7799817375 0.203125 0.7165685875000001 0.212890625 0.293814259375 0.212890625 0.2769040859375 0.2109375 0.2684489984375 0.2060546875 0.262107684375 0.1865234375 0.262107684375 0.1708984375 0.26633522656249997 0.16796875 0.27267654218750004 0.15234375 0.6531554390625 0.150390625 0.71234104375 0.150390625 0.7799817375 0.1591796875 0.7863230515625 0.1962890625 0.7863230515625
0 0.2197265625 0.7905505953125 0.22265625 0.7842092796875 0.236328125 0.25999391250000004 0.236328125 0.21771847968750002 0.2314453125 0.20714962187500002 0.2177734375 0.20714962187500002 0.21484375 0.2134909359375 0.212890625 0.23040110937499997 0.20703125 0.47559862031250005 0.203125 0.6869757843750001 0.203125 0.7842092796875 0.2060546875 0.7905505953125 0.2197265625 0.7905505953125
0 0.2529296875 0.7905505953125 0.255859375 0.7842092796875 0.27734375 0.2473112828125 0.27734375 0.23040110937499997 0.265625 0.1796705890625 0.2626953125 0.173329275 0.2392578125 0.173329275 0.236328125 0.1796705890625 0.224609375 0.6362452656250001 0.22265625 0.7165685875000001 0.22265625 0.7884368234375 0.2236328125 0.7905505953125 0.2529296875 0.7905505953125
0 0.2744140625 0.7905505953125 0.27734375 0.7842092796875 0.279296875 0.7165685875000001 0.287109375 0.281131628125 0.287109375 0.2684489984375 0.28515625 0.25999391250000004 0.2802734375 0.25365259687499997 0.2705078125 0.25365259687499997 0.267578125 0.25999391250000004 0.26171875 0.4460058171875 0.255859375 0.725023675 0.255859375 0.7799817375 0.2587890625 0.7905505953125 0.2744140625 0.7905505953125
0 0.2919921875 0.4988501078125 0.291015625 0.5009638796875 0.2919921875 0.5073051953125 0.29296875 0.5051914234375 0.2919921875 0.4988501078125
0 0.3173828125 0.7947781390624999 0.3203125 0.7884368234375 0.333984375 0.281131628125 0.333984375 0.24308373906249997 0.3203125 0.1923532203125 0.3173828125 0.1860119046875 0.3134765625 0.1817843609375 0.3076171875 0.1817843609375 0.2998046875 0.1860119046875 0.296875 0.20080830624999998 0.2890625 0.7842092796875 0.2919921875 0.7905505953125 0.2978515625 0.7947781390624999 0.3173828125 0.7947781390624999
0 0.291015625 0.77152665 0.296875 0.36145495156249996 0.296875 0.26422145625 0.2939453125 0.25788014062500003 0.2900390625 0.25788014062500003 0.287109375 0.26422145625 0.28515625 0.31072443125000004 0.28125 0.517874053125 0.27734375 0.7842092796875 0.2802734375 0.7905505953125 0.2880859375 0.7905505953125 0.291015625 0.77152665
0 0.3544921875 0.7947781390624999 0.35546875 0.7926643671875 0.35546875 0.24308373906249997 0.3525390625 0.23251488125000003 0.3369140625 0.23251488125000003 0.3359375 0.234628653125 0.3359375 0.7884368234375 0.3388671875 0.7947781390624999 0.3544921875 0.7947781390624999
0 0.3349609375 0.7947781390624999 0.3359375 0.7926643671875 0.337890625 0.6320177218749999 0.337890625 0.31917951875 0.3349609375 0.3001555734375 0.3251953125 0.3001555734375 0.32421875 0.3022693453125 0.322265625 0.4798261640625 0.3203125 0.725023675 0.322265625 0.7884368234375 0.3251953125 0.7947781390624999 0.3349609375 0.7947781390624999
0 0.3642578125 0.7990056812499999 0.3994140625 0.7990056812499999 0.40234375 0.7926643671875 0.40234375 0.77575419375 0.39453125 0.25576636875 0.392578125 0.2219460234375 0.3916015625 0.21983225156250003 0.3720703125 0.2156047078125 0.3564453125 0.2156047078125 0.35546875 0.21771847968750002 0.35546875 0.7884368234375 0.3583984375 0.7947781390624999 0.3642578125 0.7990056812499999
0 0.40234375 0.7926643671875 0.4052734375 0.7990056812499999 0.4345703125 0.7990056812499999 0.435546875 0.7968919109375 0.435546875 0.72079613125 0.4296875 0.234628653125 0.42578125 0.20080830624999998 0.4228515625 0.1902394484375 0.4189453125 0.1860119046875 0.4091796875 0.1860119046875 0.3955078125 0.1902394484375 0.392578125 0.1965807625 0.392578125 0.25999391250000004 0.3984375 0.6235626359374999 0.40234375 0.7926643671875
0 0.4375 0.7968919109375 0.4404296875 0.8032332249999999 0.4697265625 0.8032332249999999 0.470703125 0.801119453125 0.470703125 0.72079613125 0.458984375 0.27267654218750004 0.4560546875 0.2494250546875 0.4306640625 0.2494250546875 0.427734375 0.25576636875 0.427734375 0.378365125 0.435546875 0.77575419375 0.4375 0.7968919109375
0 0.47265625 0.7926643671875 0.4775390625 0.8032332249999999 0.4990234375 0.8032332249999999 0.5078125 0.7968919109375 0.5078125 0.7377063046875 0.490234375 0.25999391250000004 0.48828125 0.2388561953125 0.4814453125 0.2282873375 0.4697265625 0.2282873375 0.4599609375 0.23251488125000003 0.45703125 0.2388561953125 0.45703125 0.2473112828125 0.46875 0.695430871875 0.47265625 0.7926643671875
0 0.509765625 0.7968919109375 0.5126953125 0.8032332249999999 0.5556640625 0.8032332249999999 0.55859375 0.7968919109375 0.55859375 0.7672991078125 0.5390625 0.234628653125 0.53515625 0.21771847968750002 0.5322265625 0.2113771640625 0.5107421875 0.2113771640625 0.4931640625 0.2156047078125 0.48828125 0.226173565625 0.490234375 0.31917951875 0.5078125 0.7842092796875 0.509765625 0.7968919109375
0 0.5625 0.8053469968750001 0.5634765625 0.8074607687500001 0.5869140625 0.8074607687500001 0.58984375 0.801119453125 0.58984375 0.7926643671875 0.560546875 0.171215503125 0.5595703125 0.16910173125 0.5361328125 0.16910173125 0.53515625 0.171215503125 0.533203125 0.1796705890625 0.533203125 0.1923532203125 0.55859375 0.7419338468750001 0.5625 0.8053469968750001
0 0.58984375 0.801119453125 0.5927734375 0.8074607687500001 0.6142578125 0.8074607687500001 0.615234375 0.8053469968750001 0.615234375 0.7799817375 0.5859375 0.234628653125 0.583984375 0.2134909359375 0.5791015625 0.198694534375 0.5654296875 0.198694534375 0.5625 0.20503585000000002 0.5625 0.2388561953125 0.578125 0.5897422890625 0.58984375 0.801119453125
0 0.6171875 0.801119453125 0.6201171875 0.8074607687500001 0.6533203125 0.8074607687500001 0.65625 0.801119453125 0.65625 0.7799817375 0.64453125 0.5939698328125 0.615234375 0.175443046875 0.6123046875 0.16910173125 0.6005859375 0.1648741890625 0.5869140625 0.1648741890625 0.583984375 0.171215503125 0.58203125 0.1796705890625 0.58203125 0.1965807625 0.615234375 0.7842092796875 0.6171875 0.801119453125
0 0.7021484375 0.8116883109374999 0.703125 0.809574540625 0.703125 0.7588440203125 0.662109375 0.2219460234375 0.654296875 0.13739515625 0.6494140625 0.1310538421875 0.6181640625 0.1310538421875 0.615234375 0.13739515625 0.61328125 0.1543053296875 0.658203125 0.8053469968750001 0.6611328125 0.8116883109374999 0.7021484375 0.8116883109374999
0 0.705078125 0.809574540625 0.7099609375 0.8159158546875 0.7333984375 0.8116883109374999 0.734375 0.809574540625 0.734375 0.77575419375 0.681640625 0.1627604171875 0.6796875 0.1500777875 0.6767578125 0.143736471875 0.6708984375 0.139508928125 0.6591796875 0.139508928125 0.65625 0.14585024375 0.65625 0.166987959375 0.669921875 0.36145495156249996 0.705078125 0.809574540625
0 0.734375 0.7968919109375 0.7373046875 0.8116883109374999 0.7451171875 0.8159158546875 0.7724609375 0.8159158546875 0.779296875 0.8053469968750001 0.77734375 0.77152665 0.71875 0.166987959375 0.716796875 0.1543053296875 0.7138671875 0.147964015625 0.6962890625 0.139508928125 0.6845703125 0.139508928125 0.681640625 0.14585024375 0.681640625 0.171215503125 0.705078125 0.4671435328125 0.734375 0.7968919109375
0 0.779296875 0.801119453125 0.7822265625 0.8116883109374999 0.8154296875 0.8116883109374999 0.8544921875 0.8032332249999999 0.8603515625 0.7990056812499999 0.86328125 0.7926643671875 0.86328125 0.77152665 0.861328125 0.7419338468750001 0.791015625 0.1416227 0.7880859375 0.1310538421875 0.7763671875 0.1310538421875 0.7275390625 0.139508928125 0.720703125 0.1500777875 0.71875 0.1585328734375 0.720703125 0.1881256765625 0.76171875 0.6277901781249999 0.779296875 0.801119453125