1 0.7119140625 0.7229099031249999 0.7353515625 0.7313649890625 0.7412109375 0.7313649890625 0.748046875 0.72079613125 0.748046875 0.6658380687500001 0.7470703125 0.663724296875 0.7080078125 0.659496753125 0.70703125 0.6616105250000001 0.70703125 0.7165685875000001 0.7080078125 0.718682359375 0.7119140625 0.7229099031249999
1 0.6708984375 0.7102272734375 0.6767578125 0.714454815625 0.6962890625 0.718682359375 0.7021484375 0.718682359375 0.705078125 0.71234104375 0.70703125 0.6616105250000001 0.7041015625 0.655269209375 0.6865234375 0.6510416671875 0.6708984375 0.6510416671875 0.66796875 0.6573829812499999 0.66796875 0.6785206984375 0.669921875 0.7081135015625 0.6708984375 0.7102272734375
1 0.6435546875 0.7102272734375 0.6669921875 0.7102272734375 0.66796875 0.7081135015625 0.66796875 0.6573829812499999 0.6650390625 0.6510416671875 0.6279296875 0.6468141234375 0.626953125 0.6489278953125 0.626953125 0.6996584140625 0.6298828125 0.7059997296875 0.6435546875 0.7102272734375
1 0.5732421875 0.7017721859375 0.6044921875 0.7102272734375 0.6201171875 0.7102272734375 0.626953125 0.6996584140625 0.626953125 0.6531554390625 0.6259765625 0.6510416671875 0.5712890625 0.6425865796875 0.568359375 0.6489278953125 0.568359375 0.6742931546875 0.5703125 0.695430871875 0.5732421875 0.7017721859375
1 0.5107421875 0.6933171 0.5341796875 0.6975446421875 0.5576171875 0.6975446421875 0.55859375 0.695430871875 0.55859375 0.6489278953125 0.5556640625 0.6425865796875 0.5361328125 0.6383590375 0.5068359375 0.6383590375 0.505859375 0.6404728078125 0.505859375 0.6869757843750001 0.5068359375 0.68908955625 0.5107421875 0.6933171
1 0.5029296875 0.6933171 0.505859375 0.6869757843750001 0.505859375 0.6404728078125 0.4931640625 0.63413149375 0.4794921875 0.63413149375 0.478515625 0.6362452656250001 0.478515625 0.682748240625 0.4833984375 0.68908955625 0.5029296875 0.6933171
1 0.4775390625 0.6806344703125 0.478515625 0.6785206984375 0.478515625 0.6320177218749999 0.4775390625 0.62990395 0.4580078125 0.62990395 0.45703125 0.6320177218749999 0.45703125 0.6785206984375 0.4580078125 0.6806344703125 0.4775390625 0.6806344703125
1 0.4267578125 0.6764069265625 0.4384765625 0.6806344703125 0.4560546875 0.6806344703125 0.45703125 0.6785206984375 0.45703125 0.6320177218749999 0.4560546875 0.62990395 0.4228515625 0.6214488640625 0.419921875 0.6277901781249999 0.421875 0.6700656109375001 0.4228515625 0.6721793828125 0.4267578125 0.6764069265625
1 0.4033203125 0.663724296875 0.4189453125 0.663724296875 0.421875 0.6573829812499999 0.419921875 0.6151075484375 0.4189453125 0.6129937765625 0.3876953125 0.608766234375 0.38671875 0.6108800046875 0.38671875 0.6531554390625 0.3896484375 0.659496753125 0.4033203125 0.663724296875
1 0.3740234375 0.659496753125 0.3857421875 0.659496753125 0.38671875 0.6573829812499999 0.38671875 0.6151075484375 0.3837890625 0.608766234375 0.3701171875 0.608766234375 0.369140625 0.6108800046875 0.369140625 0.6277901781249999 0.37109375 0.6531554390625 0.3740234375 0.659496753125
1 0.3603515625 0.659496753125 0.3681640625 0.659496753125 0.37109375 0.6531554390625 0.37109375 0.6277901781249999 0.369140625 0.6108800046875 0.3681640625 0.608766234375 0.3486328125 0.608766234375 0.34765625 0.6108800046875 0.34765625 0.6362452656250001 0.349609375 0.6531554390625 0.3603515625 0.659496753125
1 0.3388671875 0.655269209375 0.3466796875 0.655269209375 0.349609375 0.6489278953125 0.34765625 0.6066524624999999 0.3466796875 0.604538690625 0.3291015625 0.604538690625 0.328125 0.6066524624999999 0.328125 0.6447003515625 0.3310546875 0.6510416671875 0.3388671875 0.655269209375
1 0.3115234375 0.6425865796875 0.314453125 0.6362452656250001 0.3125 0.6024249187499999 0.3095703125 0.5960836031250001 0.2880859375 0.5960836031250001 0.287109375 0.598197375 0.2890625 0.6320177218749999 0.2939453125 0.6425865796875 0.3115234375 0.6425865796875
1 0.3154296875 0.6468141234375 0.3271484375 0.6468141234375 0.328125 0.6447003515625 0.328125 0.6066524624999999 0.3251953125 0.600311146875 0.3134765625 0.600311146875 0.3125 0.6024249187499999 0.3125 0.6320177218749999 0.314453125 0.6447003515625 0.3154296875 0.6468141234375
1 0.2880859375 0.6383590375 0.2890625 0.6362452656250001 0.2890625 0.6024249187499999 0.2841796875 0.5918560609375 0.2763671875 0.5918560609375 0.2734375 0.598197375 0.275390625 0.6362452656250001 0.2763671875 0.6383590375 0.2880859375 0.6383590375
1 0.2666015625 0.6383590375 0.2744140625 0.6383590375 0.275390625 0.6362452656250001 0.275390625 0.598197375 0.2724609375 0.5918560609375 0.2626953125 0.5918560609375 0.26171875 0.5939698328125 0.26171875 0.6108800046875 0.263671875 0.6320177218749999 0.2666015625 0.6383590375
1 0.2626953125 0.62990395 0.263671875 0.6277901781249999 0.263671875 0.6108800046875 0.26171875 0.5897422890625 0.2607421875 0.5876285171875 0.2529296875 0.5876285171875 0.251953125 0.5897422890625 0.251953125 0.6235626359374999 0.2548828125 0.62990395 0.2626953125 0.62990395
1 0.2509765625 0.62990395 0.251953125 0.6277901781249999 0.251953125 0.5897422890625 0.2490234375 0.5834009734375 0.2373046875 0.5834009734375 0.236328125 0.5855147453125 0.236328125 0.6235626359374999 0.2392578125 0.62990395 0.2509765625 0.62990395
1 0.2353515625 0.62567640625 0.236328125 0.6235626359374999 0.236328125 0.5855147453125 0.2333984375 0.57917343125 0.2216796875 0.57917343125 0.220703125 0.581287203125 0.220703125 0.6193350921875 0.2216796875 0.6214488640625 0.2353515625 0.62567640625
1 0.2138671875 0.6214488640625 0.2197265625 0.6214488640625 0.220703125 0.6193350921875 0.220703125 0.5855147453125 0.2177734375 0.57917343125 0.2119140625 0.57917343125 0.2109375 0.581287203125 0.2109375 0.598197375 0.212890625 0.6193350921875 0.2138671875 0.6214488640625
1 0.2021484375 0.6214488640625 0.2119140625 0.6214488640625 0.212890625 0.6193350921875 0.212890625 0.6024249187499999 0.2109375 0.581287203125 0.2099609375 0.57917343125 0.1962890625 0.57917343125 0.1953125 0.581287203125 0.1953125 0.6024249187499999 0.197265625 0.6151075484375 0.2021484375 0.6214488640625
1 0.1826171875 0.6129937765625 0.1962890625 0.6129937765625 0.197265625 0.6108800046875 0.1953125 0.5770596593749999 0.1923828125 0.5707183437500001 0.1806640625 0.5707183437500001 0.1796875 0.572832115625 0.1796875 0.5855147453125 0.181640625 0.6108800046875 0.1826171875 0.6129937765625
1 0.1806640625 0.6129937765625 0.181640625 0.6108800046875 0.181640625 0.5897422890625 0.1796875 0.572832115625 0.1787109375 0.5707183437500001 0.1689453125 0.5707183437500001 0.166015625 0.5770596593749999 0.16796875 0.6108800046875 0.1689453125 0.6129937765625 0.1806640625 0.6129937765625
0 0.7392578125 0.92583198125 0.7529296875 0.9089218078125001 0.7578125 0.8983529484374999 0.79296875 0.7968919109375 0.798828125 0.77575419375 0.80078125 0.7588440203125 0.8046875 0.37413758124999996 0.8046875 0.1585328734375 0.7978515625 0.147964015625 0.7587890625 0.1352813859375 0.7373046875 0.1352813859375 0.7177734375 0.139508928125 0.71484375 0.14585024375 0.712890625 0.166987959375 0.7109375 0.2473112828125 0.70703125 0.6108800046875 0.705078125 0.9068080359374999 0.7099609375 0.9216044374999999 0.7314453125 0.9300595234375001 0.7392578125 0.92583198125
0 0.6767578125 0.91314935 0.6865234375 0.91737689375 0.7021484375 0.91737689375 0.705078125 0.9110355796875 0.712890625 0.1838981328125 0.7099609375 0.16910173125 0.6767578125 0.16910173125 0.671875 0.1796705890625 0.669921875 0.1965807625 0.66796875 0.5770596593749999 0.66796875 0.8856703187500001 0.669921875 0.9025804921875 0.6767578125 0.91314935
0 0.6435546875 0.6510416671875 0.6669921875 0.6510416671875 0.66796875 0.6489278953125 0.669921875 0.4713710765625 0.669921875 0.2134909359375 0.6669921875 0.20714962187500002 0.6298828125 0.2113771640625 0.626953125 0.21771847968750002 0.626953125 0.6404728078125 0.6298828125 0.6468141234375 0.6435546875 0.6510416671875
0 0.572265625 0.8729876890625 0.5810546875 0.8877840906250001 0.5966796875 0.896239178125 0.6181640625 0.896239178125 0.625 0.8856703187500001 0.626953125 0.6996584140625 0.626953125 0.2092633921875 0.6220703125 0.202922078125 0.5791015625 0.20714962187500002 0.5615234375 0.2113771640625 0.560546875 0.2134909359375 0.560546875 0.36145495156249996 0.568359375 0.8518499734375 0.572265625 0.8729876890625
0 0.5166015625 0.8793290046875001 0.5322265625 0.883556546875 0.5576171875 0.883556546875 0.5634765625 0.8793290046875001 0.56640625 0.8729876890625 0.568359375 0.860305059375 0.560546875 0.26422145625 0.55859375 0.21771847968750002 0.5576171875 0.2156047078125 0.5517578125 0.2156047078125 0.5048828125 0.2282873375 0.5 0.2388561953125 0.5 0.39950284062499997 0.5078125 0.8560775156249999 0.5166015625 0.8793290046875001
0 0.48046875 0.8476224296874999 0.482421875 0.8560775156249999 0.4873046875 0.86241883125 0.4951171875 0.866646375 0.5029296875 0.866646375 0.5078125 0.860305059375 0.556640625 0.20503585000000002 0.5478515625 0.1860119046875 0.5166015625 0.17755681875 0.4873046875 0.17755681875 0.4736328125 0.1817843609375 0.47265625 0.1838981328125 0.47265625 0.289586715625 0.4765625 0.6235626359374999 0.48046875 0.8476224296874999
0 0.4619140625 0.8497362015625001 0.4716796875 0.8497362015625001 0.48046875 0.8433948859375 0.48046875 0.746161390625 0.47265625 0.25576636875 0.4697265625 0.2409699671875 0.4560546875 0.24519751093750003 0.4521484375 0.2494250546875 0.451171875 0.251538825 0.451171875 0.3572274078125 0.458984375 0.83916734375 0.4619140625 0.8497362015625001
0 0.42578125 0.8180296265625 0.427734375 0.83071225625 0.4365234375 0.8412811140625 0.4482421875 0.8455086578125 0.4560546875 0.8455086578125 0.458984375 0.83916734375 0.458984375 0.7630715640625 0.455078125 0.24308373906249997 0.4541015625 0.2409699671875 0.4228515625 0.2409699671875 0.4150390625 0.25365259687499997 0.4140625 0.25576636875 0.4140625 0.31917951875 0.423828125 0.7842092796875 0.42578125 0.8180296265625
0 0.3974609375 0.8201433984375001 0.4052734375 0.8243709421875 0.4228515625 0.8243709421875 0.423828125 0.8222571703125 0.4609375 0.2219460234375 0.4560546875 0.2156047078125 0.4150390625 0.2113771640625 0.3896484375 0.2156047078125 0.3798828125 0.21983225156250003 0.376953125 0.226173565625 0.376953125 0.2684489984375 0.390625 0.809574540625 0.3974609375 0.8201433984375001
0 0.3779296875 0.8116883109374999 0.3896484375 0.8159158546875 0.390625 0.8138020828125001 0.390625 0.7334787609375 0.376953125 0.25576636875 0.3759765625 0.25365259687499997 0.3603515625 0.25365259687499997 0.359375 0.25576636875 0.359375 0.31917951875 0.375 0.7968919109375 0.3779296875 0.8116883109374999
0 0.353515625 0.7968919109375 0.3564453125 0.8074607687500001 0.3740234375 0.8074607687500001 0.375 0.8053469968750001 0.375 0.21771847968750002 0.3720703125 0.2113771640625 0.3544921875 0.20714962187500002 0.3486328125 0.20714962187500002 0.3388671875 0.2113771640625 0.3349609375 0.2156047078125 0.333984375 0.21771847968750002 0.333984375 0.2473112828125 0.3515625 0.77152665 0.353515625 0.7968919109375
0 0.333984375 0.7968919109375 0.3369140625 0.8074607687500001 0.3486328125 0.8074607687500001 0.353515625 0.7968919109375 0.353515625 0.7799817375 0.33984375 0.20503585000000002 0.3330078125 0.198694534375 0.3251953125 0.198694534375 0.3134765625 0.202922078125 0.3125 0.20503585000000002 0.3125 0.2473112828125 0.33203125 0.7799817375 0.333984375 0.7968919109375
0 0.3115234375 0.541125540625 0.3212890625 0.5453530843750001 0.32421875 0.53901176875 0.32421875 0.5051914234375 0.31640625 0.29804180156250004 0.3125 0.2219460234375 0.3115234375 0.21983225156250003 0.3017578125 0.21983225156250003 0.2978515625 0.22405979375 0.294921875 0.23040110937499997 0.294921875 0.251538825 0.30859375 0.5347842265625 0.3115234375 0.541125540625
0 0.3017578125 0.7863230515625 0.3134765625 0.7905505953125 0.318359375 0.7842092796875 0.318359375 0.7377063046875 0.3125 0.5855147453125 0.296875 0.251538825 0.2939453125 0.236742425 0.2724609375 0.236742425 0.271484375 0.2388561953125 0.26953125 0.25576636875 0.294921875 0.77152665 0.296875 0.7799817375 0.3017578125 0.7863230515625
0 0.2841796875 0.782095509375 0.2958984375 0.782095509375 0.296875 0.7799817375 0.296875 0.77152665 0.294921875 0.725023675 0.271484375 0.25576636875 0.2705078125 0.25365259687499997 0.2607421875 0.25365259687499997 0.2578125 0.25999391250000004 0.2578125 0.2769040859375 0.28125 0.7588440203125 0.2841796875 0.782095509375
0 0.267578125 0.750388934375 0.26953125 0.7672991078125 0.2724609375 0.7736404218749999 0.2783203125 0.7778679656249999 0.28125 0.77152665 0.28125 0.725023675 0.26171875 0.31917951875 0.259765625 0.289586715625 0.2578125 0.281131628125 0.2568359375 0.2790178578125 0.2529296875 0.2790178578125 0.2490234375 0.2832454 0.248046875 0.28535917187500004 0.248046875 0.3318621484375 0.25 0.3825926671875 0.267578125 0.750388934375
0 0.2421875 0.7630715640625 0.2470703125 0.769412878125 0.2568359375 0.769412878125 0.259765625 0.7630715640625 0.259765625 0.750388934375 0.24609375 0.293814259375 0.2431640625 0.28747294375 0.2197265625 0.28747294375 0.21875 0.289586715625 0.21875 0.31072443125000004 0.240234375 0.7546164765625 0.2421875 0.7630715640625
0 0.2607421875 0.769412878125 0.2685546875 0.769412878125 0.26953125 0.7672991078125 0.26953125 0.7377063046875 0.251953125 0.38682021093749996 0.25 0.3572274078125 0.2470703125 0.35088609375 0.2412109375 0.35088609375 0.23828125 0.3572274078125 0.23828125 0.3699100375 0.2578125 0.750388934375 0.2607421875 0.769412878125
0 0.23046875 0.7546164765625 0.2333984375 0.7609577921875 0.2392578125 0.7609577921875 0.2421875 0.7546164765625 0.2421875 0.7292512171875 0.2265625 0.251538825 0.2255859375 0.2494250546875 0.2080078125 0.2494250546875 0.2041015625 0.25365259687499997 0.201171875 0.25999391250000004 0.201171875 0.28535917187500004 0.228515625 0.7419338468750001 0.23046875 0.7546164765625
0 0.203125 0.746161390625 0.2060546875 0.75250270625 0.2119140625 0.7567302484375 0.2177734375 0.7567302484375 0.21875 0.7546164765625 0.21875 0.72079613125 0.203125 0.2473112828125 0.2001953125 0.2409699671875 0.1923828125 0.236742425 0.1826171875 0.2409699671875 0.1787109375 0.24519751093750003 0.17578125 0.251538825 0.17578125 0.2684489984375 0.201171875 0.72079613125 0.203125 0.746161390625
0 0.1875 0.7419338468750001 0.1962890625 0.7482751624999999 0.203125 0.7419338468750001 0.203125 0.72079613125 0.181640625 0.3318621484375 0.1787109375 0.321293290625 0.1669921875 0.321293290625 0.166015625 0.3234070609375 0.166015625 0.3572274078125 0.185546875 0.7165685875000001 0.1875 0.7419338468750001
0 0.1767578125 0.739820075 0.1806640625 0.74404761875 0.1845703125 0.74404761875 0.1875 0.7377063046875 0.1875 0.71234104375 0.17578125 0.24308373906249997 0.1748046875 0.2409699671875 0.1494140625 0.2409699671875 0.1484375 0.24308373906249997 0.1484375 0.27267654218750004 0.173828125 0.7292512171875 0.1767578125 0.739820075