1 0.2529296875 0.6679518390625 0.2685546875 0.663724296875 0.26953125 0.6616105250000001 0.26953125 0.6108800046875 0.2666015625 0.604538690625 0.2353515625 0.604538690625 0.234375 0.6066524624999999 0.234375 0.6658380687500001 0.2353515625 0.6679518390625 0.2529296875 0.6679518390625
1 0.2900390625 0.6721793828125 0.291015625 0.6700656109375001 0.291015625 0.6193350921875 0.2880859375 0.6129937765625 0.2705078125 0.6129937765625 0.26953125 0.6151075484375 0.26953125 0.6658380687500001 0.2724609375 0.6721793828125 0.2900390625 0.6721793828125
1 0.3349609375 0.6806344703125 0.3486328125 0.6764069265625 0.349609375 0.6742931546875 0.349609375 0.6235626359374999 0.3466796875 0.6172213203125 0.3173828125 0.6172213203125 0.31640625 0.6193350921875 0.31640625 0.6785206984375 0.3173828125 0.6806344703125 0.3349609375 0.6806344703125
1 0.3134765625 0.6806344703125 0.314453125 0.6785206984375 0.31640625 0.6235626359374999 0.3134765625 0.6172213203125 0.2919921875 0.6172213203125 0.291015625 0.6193350921875 0.291015625 0.6742931546875 0.2939453125 0.6806344703125 0.3134765625 0.6806344703125
1 0.3544921875 0.6806344703125 0.3759765625 0.6806344703125 0.376953125 0.6785206984375 0.376953125 0.6235626359374999 0.3759765625 0.6214488640625 0.3544921875 0.6214488640625 0.353515625 0.6235626359374999 0.3515625 0.6447003515625 0.3515625 0.6700656109375001 0.353515625 0.6785206984375 0.3544921875 0.6806344703125
1 0.3974609375 0.68908955625 0.400390625 0.682748240625 0.400390625 0.6320177218749999 0.3994140625 0.62990395 0.3798828125 0.62990395 0.37890625 0.6320177218749999 0.37890625 0.6869757843750001 0.3798828125 0.68908955625 0.3974609375 0.68908955625
1 0.4599609375 0.6933171 0.462890625 0.6869757843750001 0.462890625 0.6404728078125 0.4599609375 0.63413149375 0.4052734375 0.62990395 0.404296875 0.6320177218749999 0.404296875 0.6869757843750001 0.4052734375 0.68908955625 0.4599609375 0.6933171
1 0.5048828125 0.6975446421875 0.505859375 0.695430871875 0.505859375 0.6447003515625 0.5048828125 0.6425865796875 0.4697265625 0.6383590375 0.46484375 0.6489278953125 0.46484375 0.6912033281250001 0.4677734375 0.6975446421875 0.5048828125 0.6975446421875
1 0.5380859375 0.7017721859375 0.5419921875 0.7017721859375 0.54296875 0.6996584140625 0.54296875 0.6489278953125 0.5419921875 0.6468141234375 0.5107421875 0.6468141234375 0.509765625 0.6489278953125 0.509765625 0.695430871875 0.5107421875 0.6975446421875 0.5380859375 0.7017721859375
1 0.5615234375 0.7017721859375 0.5625 0.6996584140625 0.5625 0.6785206984375 0.560546875 0.6531554390625 0.5556640625 0.6468141234375 0.5458984375 0.6468141234375 0.544921875 0.6489278953125 0.544921875 0.6996584140625 0.5458984375 0.7017721859375 0.5615234375 0.7017721859375
1 0.5849609375 0.7017721859375 0.5859375 0.6996584140625 0.5859375 0.6573829812499999 0.5830078125 0.6510416671875 0.5654296875 0.6510416671875 0.564453125 0.6531554390625 0.564453125 0.695430871875 0.5673828125 0.7017721859375 0.5849609375 0.7017721859375
1 0.5888671875 0.7059997296875 0.6064453125 0.7059997296875 0.609375 0.6996584140625 0.609375 0.6616105250000001 0.6064453125 0.655269209375 0.5986328125 0.6510416671875 0.5888671875 0.6510416671875 0.5859375 0.6573829812499999 0.5859375 0.6785206984375 0.587890625 0.7038859578125 0.5888671875 0.7059997296875
1 0.6259765625 0.7059997296875 0.626953125 0.7038859578125 0.626953125 0.6573829812499999 0.6259765625 0.655269209375 0.6103515625 0.655269209375 0.609375 0.6573829812499999 0.609375 0.6996584140625 0.6123046875 0.7059997296875 0.6259765625 0.7059997296875
1 0.6435546875 0.7059997296875 0.64453125 0.7038859578125 0.64453125 0.6573829812499999 0.6435546875 0.655269209375 0.6298828125 0.655269209375 0.62890625 0.6573829812499999 0.62890625 0.7038859578125 0.6298828125 0.7059997296875 0.6435546875 0.7059997296875
1 0.66015625 0.7038859578125 0.66015625 0.6658380687500001 0.6572265625 0.655269209375 0.6474609375 0.655269209375 0.64453125 0.6616105250000001 0.646484375 0.7038859578125 0.6572265625 0.7102272734375 0.66015625 0.7038859578125
1 0.6884765625 0.7059997296875 0.689453125 0.7038859578125 0.689453125 0.6616105250000001 0.6884765625 0.659496753125 0.6669921875 0.655269209375 0.6640625 0.6616105250000001 0.6640625 0.6996584140625 0.6669921875 0.7059997296875 0.6884765625 0.7059997296875
1 0.7216796875 0.7102272734375 0.72265625 0.7081135015625 0.72265625 0.6658380687500001 0.7216796875 0.663724296875 0.7001953125 0.659496753125 0.697265625 0.6658380687500001 0.697265625 0.7038859578125 0.7001953125 0.7102272734375 0.7216796875 0.7102272734375
1 0.7373046875 0.7102272734375 0.73828125 0.7081135015625 0.73828125 0.6658380687500001 0.7353515625 0.659496753125 0.7255859375 0.659496753125 0.72265625 0.6658380687500001 0.72265625 0.7038859578125 0.7255859375 0.7102272734375 0.7373046875 0.7102272734375
1 0.7470703125 0.7102272734375 0.7529296875 0.7059997296875 0.75390625 0.6996584140625 0.751953125 0.6616105250000001 0.7509765625 0.659496753125 0.7392578125 0.659496753125 0.73828125 0.6616105250000001 0.73828125 0.7038859578125 0.7412109375 0.7102272734375 0.7470703125 0.7102272734375
1 0.7548828125 0.7059997296875 0.7744140625 0.7059997296875 0.775390625 0.7038859578125 0.775390625 0.6785206984375 0.7734375 0.6616105250000001 0.7705078125 0.655269209375 0.7548828125 0.655269209375 0.751953125 0.6616105250000001 0.751953125 0.6869757843750001 0.75390625 0.7038859578125 0.7548828125 0.7059997296875
1 0.8095703125 0.7102272734375 0.810546875 0.7081135015625 0.810546875 0.6658380687500001 0.8076171875 0.659496753125 0.7802734375 0.659496753125 0.77734375 0.6658380687500001 0.77734375 0.7081135015625 0.7783203125 0.7102272734375 0.8095703125 0.7102272734375
1 0.8154296875 0.7102272734375 0.8291015625 0.7102272734375 0.830078125 0.7081135015625 0.830078125 0.6658380687500001 0.8193359375 0.659496753125 0.8115234375 0.659496753125 0.810546875 0.6616105250000001 0.810546875 0.6912033281250001 0.8125 0.7038859578125 0.8154296875 0.7102272734375
1 0.8349609375 0.7102272734375 0.8466796875 0.7102272734375 0.84765625 0.7081135015625 0.84765625 0.6742931546875 0.845703125 0.6658380687500001 0.8447265625 0.663724296875 0.8310546875 0.663724296875 0.830078125 0.6658380687500001 0.830078125 0.6912033281250001 0.83203125 0.7038859578125 0.8349609375 0.7102272734375
0 0.2353515625 0.8708739171875 0.2626953125 0.8708739171875 0.26953125 0.864532603125 0.26953125 0.4333231875 0.267578125 0.1543053296875 0.2529296875 0.143736471875 0.2373046875 0.139508928125 0.2314453125 0.143736471875 0.2265625 0.1543053296875 0.224609375 0.1923532203125 0.224609375 0.40373038437500003 0.234375 0.8687601468749999 0.2353515625 0.8708739171875
0 0.2880859375 0.8751014609375 0.291015625 0.8687601468749999 0.291015625 0.4417782734375 0.2890625 0.23040110937499997 0.2861328125 0.21983225156250003 0.2705078125 0.2156047078125 0.267578125 0.2219460234375 0.26953125 0.864532603125 0.2724609375 0.8751014609375 0.2880859375 0.8751014609375
0 0.2978515625 0.883556546875 0.3037109375 0.883556546875 0.3115234375 0.8793290046875001 0.314453125 0.8729876890625 0.31640625 0.750388934375 0.31640625 0.1796705890625 0.3115234375 0.16910173125 0.3037109375 0.1648741890625 0.2958984375 0.1648741890625 0.2880859375 0.173329275 0.28515625 0.1796705890625 0.28125 0.1965807625 0.28125 0.20503585000000002 0.291015625 0.8772152328124999 0.2978515625 0.883556546875
0 0.3447265625 0.8793290046875001 0.349609375 0.8687601468749999 0.3515625 0.166987959375 0.3447265625 0.1521915578125 0.3232421875 0.143736471875 0.3173828125 0.147964015625 0.3125 0.1585328734375 0.31640625 0.8729876890625 0.3193359375 0.8793290046875001 0.3447265625 0.8793290046875001
0 0.3720703125 0.8793290046875001 0.376953125 0.864532603125 0.37890625 0.20080830624999998 0.376953125 0.1881256765625 0.3720703125 0.17755681875 0.3564453125 0.173329275 0.353515625 0.1796705890625 0.3515625 0.1965807625 0.3515625 0.8729876890625 0.3544921875 0.8793290046875001 0.3720703125 0.8793290046875001
0 0.400390625 0.8729876890625 0.40234375 0.2684489984375 0.3974609375 0.25365259687499997 0.3837890625 0.2494250546875 0.37890625 0.25576636875 0.376953125 0.8729876890625 0.3798828125 0.8793290046875001 0.3974609375 0.8793290046875001 0.400390625 0.8729876890625
0 0.4599609375 0.8793290046875001 0.462890625 0.8729876890625 0.46484375 0.746161390625 0.466796875 0.23040110937499997 0.4638671875 0.21983225156250003 0.4013671875 0.198694534375 0.3828125 0.2388561953125 0.400390625 0.8729876890625 0.4033203125 0.8793290046875001 0.4599609375 0.8793290046875001
0 0.509765625 0.8729876890625 0.5146484375 0.8793290046875001 0.5419921875 0.8751014609375 0.544921875 0.8687601468749999 0.544921875 0.7672991078125 0.541015625 0.3234070609375 0.5380859375 0.3043831171875 0.5185546875 0.2959280296875 0.5087890625 0.2959280296875 0.5048828125 0.3001555734375 0.501953125 0.3064968890625 0.501953125 0.31072443125000004 0.5078125 0.8264847124999999 0.509765625 0.8729876890625
0 0.5068359375 0.8793290046875001 0.5078125 0.8772152328124999 0.5078125 0.8053469968750001 0.50390625 0.31917951875 0.4970703125 0.3086106609375 0.4853515625 0.3043831171875 0.4677734375 0.3043831171875 0.466796875 0.3064968890625 0.46484375 0.6447003515625 0.46484375 0.8729876890625 0.4677734375 0.8793290046875001 0.5068359375 0.8793290046875001
0 0.546875 0.8729876890625 0.5478515625 0.8751014609375 0.5615234375 0.8751014609375 0.5625 0.8729876890625 0.564453125 0.7842092796875 0.55859375 0.314951975 0.5556640625 0.3043831171875 0.5439453125 0.3001555734375 0.541015625 0.3064968890625 0.541015625 0.4164130140625 0.544921875 0.8053469968750001 0.546875 0.8729876890625
0 0.5849609375 0.8793290046875001 0.587890625 0.8729876890625 0.587890625 0.71234104375 0.583984375 0.4248681 0.580078125 0.2684489984375 0.5751953125 0.25788014062500003 0.5595703125 0.25788014062500003 0.5361328125 0.28747294375 0.53125 0.29804180156250004 0.564453125 0.8729876890625 0.5693359375 0.8793290046875001 0.5849609375 0.8793290046875001
0 0.58984375 0.8729876890625 0.5908203125 0.8751014609375 0.6083984375 0.8751014609375 0.611328125 0.8687601468749999 0.611328125 0.8138020828125001 0.60546875 0.3360896921875 0.6025390625 0.321293290625 0.5849609375 0.317065746875 0.58203125 0.3234070609375 0.58203125 0.378365125 0.587890625 0.8264847124999999 0.58984375 0.8729876890625
0 0.6142578125 0.8751014609375 0.6279296875 0.8751014609375 0.630859375 0.8518499734375 0.630859375 0.7377063046875 0.623046875 0.2684489984375 0.6201171875 0.262107684375 0.6142578125 0.25788014062500003 0.6044921875 0.25788014062500003 0.5849609375 0.2790178578125 0.580078125 0.289586715625 0.580078125 0.3022693453125 0.611328125 0.864532603125 0.6142578125 0.8751014609375
0 0.6357421875 0.8751014609375 0.6416015625 0.8751014609375 0.6484375 0.8687601468749999 0.6484375 0.7968919109375 0.640625 0.281131628125 0.638671875 0.27267654218750004 0.6337890625 0.26633522656249997 0.6240234375 0.26633522656249997 0.623046875 0.2684489984375 0.623046875 0.314951975 0.630859375 0.8687601468749999 0.6357421875 0.8751014609375
0 0.6494140625 0.8708739171875 0.6572265625 0.8708739171875 0.662109375 0.860305059375 0.662109375 0.746161390625 0.658203125 0.5601494859375 0.65234375 0.3572274078125 0.6474609375 0.35088609375 0.6435546875 0.35088609375 0.640625 0.3572274078125 0.640625 0.4248681 0.646484375 0.8518499734375 0.6494140625 0.8708739171875
0 0.6640625 0.8687601468749999 0.6650390625 0.8708739171875 0.6904296875 0.8708739171875 0.6953125 0.864532603125 0.6953125 0.8264847124999999 0.68359375 0.395275296875 0.6806640625 0.38893398281249997 0.6748046875 0.3847064390625 0.6630859375 0.380478896875 0.6552734375 0.380478896875 0.654296875 0.3825926671875 0.654296875 0.4671435328125 0.662109375 0.8264847124999999 0.6640625 0.8687601468749999
0 0.6982421875 0.866646375 0.7041015625 0.8708739171875 0.7255859375 0.866646375 0.728515625 0.860305059375 0.728515625 0.8433948859375 0.716796875 0.4248681 0.71484375 0.3699100375 0.7109375 0.3318621484375 0.7080078125 0.3255208328125 0.6962890625 0.321293290625 0.6826171875 0.321293290625 0.6572265625 0.3382034625 0.65234375 0.34877232187499996 0.65234375 0.3529998640625 0.6953125 0.860305059375 0.6982421875 0.866646375
0 0.7294921875 0.866646375 0.7412109375 0.866646375 0.7421875 0.864532603125 0.7421875 0.7884368234375 0.728515625 0.3572274078125 0.7216796875 0.34665855 0.7158203125 0.34665855 0.712890625 0.3529998640625 0.712890625 0.37413758124999996 0.7265625 0.860305059375 0.7294921875 0.866646375
0 0.7470703125 0.866646375 0.7490234375 0.866646375 0.7578125 0.860305059375 0.7578125 0.8264847124999999 0.740234375 0.3022693453125 0.7353515625 0.28747294375 0.7177734375 0.28747294375 0.7060546875 0.2959280296875 0.6943359375 0.3086106609375 0.69140625 0.314951975 0.7421875 0.8433948859375 0.744140625 0.860305059375 0.7470703125 0.866646375
0 0.7578125 0.8560775156249999 0.7607421875 0.86241883125 0.7646484375 0.86241883125 0.7783203125 0.8581912875000001 0.78125 0.8518499734375 0.76953125 0.31917951875 0.7646484375 0.3086106609375 0.7490234375 0.3001555734375 0.7431640625 0.3001555734375 0.740234375 0.3064968890625 0.740234375 0.36145495156249996 0.755859375 0.8349398000000001 0.7578125 0.8560775156249999
0 0.78125 0.8518499734375 0.7841796875 0.8581912875000001 0.8115234375 0.8581912875000001 0.81640625 0.8476224296874999 0.81640625 0.8222571703125 0.798828125 0.344544778125 0.7939453125 0.3382034625 0.7841796875 0.3339759203125 0.7705078125 0.3339759203125 0.765625 0.344544778125 0.765625 0.41218547031249997 0.77734375 0.7672991078125 0.78125 0.8518499734375
0 0.8193359375 0.8539637453125 0.8349609375 0.8539637453125 0.837890625 0.8476224296874999 0.837890625 0.8138020828125001 0.8203125 0.3572274078125 0.81640625 0.31072443125000004 0.8115234375 0.3043831171875 0.7958984375 0.3043831171875 0.7744140625 0.321293290625 0.7734375 0.3234070609375 0.7734375 0.3318621484375 0.81640625 0.8476224296874999 0.8193359375 0.8539637453125
0 0.837890625 0.8349398000000001 0.8408203125 0.8497362015625001 0.8525390625 0.8497362015625001 0.853515625 0.8476224296874999 0.853515625 0.8138020828125001 0.8359375 0.3572274078125 0.8330078125 0.34665855 0.8212890625 0.34665855 0.8203125 0.34877232187499996 0.8203125 0.38682021093749996 0.82421875 0.517874053125 0.837890625 0.8349398000000001