1 0.2138671875 0.739820075 0.216796875 0.72079613125 0.216796875 0.6996584140625 0.2138671875 0.6933171 0.2001953125 0.6933171 0.197265625 0.6996584140625 0.197265625 0.7377063046875 0.1982421875 0.739820075 0.2138671875 0.739820075
1 0.2431640625 0.7355925328125 0.244140625 0.7334787609375 0.244140625 0.695430871875 0.2431640625 0.6933171 0.2197265625 0.6933171 0.216796875 0.6996584140625 0.216796875 0.7377063046875 0.2177734375 0.739820075 0.2431640625 0.7355925328125
1 0.2783203125 0.7313649890625 0.279296875 0.7292512171875 0.28125 0.6912033281250001 0.2783203125 0.6848620125 0.2724609375 0.6848620125 0.26171875 0.6912033281250001 0.259765625 0.7038859578125 0.259765625 0.7292512171875 0.2607421875 0.7313649890625 0.2783203125 0.7313649890625
1 0.2587890625 0.7313649890625 0.26171875 0.725023675 0.26171875 0.6912033281250001 0.2607421875 0.68908955625 0.2490234375 0.68908955625 0.24609375 0.695430871875 0.24609375 0.7292512171875 0.2470703125 0.7313649890625 0.2587890625 0.7313649890625
1 0.3037109375 0.7355925328125 0.3046875 0.7334787609375 0.306640625 0.72079613125 0.306640625 0.6912033281250001 0.3056640625 0.68908955625 0.2822265625 0.68908955625 0.279296875 0.695430871875 0.279296875 0.7292512171875 0.2822265625 0.7355925328125 0.3037109375 0.7355925328125
1 0.3232421875 0.7313649890625 0.326171875 0.725023675 0.326171875 0.6869757843750001 0.3251953125 0.6848620125 0.3076171875 0.6848620125 0.306640625 0.6869757843750001 0.306640625 0.7292512171875 0.3076171875 0.7313649890625 0.3232421875 0.7313649890625
1 0.3583984375 0.7229099031249999 0.361328125 0.7165685875000001 0.361328125 0.6785206984375 0.3583984375 0.6721793828125 0.3349609375 0.6721793828125 0.333984375 0.6742931546875 0.333984375 0.72079613125 0.3349609375 0.7229099031249999 0.3583984375 0.7229099031249999
1 0.3291015625 0.739820075 0.333984375 0.725023675 0.333984375 0.695430871875 0.3330078125 0.6933171 0.3271484375 0.6933171 0.32421875 0.6996584140625 0.32421875 0.72079613125 0.326171875 0.7377063046875 0.3291015625 0.739820075
1 0.3837890625 0.7271374453125 0.384765625 0.725023675 0.384765625 0.6785206984375 0.3837890625 0.6764069265625 0.3623046875 0.6764069265625 0.361328125 0.6785206984375 0.361328125 0.725023675 0.3623046875 0.7271374453125 0.3837890625 0.7271374453125
1 0.3974609375 0.7271374453125 0.3984375 0.725023675 0.3984375 0.6785206984375 0.3974609375 0.6764069265625 0.3896484375 0.6764069265625 0.3857421875 0.6806344703125 0.384765625 0.682748240625 0.384765625 0.725023675 0.3857421875 0.7271374453125 0.3974609375 0.7271374453125
1 0.4111328125 0.7229099031249999 0.4140625 0.7165685875000001 0.4140625 0.6742931546875 0.4130859375 0.6721793828125 0.4033203125 0.6721793828125 0.3994140625 0.6764069265625 0.3984375 0.6785206984375 0.3984375 0.72079613125 0.3994140625 0.7229099031249999 0.4111328125 0.7229099031249999
1 0.4560546875 0.7355925328125 0.45703125 0.7334787609375 0.45703125 0.6869757843750001 0.4560546875 0.6848620125 0.4150390625 0.6848620125 0.4140625 0.6869757843750001 0.4140625 0.7334787609375 0.4150390625 0.7355925328125 0.4560546875 0.7355925328125
1 0.5087890625 0.7313649890625 0.509765625 0.7292512171875 0.509765625 0.682748240625 0.5068359375 0.6764069265625 0.4755859375 0.6764069265625 0.4619140625 0.6806344703125 0.4609375 0.682748240625 0.4609375 0.7292512171875 0.4619140625 0.7313649890625 0.5087890625 0.7313649890625
1 0.5341796875 0.718682359375 0.5537109375 0.714454815625 0.5546875 0.71234104375 0.5546875 0.6658380687500001 0.5517578125 0.659496753125 0.5244140625 0.659496753125 0.5146484375 0.663724296875 0.51171875 0.6700656109375001 0.513671875 0.7165685875000001 0.5146484375 0.718682359375 0.5341796875 0.718682359375
1 0.5791015625 0.718682359375 0.5986328125 0.714454815625 0.599609375 0.71234104375 0.599609375 0.6742931546875 0.5966796875 0.659496753125 0.5927734375 0.655269209375 0.5576171875 0.659496753125 0.5546875 0.6658380687500001 0.5546875 0.71234104375 0.5576171875 0.718682359375 0.5791015625 0.718682359375
1 0.6240234375 0.7102272734375 0.6552734375 0.7059997296875 0.658203125 0.6996584140625 0.658203125 0.6489278953125 0.6552734375 0.6425865796875 0.6416015625 0.6425865796875 0.6044921875 0.6510416671875 0.603515625 0.6531554390625 0.603515625 0.7081135015625 0.6044921875 0.7102272734375 0.6240234375 0.7102272734375
1 0.6865234375 0.7059997296875 0.7021484375 0.7059997296875 0.7353515625 0.7017721859375 0.736328125 0.6996584140625 0.736328125 0.6658380687500001 0.734375 0.6404728078125 0.7314453125 0.63413149375 0.6962890625 0.6383590375 0.6845703125 0.6425865796875 0.681640625 0.6489278953125 0.681640625 0.6531554390625 0.68359375 0.6996584140625 0.6865234375 0.7059997296875
1 0.7392578125 0.7017721859375 0.7763671875 0.6975446421875 0.779296875 0.6912033281250001 0.77734375 0.6320177218749999 0.7763671875 0.62990395 0.7451171875 0.62990395 0.7353515625 0.63413149375 0.734375 0.6362452656250001 0.734375 0.6573829812499999 0.736328125 0.695430871875 0.7392578125 0.7017721859375
1 0.7822265625 0.6975446421875 0.8212890625 0.6933171 0.822265625 0.6912033281250001 0.822265625 0.6531554390625 0.8193359375 0.62567640625 0.7880859375 0.62567640625 0.7783203125 0.62990395 0.77734375 0.6320177218749999 0.77734375 0.6658380687500001 0.779296875 0.6912033281250001 0.7822265625 0.6975446421875
1 0.8505859375 0.68908955625 0.8642578125 0.6848620125 0.865234375 0.682748240625 0.86328125 0.6235626359374999 0.8603515625 0.6172213203125 0.8369140625 0.6172213203125 0.8232421875 0.6214488640625 0.822265625 0.6235626359374999 0.822265625 0.6742931546875 0.8251953125 0.68908955625 0.8505859375 0.68908955625
0 0.8359375 0.8983529484374999 0.83984375 0.9194906656249999 0.8427734375 0.92583198125 0.8779296875 0.92583198125 0.880859375 0.915263121875 0.849609375 0.1627604171875 0.845703125 0.1416227 0.8408203125 0.1310538421875 0.8330078125 0.1310538421875 0.7998046875 0.147964015625 0.798828125 0.1500777875 0.798828125 0.20503585000000002 0.822265625 0.6742931546875 0.8359375 0.8983529484374999
0 0.787109375 0.915263121875 0.7939453125 0.92583198125 0.8349609375 0.9216044374999999 0.837890625 0.915263121875 0.837890625 0.9068080359374999 0.80078125 0.166987959375 0.798828125 0.1543053296875 0.7958984375 0.147964015625 0.7900390625 0.143736471875 0.7626953125 0.1521915578125 0.755859375 0.1585328734375 0.75390625 0.166987959375 0.75390625 0.1838981328125 0.7578125 0.281131628125 0.787109375 0.915263121875
0 0.744140625 0.9068080359374999 0.7470703125 0.91737689375 0.7861328125 0.91737689375 0.787109375 0.915263121875 0.787109375 0.8814427765625 0.78125 0.725023675 0.76171875 0.29804180156250004 0.759765625 0.281131628125 0.7568359375 0.2747903140625 0.7431640625 0.2747903140625 0.7255859375 0.2832454 0.72265625 0.289586715625 0.724609375 0.3910477546875 0.734375 0.6700656109375001 0.744140625 0.9068080359374999
0 0.69140625 0.9025804921875 0.6962890625 0.91314935 0.7041015625 0.91737689375 0.7392578125 0.91737689375 0.744140625 0.9110355796875 0.755859375 0.2684489984375 0.755859375 0.2219460234375 0.75390625 0.1838981328125 0.7158203125 0.1056885828125 0.7021484375 0.1056885828125 0.6708984375 0.12259875468749999 0.6669921875 0.12682629843749998 0.666015625 0.12894007031250002 0.666015625 0.1796705890625 0.677734375 0.5643770296875 0.69140625 0.9025804921875
0 0.60546875 0.9025804921875 0.6064453125 0.9046942640625 0.6201171875 0.9089218078125001 0.6455078125 0.91314935 0.6826171875 0.91314935 0.689453125 0.9025804921875 0.6875 0.7884368234375 0.6640625 0.13739515625 0.6611328125 0.1310538421875 0.6435546875 0.1310538421875 0.6025390625 0.1606466453125 0.5908203125 0.173329275 0.587890625 0.1796705890625 0.5859375 0.20080830624999998 0.6015625 0.8180296265625 0.603515625 0.8772152328124999 0.60546875 0.9025804921875
0 0.55859375 0.89412540625 0.5615234375 0.9004667203125001 0.5888671875 0.9046942640625 0.5986328125 0.9004667203125001 0.6015625 0.89412540625 0.6015625 0.7884368234375 0.599609375 0.6785206984375 0.5859375 0.20503585000000002 0.5830078125 0.198694534375 0.5732421875 0.198694534375 0.5615234375 0.202922078125 0.5498046875 0.2113771640625 0.546875 0.21771847968750002 0.546875 0.251538825 0.556640625 0.864532603125 0.55859375 0.89412540625
0 0.5205078125 0.9004667203125001 0.5537109375 0.9004667203125001 0.556640625 0.89412540625 0.556640625 0.83071225625 0.546875 0.226173565625 0.5439453125 0.2113771640625 0.5361328125 0.2113771640625 0.5166015625 0.21983225156250003 0.5126953125 0.22405979375 0.509765625 0.23040110937499997 0.509765625 0.39950284062499997 0.513671875 0.8898978625 0.5205078125 0.9004667203125001
0 0.4697265625 0.896239178125 0.5087890625 0.896239178125 0.513671875 0.8814427765625 0.513671875 0.8560775156249999 0.509765625 0.378365125 0.5078125 0.2769040859375 0.5029296875 0.2705627703125 0.4638671875 0.28747294375 0.4609375 0.293814259375 0.4609375 0.8856703187500001 0.4638671875 0.892011634375 0.4697265625 0.896239178125
0 0.4501953125 0.896239178125 0.4580078125 0.892011634375 0.4609375 0.8856703187500001 0.458984375 0.29804180156250004 0.4580078125 0.2959280296875 0.4423828125 0.2959280296875 0.4228515625 0.3043831171875 0.4169921875 0.3086106609375 0.4140625 0.314951975 0.412109375 0.8814427765625 0.4150390625 0.892011634375 0.4267578125 0.896239178125 0.4501953125 0.896239178125
0 0.4111328125 0.8877840906250001 0.4140625 0.8772152328124999 0.4140625 0.340317234375 0.4130859375 0.3382034625 0.4033203125 0.3382034625 0.400390625 0.344544778125 0.3984375 0.5094189671875 0.3984375 0.8814427765625 0.4013671875 0.8877840906250001 0.4111328125 0.8877840906250001
0 0.3955078125 0.8877840906250001 0.3984375 0.8814427765625 0.404296875 0.3360896921875 0.3994140625 0.3297483765625 0.3974609375 0.3297483765625 0.3896484375 0.3339759203125 0.38671875 0.340317234375 0.384765625 0.5432393125 0.384765625 0.8814427765625 0.3896484375 0.8877840906250001 0.3955078125 0.8877840906250001
0 0.384765625 0.8772152328124999 0.38671875 0.3699100375 0.38671875 0.3360896921875 0.3857421875 0.3339759203125 0.3681640625 0.3339759203125 0.365234375 0.340317234375 0.36328125 0.38682021093749996 0.361328125 0.5770596593749999 0.359375 0.8814427765625 0.3603515625 0.883556546875 0.3818359375 0.883556546875 0.384765625 0.8772152328124999
0 0.359375 0.8772152328124999 0.361328125 0.77152665 0.36328125 0.54746685625 0.36328125 0.3910477546875 0.3603515625 0.3847064390625 0.3447265625 0.3847064390625 0.3369140625 0.38893398281249997 0.333984375 0.395275296875 0.330078125 0.8772152328124999 0.3388671875 0.883556546875 0.3564453125 0.883556546875 0.359375 0.8772152328124999
0 0.32421875 0.8729876890625 0.337890625 0.38682021093749996 0.3369140625 0.3847064390625 0.3271484375 0.3847064390625 0.3134765625 0.38893398281249997 0.30859375 0.39950284062499997 0.306640625 0.42909564375000003 0.302734375 0.8729876890625 0.3056640625 0.8793290046875001 0.3212890625 0.8793290046875001 0.32421875 0.8729876890625
0 0.2998046875 0.8751014609375 0.302734375 0.8687601468749999 0.3046875 0.8560775156249999 0.359375 0.3699100375 0.3564453125 0.3635687234375 0.3505859375 0.3593411796875 0.3212890625 0.34243100625 0.3095703125 0.3382034625 0.2998046875 0.3382034625 0.2900390625 0.34665855 0.28515625 0.36145495156249996 0.283203125 0.4713710765625 0.279296875 0.7842092796875 0.279296875 0.8729876890625 0.2802734375 0.8751014609375 0.2998046875 0.8751014609375
0 0.279296875 0.8687601468749999 0.283203125 0.6235626359374999 0.28515625 0.4798261640625 0.2822265625 0.46925730468750004 0.2666015625 0.4734848484375 0.263671875 0.4798261640625 0.26171875 0.5601494859375 0.2578125 0.8687601468749999 0.2607421875 0.8751014609375 0.2763671875 0.8751014609375 0.279296875 0.8687601468749999
0 0.2548828125 0.8751014609375 0.259765625 0.860305059375 0.283203125 0.4671435328125 0.28515625 0.378365125 0.2802734375 0.372023809375 0.2685546875 0.367796265625 0.2548828125 0.367796265625 0.251953125 0.37413758124999996 0.248046875 0.5051914234375 0.24609375 0.6489278953125 0.244140625 0.8433948859375 0.24609375 0.8687601468749999 0.2490234375 0.8751014609375 0.2548828125 0.8751014609375
0 0.244140625 0.8687601468749999 0.251953125 0.3699100375 0.251953125 0.36145495156249996 0.2451171875 0.3551136359375 0.2412109375 0.3551136359375 0.2314453125 0.3635687234375 0.224609375 0.37413758124999996 0.216796875 0.682748240625 0.21484375 0.864532603125 0.2177734375 0.8708739171875 0.2431640625 0.8708739171875 0.244140625 0.8687601468749999
0 0.2080078125 0.8708739171875 0.212890625 0.864532603125 0.21484375 0.8180296265625 0.220703125 0.5601494859375 0.22265625 0.3825926671875 0.2177734375 0.376251353125 0.203125 0.38682021093749996 0.19921875 0.517874053125 0.193359375 0.8138020828125001 0.193359375 0.864532603125 0.1962890625 0.8708739171875 0.2080078125 0.8708739171875