1 0.0380859375 0.5960836031250001 0.0556640625 0.5918560609375 0.056640625 0.5897422890625 0.056640625 0.5305566828125 0.0556640625 0.5284429109375 0.0263671875 0.5284429109375 0.0234375 0.5347842265625 0.0234375 0.5897422890625 0.0263671875 0.5960836031250001 0.0380859375 0.5960836031250001
1 0.1376953125 0.5834009734375 0.150390625 0.5770596593749999 0.150390625 0.5263291390625 0.1474609375 0.5199878250000001 0.1279296875 0.5199878250000001 0.1025390625 0.5242153671875001 0.099609375 0.5305566828125 0.099609375 0.581287203125 0.1025390625 0.5876285171875 0.1376953125 0.5834009734375
1 0.0927734375 0.5876285171875 0.095703125 0.581287203125 0.095703125 0.5305566828125 0.0927734375 0.5242153671875001 0.0615234375 0.5242153671875001 0.056640625 0.5347842265625 0.05859375 0.5897422890625 0.0595703125 0.5918560609375 0.0927734375 0.5876285171875
1 0.1845703125 0.57917343125 0.1982421875 0.5749458875 0.201171875 0.568604571875 0.201171875 0.517874053125 0.2001953125 0.5157602812500001 0.1650390625 0.5157602812500001 0.1513671875 0.5199878250000001 0.150390625 0.522101596875 0.150390625 0.5770596593749999 0.1513671875 0.57917343125 0.1845703125 0.57917343125
1 0.2333984375 0.5707183437500001 0.236328125 0.5643770296875 0.236328125 0.5094189671875 0.2353515625 0.5073051953125 0.2041015625 0.5073051953125 0.203125 0.5094189671875 0.201171875 0.5347842265625 0.201171875 0.568604571875 0.2021484375 0.5707183437500001 0.2333984375 0.5707183437500001
1 0.283203125 0.5601494859375 0.28515625 0.5094189671875 0.2822265625 0.5030776515625 0.2744140625 0.4988501078125 0.2412109375 0.4988501078125 0.23828125 0.5051914234375 0.236328125 0.5559219421875 0.2392578125 0.5622632578125 0.2802734375 0.5664908015625 0.283203125 0.5601494859375
1 0.3408203125 0.5580357140625 0.34375 0.5516943999999999 0.345703125 0.5263291390625 0.345703125 0.5009638796875 0.3427734375 0.494622565625 0.3193359375 0.49039502187500006 0.2919921875 0.49039502187500006 0.291015625 0.49250879375 0.2890625 0.513646509375 0.2890625 0.54746685625 0.2919921875 0.5538081703125 0.3408203125 0.5580357140625
1 0.3564453125 0.5538081703125 0.3876953125 0.5538081703125 0.388671875 0.5516943999999999 0.390625 0.53901176875 0.392578125 0.5051914234375 0.392578125 0.5009638796875 0.3896484375 0.494622565625 0.3525390625 0.49039502187500006 0.349609375 0.4967363359375 0.34765625 0.5305566828125 0.34765625 0.54746685625 0.3486328125 0.549580628125 0.3564453125 0.5538081703125
1 0.4306640625 0.5580357140625 0.4423828125 0.5580357140625 0.443359375 0.5559219421875 0.447265625 0.513646509375 0.447265625 0.5009638796875 0.4462890625 0.4988501078125 0.4423828125 0.494622565625 0.4111328125 0.48616747812499994 0.3955078125 0.48616747812499994 0.39453125 0.48828125 0.392578125 0.5051914234375 0.392578125 0.54746685625 0.3935546875 0.549580628125 0.4306640625 0.5580357140625
1 0.4716796875 0.549580628125 0.4755859375 0.549580628125 0.4765625 0.54746685625 0.478515625 0.53901176875 0.48046875 0.513646509375 0.48046875 0.48828125 0.4794921875 0.48616747812499994 0.4521484375 0.4777123921875 0.44921875 0.48405370625 0.447265625 0.4967363359375 0.4453125 0.5305566828125 0.4453125 0.53901176875 0.4462890625 0.541125540625 0.4716796875 0.549580628125
1 0.5166015625 0.5453530843750001 0.5205078125 0.5453530843750001 0.5234375 0.53901176875 0.52734375 0.5051914234375 0.52734375 0.48828125 0.5244140625 0.481939934375 0.4873046875 0.46925730468750004 0.482421875 0.48405370625 0.48046875 0.5094189671875 0.48046875 0.5305566828125 0.4814453125 0.5326704546875 0.5166015625 0.5453530843750001
1 0.5419921875 0.5453530843750001 0.5517578125 0.5453530843750001 0.556640625 0.5051914234375 0.556640625 0.48828125 0.5517578125 0.481939934375 0.5419921875 0.4777123921875 0.5322265625 0.4777123921875 0.529296875 0.48405370625 0.52734375 0.5094189671875 0.52734375 0.5347842265625 0.5322265625 0.541125540625 0.5419921875 0.5453530843750001
1 0.6015625 0.5305566828125 0.60546875 0.48828125 0.6025390625 0.481939934375 0.5634765625 0.46502976250000005 0.560546875 0.4713710765625 0.556640625 0.4967363359375 0.5546875 0.522101596875 0.5576171875 0.5284429109375 0.5986328125 0.5453530843750001 0.6015625 0.5305566828125
1 0.6259765625 0.5368979984375 0.6337890625 0.5368979984375 0.634765625 0.5347842265625 0.638671875 0.5051914234375 0.638671875 0.4798261640625 0.6376953125 0.4777123921875 0.6240234375 0.46925730468750004 0.6103515625 0.46502976250000005 0.607421875 0.4713710765625 0.60546875 0.48405370625 0.603515625 0.5051914234375 0.603515625 0.5263291390625 0.6044921875 0.5284429109375 0.6259765625 0.5368979984375
1 0.6728515625 0.5326704546875 0.67578125 0.5263291390625 0.6796875 0.48405370625 0.6796875 0.4713710765625 0.6787109375 0.46925730468750004 0.6474609375 0.456574675 0.642578125 0.4713710765625 0.638671875 0.513646509375 0.6416015625 0.5199878250000001 0.6669921875 0.5326704546875 0.6728515625 0.5326704546875
1 0.703125 0.522101596875 0.70703125 0.47559862031250005 0.7041015625 0.46925730468750004 0.6845703125 0.46080221874999994 0.6796875 0.47559862031250005 0.67578125 0.517874053125 0.6787109375 0.5242153671875001 0.7001953125 0.5326704546875 0.703125 0.522101596875
1 0.75 0.517874053125 0.751953125 0.5094189671875 0.75390625 0.48405370625 0.75390625 0.462915990625 0.7529296875 0.46080221874999994 0.7490234375 0.456574675 0.7255859375 0.4481195890625 0.7158203125 0.4481195890625 0.712890625 0.458688446875 0.7109375 0.5051914234375 0.7138671875 0.5115327375 0.7470703125 0.5242153671875001 0.75 0.517874053125
1 0.8115234375 0.5157602812500001 0.8125 0.513646509375 0.81640625 0.462915990625 0.81640625 0.45446090312500004 0.8154296875 0.4523471328125 0.7958984375 0.44389204531250004 0.7666015625 0.43543695937500004 0.7587890625 0.43543695937500004 0.755859375 0.458688446875 0.75390625 0.49250879375 0.7568359375 0.4988501078125 0.8056640625 0.5157602812500001 0.8115234375 0.5157602812500001
1 0.8486328125 0.5030776515625 0.8515625 0.5009638796875 0.853515625 0.48828125 0.85546875 0.45023336093750005 0.85546875 0.4460058171875 0.8525390625 0.43966450156250003 0.8466796875 0.43543695937500004 0.8310546875 0.431209415625 0.8232421875 0.431209415625 0.818359375 0.43755073125 0.81640625 0.462915990625 0.81640625 0.49250879375 0.8173828125 0.494622565625 0.8486328125 0.5030776515625
1 0.8955078125 0.494622565625 0.896484375 0.49250879375 0.8984375 0.48405370625 0.8984375 0.43755073125 0.8955078125 0.431209415625 0.8740234375 0.431209415625 0.8681640625 0.43543695937500004 0.865234375 0.4417782734375 0.865234375 0.49250879375 0.8662109375 0.494622565625 0.8955078125 0.494622565625
1 0.8994140625 0.494622565625 0.9169921875 0.494622565625 0.919921875 0.48828125 0.919921875 0.43755073125 0.9169921875 0.431209415625 0.8994140625 0.431209415625 0.8984375 0.4333231875 0.896484375 0.4671435328125 0.896484375 0.48405370625 0.8984375 0.49250879375 0.8994140625 0.494622565625
1 0.9736328125 0.48616747812499994 0.974609375 0.48405370625 0.97265625 0.42909564375000003 0.9697265625 0.4227543296875 0.9345703125 0.4227543296875 0.9208984375 0.426981871875 0.919921875 0.42909564375000003 0.919921875 0.4798261640625 0.9228515625 0.48616747812499994 0.9736328125 0.48616747812499994
1 1 0.4206405578125 0.9990234375 0.41852678593750003 0.9833984375 0.41852678593750003 0.9755859375 0.4227543296875 0.974609375 0.4248681 0.974609375 0.4798261640625 0.9794921875 0.48616747812499994 0.9990234375 0.481939934375 1 0.4798261640625 1 0.4206405578125
0 0.02734375 0.7842092796875 0.0302734375 0.7905505953125 0.0361328125 0.7905505953125 0.0556640625 0.7863230515625 0.05859375 0.7799817375 0.05859375 0.6066524624999999 0.05078125 0.10357481093750001 0.048828125 0.061299378125000005 0.0478515625 0.05918560625 0.0224609375 0.05918560625 0.0185546875 0.06341315 0.017578125 0.0655269203125 0.017578125 0.1838981328125 0.025390625 0.7292512171875 0.02734375 0.7842092796875
0 0.0732421875 0.7863230515625 0.0908203125 0.782095509375 0.0966796875 0.7778679656249999 0.099609375 0.77152665 0.099609375 0.598197375 0.09765625 0.3825926671875 0.09375 0.12894007031250002 0.091796875 0.08243709375 0.0869140625 0.06764069218749999 0.0693359375 0.0549580625 0.0595703125 0.0549580625 0.0537109375 0.05918560625 0.05078125 0.0655269203125 0.048828125 0.07820955156250001 0.060546875 0.7799817375 0.0634765625 0.7863230515625 0.0732421875 0.7863230515625
0 0.1064453125 0.7778679656249999 0.1337890625 0.7778679656249999 0.1494140625 0.7736404218749999 0.15234375 0.7630715640625 0.15234375 0.7081135015625 0.1484375 0.171215503125 0.146484375 0.0697544640625 0.1435546875 0.06341315 0.1083984375 0.06341315 0.0966796875 0.06764069218749999 0.09375 0.0739820078125 0.09375 0.1416227 0.1015625 0.7630715640625 0.1064453125 0.7778679656249999
0 0.1533203125 0.7736404218749999 0.1806640625 0.7736404218749999 0.1943359375 0.769412878125 0.197265625 0.7588440203125 0.2109375 0.1585328734375 0.2109375 0.0739820078125 0.2021484375 0.05918560625 0.1884765625 0.0465029765625 0.1611328125 0.0465029765625 0.1494140625 0.050730518749999995 0.146484375 0.057071834375 0.146484375 0.1331676140625 0.15234375 0.77152665 0.1533203125 0.7736404218749999
0 0.23046875 0.7588440203125 0.234375 0.6573829812499999 0.25 0.0697544640625 0.25 0.057071834375 0.248046875 0.0486167484375 0.2431640625 0.0380478890625 0.2353515625 0.029592803125 0.2177734375 0.033820346875000004 0.212890625 0.0443892046875 0.2109375 0.08243709375 0.20703125 0.2388561953125 0.201171875 0.5263291390625 0.197265625 0.7630715640625 0.2021484375 0.769412878125 0.2236328125 0.769412878125 0.23046875 0.7588440203125
0 0.2744140625 0.7609577921875 0.27734375 0.7546164765625 0.279296875 0.7419338468750001 0.2890625 0.5094189671875 0.30078125 0.057071834375 0.298828125 0.0443892046875 0.2939453125 0.033820346875000004 0.2900390625 0.029592803125 0.2548828125 0.029592803125 0.251953125 0.035934117187499996 0.25 0.0655269203125 0.232421875 0.6447003515625 0.23046875 0.7546164765625 0.2333984375 0.7609577921875 0.2470703125 0.7651853359375 0.2744140625 0.7609577921875
0 0.2958984375 0.75250270625 0.3330078125 0.75250270625 0.337890625 0.7419338468750001 0.33984375 0.7038859578125 0.36328125 0.057071834375 0.36328125 0.0486167484375 0.361328125 0.040161660937499996 0.3564453125 0.033820346875000004 0.3076171875 0.033820346875000004 0.3046875 0.040161660937499996 0.2890625 0.4967363359375 0.283203125 0.6912033281250001 0.283203125 0.7419338468750001 0.2861328125 0.7482751624999999 0.2958984375 0.75250270625
0 0.3740234375 0.7482751624999999 0.37890625 0.7377063046875 0.380859375 0.72079613125 0.388671875 0.5897422890625 0.396484375 0.4417782734375 0.4140625 0.057071834375 0.4091796875 0.0422754328125 0.3974609375 0.033820346875000004 0.3740234375 0.033820346875000004 0.369140625 0.0486167484375 0.361328125 0.1881256765625 0.349609375 0.4460058171875 0.34375 0.6193350921875 0.341796875 0.7377063046875 0.3447265625 0.74404761875 0.3564453125 0.7482751624999999 0.3740234375 0.7482751624999999
0 0.4130859375 0.74404761875 0.4248046875 0.74404761875 0.4306640625 0.739820075 0.43359375 0.7292512171875 0.474609375 0.0655269203125 0.474609375 0.052844290625 0.47265625 0.0443892046875 0.4638671875 0.033820346875000004 0.4501953125 0.029592803125 0.4228515625 0.029592803125 0.41796875 0.040161660937499996 0.390625 0.5305566828125 0.3828125 0.695430871875 0.3828125 0.7334787609375 0.3896484375 0.739820075 0.4130859375 0.74404761875
0 0.4599609375 0.739820075 0.46484375 0.7292512171875 0.515625 0.0486167484375 0.515625 0.040161660937499996 0.5107421875 0.029592803125 0.5068359375 0.025365259374999997 0.4951171875 0.0211377171875 0.4814453125 0.0211377171875 0.478515625 0.02747903125 0.4765625 0.0443892046875 0.4375 0.6531554390625 0.435546875 0.6912033281250001 0.435546875 0.7334787609375 0.4423828125 0.739820075 0.4599609375 0.739820075
0 0.5029296875 0.7355925328125 0.5078125 0.7292512171875 0.525390625 0.5347842265625 0.56640625 0.040161660937499996 0.564453125 0.02747903125 0.5595703125 0.0211377171875 0.5361328125 0.016910173437500002 0.5224609375 0.0211377171875 0.517578125 0.0443892046875 0.501953125 0.2219460234375 0.46875 0.6658380687500001 0.466796875 0.72079613125 0.4697265625 0.7271374453125 0.4912109375 0.7355925328125 0.5029296875 0.7355925328125
0 0.5732421875 0 0.5703125 0.0105688578125 0.51953125 0.598197375 0.51171875 0.7038859578125 0.51171875 0.725023675 0.5146484375 0.7313649890625 0.5341796875 0.7313649890625 0.5390625 0.7081135015625 0.546875 0.6235626359374999 0.6015625 0.019023945312500002 0.6015625 0.002113771875 0.6005859375 0 0.5732421875 0
0 0.5576171875 0.7271374453125 0.5810546875 0.7271374453125 0.5859375 0.71234104375 0.642578125 0.0655269203125 0.642578125 0.0443892046875 0.6376953125 0.0380478890625 0.6044921875 0.029592803125 0.59765625 0.040161660937499996 0.583984375 0.1796705890625 0.5546875 0.5094189671875 0.5390625 0.6996584140625 0.5390625 0.71234104375 0.5458984375 0.7229099031249999 0.5576171875 0.7271374453125
0 0.5966796875 0.7229099031249999 0.6142578125 0.7229099031249999 0.6171875 0.7165685875000001 0.62109375 0.6996584140625 0.638671875 0.5094189671875 0.67578125 0.0739820078125 0.67578125 0.0486167484375 0.6689453125 0.0422754328125 0.6494140625 0.0422754328125 0.642578125 0.052844290625 0.5859375 0.6996584140625 0.5859375 0.7081135015625 0.5908203125 0.718682359375 0.5966796875 0.7229099031249999
0 0.6474609375 0.718682359375 0.6572265625 0.718682359375 0.66015625 0.71234104375 0.6640625 0.6785206984375 0.6796875 0.4967363359375 0.71484375 0.0655269203125 0.71484375 0.052844290625 0.7099609375 0.0422754328125 0.6806640625 0.0422754328125 0.677734375 0.052844290625 0.626953125 0.6531554390625 0.625 0.6785206984375 0.625 0.7038859578125 0.6279296875 0.7102272734375 0.6474609375 0.718682359375
0 0.6826171875 0.714454815625 0.6875 0.6996584140625 0.689453125 0.6785206984375 0.712890625 0.4164130140625 0.736328125 0.12471252656250001 0.73828125 0.07820955156250001 0.7314453125 0.06764069218749999 0.7158203125 0.06764069218749999 0.712890625 0.0739820078125 0.708984375 0.107802353125 0.6640625 0.6531554390625 0.662109375 0.6785206984375 0.662109375 0.7081135015625 0.6748046875 0.714454815625 0.6826171875 0.714454815625
0 0.7451171875 0 0.740234375 0.019023945312500002 0.703125 0.5347842265625 0.697265625 0.6616105250000001 0.697265625 0.6996584140625 0.7080078125 0.7102272734375 0.7353515625 0.7102272734375 0.73828125 0.7038859578125 0.7421875 0.6616105250000001 0.787109375 0.02747903125 0.787109375 0.002113771875 0.7861328125 0 0.7451171875 0
0 0.7939453125 0 0.7890625 0.0105688578125 0.78515625 0.0443892046875 0.77734375 0.14585024375 0.75390625 0.47559862031250005 0.7421875 0.682748240625 0.7451171875 0.68908955625 0.7548828125 0.6933171 0.7958984375 0.7017721859375 0.798828125 0.695430871875 0.80078125 0.6785206984375 0.828125 0.3064968890625 0.84765625 0.031706575 0.84765625 0.002113771875 0.8466796875 0 0.7939453125 0
0 0.8388671875 0.6933171 0.841796875 0.6869757843750001 0.84375 0.6785206984375 0.8515625 0.581287203125 0.873046875 0.171215503125 0.87890625 0.0486167484375 0.876953125 0.035934117187499996 0.8740234375 0.029592803125 0.8525390625 0.025365259374999997 0.84765625 0.035934117187499996 0.8359375 0.1796705890625 0.8046875 0.6151075484375 0.802734375 0.6785206984375 0.8056640625 0.68908955625 0.8115234375 0.6933171 0.8388671875 0.6933171
0 0.8916015625 0.6848620125 0.89453125 0.6785206984375 0.8984375 0.462915990625 0.900390625 0.24308373906249997 0.900390625 0.0486167484375 0.8994140625 0.0465029765625 0.8916015625 0.0465029765625 0.890625 0.0486167484375 0.869140625 0.3699100375 0.865234375 0.4417782734375 0.865234375 0.6785206984375 0.8701171875 0.6848620125 0.8916015625 0.6848620125
0 0.8876953125 0 0.87890625 0.019023945312500002 0.87890625 0.02747903125 0.89453125 0.6742931546875 0.8974609375 0.6806344703125 0.9150390625 0.6806344703125 0.921875 0.6742931546875 0.921875 0.5601494859375 0.916015625 0.006341315625000001 0.9130859375 0 0.8876953125 0
0 0.9189453125 0 0.91796875 0.002113771875 0.91796875 0.27267654218750004 0.919921875 0.4713710765625 0.923828125 0.6616105250000001 0.9287109375 0.6764069265625 0.9423828125 0.6806344703125 0.9638671875 0.6806344703125 0.9736328125 0.6764069265625 0.9765625 0.6700656109375001 0.9765625 0.5897422890625 0.96875 0.002113771875 0.9677734375 0 0.9189453125 0