1 0 0.7038859578125 0.0009765625 0.7059997296875 0.0107421875 0.7102272734375 0.0341796875 0.7102272734375 0.037109375 0.7038859578125 0.041015625 0.6531554390625 0.041015625 0.6404728078125 0.0400390625 0.6383590375 0.0009765625 0.6383590375 0 0.6404728078125 0 0.7038859578125
1 0.0537109375 0.7102272734375 0.0732421875 0.7102272734375 0.07421875 0.7081135015625 0.076171875 0.695430871875 0.078125 0.6616105250000001 0.078125 0.6404728078125 0.0771484375 0.6383590375 0.0458984375 0.63413149375 0.041015625 0.6447003515625 0.037109375 0.695430871875 0.037109375 0.7038859578125 0.0380859375 0.7059997296875 0.0537109375 0.7102272734375
1 0.1181640625 0.7102272734375 0.12109375 0.7081135015625 0.123046875 0.695430871875 0.125 0.6573829812499999 0.125 0.6404728078125 0.1220703125 0.63413149375 0.0830078125 0.63413149375 0.080078125 0.6404728078125 0.078125 0.6573829812499999 0.076171875 0.6912033281250001 0.076171875 0.7038859578125 0.0771484375 0.7059997296875 0.1181640625 0.7102272734375
1 0.1376953125 0.714454815625 0.1689453125 0.714454815625 0.169921875 0.71234104375 0.171875 0.6996584140625 0.173828125 0.6616105250000001 0.173828125 0.6447003515625 0.1728515625 0.6425865796875 0.1552734375 0.6383590375 0.1279296875 0.6383590375 0.125 0.6489278953125 0.123046875 0.6785206984375 0.123046875 0.7081135015625 0.1240234375 0.7102272734375 0.1376953125 0.714454815625
1 0.19140625 0.7081135015625 0.1953125 0.6447003515625 0.1923828125 0.6383590375 0.1787109375 0.6383590375 0.17578125 0.6447003515625 0.173828125 0.6573829812499999 0.171875 0.7081135015625 0.1728515625 0.7102272734375 0.1884765625 0.714454815625 0.19140625 0.7081135015625
1 0.2197265625 0.714454815625 0.224609375 0.7038859578125 0.2265625 0.6658380687500001 0.2265625 0.6404728078125 0.2255859375 0.6383590375 0.1962890625 0.6383590375 0.193359375 0.6573829812499999 0.19140625 0.6912033281250001 0.19140625 0.7081135015625 0.1923828125 0.7102272734375 0.2197265625 0.714454815625
1 0.2646484375 0.714454815625 0.267578125 0.7081135015625 0.26953125 0.6742931546875 0.26953125 0.6404728078125 0.2685546875 0.6383590375 0.2294921875 0.6383590375 0.2265625 0.6531554390625 0.224609375 0.6912033281250001 0.224609375 0.7081135015625 0.2255859375 0.7102272734375 0.2646484375 0.714454815625
1 0.29296875 0.6869757843750001 0.29296875 0.6404728078125 0.2841796875 0.63413149375 0.2744140625 0.63413149375 0.271484375 0.6404728078125 0.26953125 0.6531554390625 0.267578125 0.7038859578125 0.2705078125 0.7102272734375 0.2900390625 0.7102272734375 0.29296875 0.6869757843750001
1 0.3251953125 0.7102272734375 0.328125 0.7038859578125 0.330078125 0.6616105250000001 0.330078125 0.6404728078125 0.3291015625 0.6383590375 0.2978515625 0.63413149375 0.294921875 0.6404728078125 0.29296875 0.6658380687500001 0.29296875 0.7081135015625 0.2939453125 0.7102272734375 0.3251953125 0.7102272734375
1 0.3623046875 0.714454815625 0.365234375 0.7081135015625 0.3671875 0.6700656109375001 0.3671875 0.6404728078125 0.3662109375 0.6383590375 0.3505859375 0.6383590375 0.349609375 0.6404728078125 0.34765625 0.6785206984375 0.34765625 0.71234104375 0.3486328125 0.714454815625 0.3623046875 0.714454815625
1 0.3681640625 0.7229099031249999 0.3916015625 0.7229099031249999 0.39453125 0.7038859578125 0.39453125 0.6531554390625 0.3935546875 0.6510416671875 0.3681640625 0.6510416671875 0.3671875 0.6531554390625 0.365234375 0.6996584140625 0.365234375 0.7081135015625 0.3671875 0.72079613125 0.3681640625 0.7229099031249999
1 0.4326171875 0.7102272734375 0.435546875 0.682748240625 0.435546875 0.6362452656250001 0.4345703125 0.63413149375 0.3994140625 0.63413149375 0.396484375 0.6404728078125 0.396484375 0.7081135015625 0.3974609375 0.7102272734375 0.4326171875 0.7102272734375
1 0.4736328125 0.7059997296875 0.474609375 0.7038859578125 0.4765625 0.6489278953125 0.4765625 0.6362452656250001 0.4755859375 0.63413149375 0.4404296875 0.63413149375 0.4375 0.6404728078125 0.4375 0.7038859578125 0.4384765625 0.7059997296875 0.4736328125 0.7059997296875
1 0.5126953125 0.7102272734375 0.513671875 0.7081135015625 0.513671875 0.6362452656250001 0.5126953125 0.63413149375 0.4775390625 0.63413149375 0.4765625 0.6362452656250001 0.4765625 0.7081135015625 0.4775390625 0.7102272734375 0.5126953125 0.7102272734375
1 0.5576171875 0.7229099031249999 0.55859375 0.72079613125 0.55859375 0.6531554390625 0.5576171875 0.6510416671875 0.5185546875 0.6510416671875 0.515625 0.6573829812499999 0.515625 0.72079613125 0.5166015625 0.7229099031249999 0.5576171875 0.7229099031249999
1 0.5966796875 0.7059997296875 0.599609375 0.6996584140625 0.599609375 0.6404728078125 0.5966796875 0.63413149375 0.5634765625 0.63413149375 0.5625 0.6362452656250001 0.5625 0.6996584140625 0.5654296875 0.7059997296875 0.5966796875 0.7059997296875
1 0.6201171875 0.7102272734375 0.62109375 0.7081135015625 0.62109375 0.6362452656250001 0.6201171875 0.63413149375 0.6044921875 0.63413149375 0.6015625 0.6404728078125 0.6015625 0.7038859578125 0.6064453125 0.7102272734375 0.6201171875 0.7102272734375
1 0.6884765625 0.6975446421875 0.689453125 0.695430871875 0.689453125 0.6277901781249999 0.6865234375 0.6214488640625 0.6376953125 0.6214488640625 0.634765625 0.6277901781249999 0.634765625 0.6785206984375 0.6376953125 0.6975446421875 0.6884765625 0.6975446421875
1 0.6982421875 0.7017721859375 0.7177734375 0.7017721859375 0.7451171875 0.6975446421875 0.74609375 0.695430871875 0.74609375 0.6531554390625 0.744140625 0.6235626359374999 0.7431640625 0.6214488640625 0.6962890625 0.62567640625 0.693359375 0.6320177218749999 0.693359375 0.6573829812499999 0.6953125 0.695430871875 0.6982421875 0.7017721859375
1 0.7548828125 0.6975446421875 0.7783203125 0.6975446421875 0.787109375 0.6912033281250001 0.787109375 0.6658380687500001 0.78515625 0.6277901781249999 0.7822265625 0.6172213203125 0.7548828125 0.6214488640625 0.7509765625 0.62567640625 0.75 0.6277901781249999 0.75 0.6362452656250001 0.75390625 0.695430871875 0.7548828125 0.6975446421875
0 0 0.9364008390624999 0.0009765625 0.9385146109375 0.0146484375 0.9385146109375 0.0185546875 0.9342870671875 0.021484375 0.9279457515624999 0.0234375 0.9110355796875 0.046875 0.568604571875 0.07421875 0.13739515625 0.0712890625 0.1310538421875 0.0419921875 0.12682629843749998 0.03515625 0.13739515625 0.03125 0.171215503125 0 0.6193350921875 0 0.9364008390624999
0 0.0556640625 0.9385146109375 0.060546875 0.923718209375 0.07421875 0.7292512171875 0.109375 0.1838981328125 0.111328125 0.1331676140625 0.1083984375 0.12682629843749998 0.0810546875 0.12682629843749998 0.076171875 0.1331676140625 0.07421875 0.14585024375 0.068359375 0.226173565625 0.0234375 0.9068080359374999 0.0234375 0.9321732953125 0.0283203125 0.9385146109375 0.0556640625 0.9385146109375
0 0.1005859375 0.942742153125 0.10546875 0.9364008390624999 0.109375 0.8983529484374999 0.123046875 0.6912033281250001 0.154296875 0.1838981328125 0.15625 0.12894007031250002 0.1533203125 0.12259875468749999 0.1181640625 0.12259875468749999 0.11328125 0.1331676140625 0.0625 0.8856703187500001 0.060546875 0.9279457515624999 0.0634765625 0.9385146109375 0.0771484375 0.942742153125 0.1005859375 0.942742153125
0 0.1201171875 0.942742153125 0.1494140625 0.942742153125 0.15625 0.9364008390624999 0.23828125 0.1838981328125 0.23828125 0.1796705890625 0.2294921875 0.1606466453125 0.2060546875 0.12682629843749998 0.1943359375 0.1183712125 0.1650390625 0.1183712125 0.16015625 0.12471252656250001 0.15625 0.1500777875 0.111328125 0.864532603125 0.109375 0.9025804921875 0.109375 0.9321732953125 0.1123046875 0.9385146109375 0.1201171875 0.942742153125
0 0.1748046875 0.942742153125 0.1796875 0.9321732953125 0.216796875 0.2473112828125 0.216796875 0.226173565625 0.2138671875 0.21983225156250003 0.2021484375 0.21983225156250003 0.197265625 0.234628653125 0.16015625 0.8983529484374999 0.16015625 0.9406283828124999 0.1611328125 0.942742153125 0.1748046875 0.942742153125
0 0.212890625 0.915263121875 0.2265625 0.6700656109375001 0.24609375 0.281131628125 0.248046875 0.234628653125 0.248046875 0.1923532203125 0.2451171875 0.1860119046875 0.2236328125 0.1860119046875 0.220703125 0.1965807625 0.216796875 0.2388561953125 0.212890625 0.3022693453125 0.181640625 0.8687601468749999 0.1796875 0.9279457515624999 0.1865234375 0.9385146109375 0.2099609375 0.9385146109375 0.212890625 0.915263121875
0 0.2255859375 0.946969696875 0.2509765625 0.946969696875 0.255859375 0.9364008390624999 0.259765625 0.8772152328124999 0.291015625 0.23040110937499997 0.291015625 0.175443046875 0.2880859375 0.16910173125 0.2568359375 0.16910173125 0.25390625 0.175443046875 0.25 0.1923532203125 0.248046875 0.2092633921875 0.2109375 0.9110355796875 0.212890625 0.9364008390624999 0.2177734375 0.942742153125 0.2255859375 0.946969696875
0 0.2763671875 0.946969696875 0.28125 0.9406283828124999 0.283203125 0.9194906656249999 0.310546875 0.251538825 0.3125 0.1965807625 0.3125 0.14585024375 0.3115234375 0.143736471875 0.2978515625 0.143736471875 0.294921875 0.1500777875 0.2890625 0.24308373906249997 0.267578125 0.6869757843750001 0.2578125 0.9025804921875 0.2578125 0.9406283828124999 0.2607421875 0.946969696875 0.2763671875 0.946969696875
0 0.3154296875 0.942742153125 0.318359375 0.9364008390624999 0.3203125 0.923718209375 0.365234375 0.12471252656250001 0.365234375 0.107802353125 0.36328125 0.0993472671875 0.3486328125 0.0718682359375 0.3447265625 0.06764069218749999 0.3232421875 0.06764069218749999 0.3193359375 0.0718682359375 0.31640625 0.0993472671875 0.3125 0.1796705890625 0.283203125 0.8687601468749999 0.283203125 0.9406283828124999 0.2841796875 0.942742153125 0.3154296875 0.942742153125
0 0.3388671875 0.942742153125 0.33984375 0.9406283828124999 0.36328125 0.2473112828125 0.365234375 0.1796705890625 0.365234375 0.1331676140625 0.3642578125 0.1310538421875 0.3564453125 0.1310538421875 0.349609375 0.13739515625 0.341796875 0.31072443125000004 0.3203125 0.8856703187500001 0.3203125 0.9406283828124999 0.3212890625 0.942742153125 0.3388671875 0.942742153125
0 0.359375 0.9364008390624999 0.388671875 0.12471252656250001 0.388671875 0.12048498437499999 0.3818359375 0.1056885828125 0.3740234375 0.1056885828125 0.369140625 0.112029896875 0.3671875 0.12048498437499999 0.365234375 0.1500777875 0.34375 0.7884368234375 0.33984375 0.9321732953125 0.3447265625 0.942742153125 0.3564453125 0.942742153125 0.359375 0.9364008390624999
0 0.388671875 0.9364008390624999 0.41015625 0.14585024375 0.408203125 0.1331676140625 0.4052734375 0.12682629843749998 0.3896484375 0.12682629843749998 0.3828125 0.1331676140625 0.361328125 0.8138020828125001 0.359375 0.9364008390624999 0.3623046875 0.942742153125 0.3857421875 0.942742153125 0.388671875 0.9364008390624999
0 0.4287109375 0.942742153125 0.431640625 0.923718209375 0.43359375 0.8476224296874999 0.44140625 0.34877232187499996 0.443359375 0.1500777875 0.4404296875 0.143736471875 0.4208984375 0.143736471875 0.4130859375 0.147964015625 0.408203125 0.1627604171875 0.396484375 0.6193350921875 0.390625 0.8814427765625 0.390625 0.9364008390624999 0.3935546875 0.942742153125 0.4287109375 0.942742153125
0 0.4677734375 0.946969696875 0.470703125 0.9406283828124999 0.47265625 0.8856703187500001 0.4765625 0.6616105250000001 0.482421875 0.1585328734375 0.482421875 0.107802353125 0.4794921875 0.0972334953125 0.4638671875 0.0972334953125 0.4501953125 0.1014610390625 0.447265625 0.107802353125 0.443359375 0.1543053296875 0.43359375 0.7842092796875 0.431640625 0.9321732953125 0.4345703125 0.942742153125 0.4501953125 0.946969696875 0.4677734375 0.946969696875
0 0.4794921875 0.946969696875 0.5087890625 0.946969696875 0.51171875 0.9406283828124999 0.513671875 0.864532603125 0.525390625 0.112029896875 0.5234375 0.0993472671875 0.5166015625 0.084550865625 0.5029296875 0.084550865625 0.4873046875 0.088778409375 0.484375 0.0951197234375 0.482421875 0.1331676140625 0.474609375 0.71234104375 0.47265625 0.8898978625 0.47265625 0.915263121875 0.474609375 0.9406283828124999 0.4794921875 0.946969696875
0 0.55859375 0.944855925 0.560546875 0.89412540625 0.5625 0.12894007031250002 0.5576171875 0.11414366875 0.5322265625 0.11414366875 0.5224609375 0.1183712125 0.51953125 0.12471252656250001 0.517578125 0.1627604171875 0.515625 0.4417782734375 0.513671875 0.9406283828124999 0.5185546875 0.946969696875 0.5517578125 0.9511972406250001 0.55859375 0.944855925
0 0.59765625 0.9406283828124999 0.599609375 0.923718209375 0.6015625 0.12048498437499999 0.6015625 0.0993472671875 0.599609375 0.09089218125000001 0.5986328125 0.088778409375 0.5830078125 0.084550865625 0.5693359375 0.084550865625 0.5654296875 0.088778409375 0.564453125 0.09089218125000001 0.5625 0.1500777875 0.560546875 0.9364008390624999 0.5634765625 0.946969696875 0.5947265625 0.946969696875 0.59765625 0.9406283828124999
0 0.623046875 0.944855925 0.625 0.9279457515624999 0.625 0.7081135015625 0.62109375 0.112029896875 0.6181640625 0.1056885828125 0.6064453125 0.1056885828125 0.6015625 0.11625744062500001 0.599609375 0.9406283828124999 0.6044921875 0.9511972406250001 0.6181640625 0.9511972406250001 0.623046875 0.944855925
0 0.6328125 0.9194906656249999 0.634765625 0.9321732953125 0.6376953125 0.9385146109375 0.6435546875 0.942742153125 0.6845703125 0.942742153125 0.6923828125 0.9385146109375 0.6953125 0.9321732953125 0.6953125 0.8349398000000001 0.677734375 0.12048498437499999 0.6728515625 0.109916125 0.6279296875 0.109916125 0.6240234375 0.11414366875 0.62109375 0.12048498437499999 0.623046875 0.378365125 0.62890625 0.750388934375 0.6328125 0.9194906656249999
0 0.703125 0.923718209375 0.705078125 0.9321732953125 0.7099609375 0.942742153125 0.7177734375 0.946969696875 0.7529296875 0.946969696875 0.755859375 0.9406283828124999 0.7578125 0.915263121875 0.7265625 0.1500777875 0.7216796875 0.1352813859375 0.6884765625 0.1352813859375 0.6806640625 0.139508928125 0.677734375 0.14585024375 0.6796875 0.2473112828125 0.6953125 0.7546164765625 0.703125 0.923718209375
0 0.7685546875 0.942742153125 0.7919921875 0.942742153125 0.798828125 0.9321732953125 0.767578125 0.2134909359375 0.7578125 0.019023945312500002 0.7529296875 0.012682629687499999 0.7314453125 0.016910173437500002 0.7275390625 0.0211377171875 0.72265625 0.031706575 0.71875 0.061299378125000005 0.716796875 0.12471252656250001 0.759765625 0.9279457515624999 0.7626953125 0.9385146109375 0.7685546875 0.942742153125
0 0.8505859375 0.942742153125 0.859375 0.9364008390624999 0.859375 0.9068080359374999 0.826171875 0.234628653125 0.818359375 0.0993472671875 0.8134765625 0.088778409375 0.8115234375 0.088778409375 0.7705078125 0.0972334953125 0.765625 0.10357481093750001 0.763671875 0.12894007031250002 0.798828125 0.9279457515624999 0.8017578125 0.9385146109375 0.8505859375 0.942742153125
0 0.861328125 0.9364008390624999 0.8662109375 0.942742153125 0.8974609375 0.946969696875 0.90234375 0.9364008390624999 0.900390625 0.8687601468749999 0.859375 0.2219460234375 0.845703125 0.10357481093750001 0.8408203125 0.093005953125 0.8330078125 0.093005953125 0.8212890625 0.1014610390625 0.8203125 0.10357481093750001 0.8203125 0.1416227 0.859375 0.923718209375 0.861328125 0.9364008390624999