1 0.1416015625 0.6806344703125 0.1455078125 0.6806344703125 0.1484375 0.6742931546875 0.1484375 0.6616105250000001 0.146484375 0.6447003515625 0.1416015625 0.62567640625 0.1357421875 0.62567640625 0.1328125 0.6320177218749999 0.1328125 0.6447003515625 0.138671875 0.6742931546875 0.1416015625 0.6806344703125
1 0.1533203125 0.68908955625 0.1884765625 0.6806344703125 0.19140625 0.6742931546875 0.19140625 0.6489278953125 0.189453125 0.6320177218749999 0.1865234375 0.62567640625 0.1552734375 0.63413149375 0.1474609375 0.6383590375 0.146484375 0.6404728078125 0.146484375 0.6573829812499999 0.1484375 0.6742931546875 0.1533203125 0.68908955625
1 0.2158203125 0.6764069265625 0.22265625 0.6700656109375001 0.22265625 0.6616105250000001 0.21875 0.6277901781249999 0.2158203125 0.6214488640625 0.1962890625 0.62567640625 0.1923828125 0.62990395 0.19140625 0.6320177218749999 0.19140625 0.6447003515625 0.1962890625 0.6764069265625 0.2158203125 0.6764069265625
1 0.2275390625 0.68908955625 0.2373046875 0.68908955625 0.23828125 0.682748240625 0.234375 0.6447003515625 0.2314453125 0.6383590375 0.2216796875 0.6383590375 0.220703125 0.6404728078125 0.220703125 0.6531554390625 0.224609375 0.682748240625 0.2275390625 0.68908955625
1 0.2412109375 0.6975446421875 0.2880859375 0.6975446421875 0.29296875 0.6912033281250001 0.29296875 0.6742931546875 0.291015625 0.6531554390625 0.2880859375 0.6425865796875 0.2392578125 0.6468141234375 0.236328125 0.6531554390625 0.236328125 0.6742931546875 0.23828125 0.6912033281250001 0.2412109375 0.6975446421875
1 0.3466796875 0.6806344703125 0.3837890625 0.6806344703125 0.390625 0.6700656109375001 0.388671875 0.6320177218749999 0.3857421875 0.62567640625 0.3369140625 0.62567640625 0.3359375 0.6277901781249999 0.3359375 0.6573829812499999 0.3388671875 0.6764069265625 0.3466796875 0.6806344703125
1 0.4033203125 0.6764069265625 0.4072265625 0.6764069265625 0.41015625 0.6700656109375001 0.41015625 0.6277901781249999 0.4072265625 0.6214488640625 0.3994140625 0.62567640625 0.3984375 0.6277901781249999 0.3984375 0.6362452656250001 0.400390625 0.6658380687500001 0.4033203125 0.6764069265625
1 0.3955078125 0.6679518390625 0.3994140625 0.6679518390625 0.400390625 0.6658380687500001 0.400390625 0.6277901781249999 0.3974609375 0.6172213203125 0.3916015625 0.6172213203125 0.390625 0.6193350921875 0.390625 0.6489278953125 0.392578125 0.6616105250000001 0.3955078125 0.6679518390625
1 0.4404296875 0.6721793828125 0.443359375 0.6658380687500001 0.443359375 0.6235626359374999 0.4423828125 0.6214488640625 0.4111328125 0.6214488640625 0.41015625 0.6235626359374999 0.41015625 0.6573829812499999 0.4130859375 0.6721793828125 0.4404296875 0.6721793828125
1 0.4541015625 0.6721793828125 0.4599609375 0.6721793828125 0.46875 0.6658380687500001 0.46875 0.6235626359374999 0.4658203125 0.6172213203125 0.4443359375 0.6172213203125 0.443359375 0.6193350921875 0.443359375 0.6573829812499999 0.4462890625 0.6679518390625 0.4541015625 0.6721793828125
1 0.4716796875 0.655269209375 0.4873046875 0.655269209375 0.48828125 0.6531554390625 0.48828125 0.6404728078125 0.486328125 0.6108800046875 0.4853515625 0.608766234375 0.4716796875 0.604538690625 0.46875 0.6108800046875 0.46875 0.6447003515625 0.470703125 0.6531554390625 0.4716796875 0.655269209375
1 0.5068359375 0.6721793828125 0.5078125 0.6700656109375001 0.5078125 0.6235626359374999 0.5048828125 0.6172213203125 0.4892578125 0.6172213203125 0.486328125 0.6235626359374999 0.48828125 0.6658380687500001 0.4912109375 0.6721793828125 0.5068359375 0.6721793828125
1 0.5458984375 0.6721793828125 0.546875 0.6700656109375001 0.548828125 0.6573829812499999 0.548828125 0.6447003515625 0.5458984375 0.6172213203125 0.5087890625 0.6172213203125 0.5078125 0.6193350921875 0.5078125 0.6616105250000001 0.5107421875 0.6721793828125 0.5458984375 0.6721793828125
1 0.5576171875 0.663724296875 0.5791015625 0.663724296875 0.5849609375 0.659496753125 0.587890625 0.6531554390625 0.587890625 0.6108800046875 0.5869140625 0.608766234375 0.5498046875 0.608766234375 0.546875 0.6151075484375 0.548828125 0.6573829812499999 0.5498046875 0.659496753125 0.5576171875 0.663724296875
1 0.6064453125 0.6679518390625 0.6220703125 0.6679518390625 0.62890625 0.6616105250000001 0.630859375 0.6404728078125 0.630859375 0.6151075484375 0.6279296875 0.608766234375 0.5888671875 0.608766234375 0.587890625 0.6108800046875 0.587890625 0.6573829812499999 0.5888671875 0.659496753125 0.6064453125 0.6679518390625
1 0.6435546875 0.6721793828125 0.6728515625 0.6721793828125 0.673828125 0.6700656109375001 0.67578125 0.6573829812499999 0.67578125 0.6193350921875 0.6748046875 0.6172213203125 0.6337890625 0.604538690625 0.630859375 0.6108800046875 0.630859375 0.6616105250000001 0.6318359375 0.663724296875 0.6435546875 0.6721793828125
1 0.6826171875 0.663724296875 0.7138671875 0.663724296875 0.71484375 0.6616105250000001 0.716796875 0.6489278953125 0.716796875 0.6108800046875 0.7158203125 0.608766234375 0.6826171875 0.604538690625 0.6787109375 0.604538690625 0.677734375 0.6066524624999999 0.67578125 0.6151075484375 0.67578125 0.6573829812499999 0.6767578125 0.659496753125 0.6826171875 0.663724296875
1 0.7392578125 0.663724296875 0.744140625 0.6531554390625 0.74609375 0.6066524624999999 0.7451171875 0.604538690625 0.7197265625 0.604538690625 0.71875 0.6066524624999999 0.716796875 0.6277901781249999 0.716796875 0.6573829812499999 0.7255859375 0.663724296875 0.7392578125 0.663724296875
1 0.7626953125 0.6510416671875 0.7763671875 0.6468141234375 0.77734375 0.6447003515625 0.779296875 0.6277901781249999 0.779296875 0.598197375 0.7783203125 0.5960836031250001 0.7490234375 0.5918560609375 0.74609375 0.598197375 0.744140625 0.6193350921875 0.744140625 0.6404728078125 0.7470703125 0.6468141234375 0.7626953125 0.6510416671875
1 0.7939453125 0.63413149375 0.79296875 0.6362452656250001 0.7939453125 0.6425865796875 0.794921875 0.6404728078125 0.7939453125 0.63413149375
1 0.7841796875 0.6679518390625 0.8017578125 0.6721793828125 0.8076171875 0.6679518390625 0.810546875 0.6616105250000001 0.814453125 0.6362452656250001 0.814453125 0.6193350921875 0.8134765625 0.6172213203125 0.7841796875 0.608766234375 0.78125 0.6108800046875 0.779296875 0.6235626359374999 0.779296875 0.6616105250000001 0.7802734375 0.663724296875 0.7841796875 0.6679518390625
1 0.83203125 0.6616105250000001 0.833984375 0.6404728078125 0.833984375 0.6151075484375 0.8330078125 0.6129937765625 0.8173828125 0.6129937765625 0.814453125 0.6235626359374999 0.8125 0.6616105250000001 0.8154296875 0.6679518390625 0.8291015625 0.6679518390625 0.83203125 0.6616105250000001
1 0.853515625 0.6573829812499999 0.85546875 0.6362452656250001 0.85546875 0.6151075484375 0.8544921875 0.6129937765625 0.8408203125 0.608766234375 0.8369140625 0.608766234375 0.833984375 0.6151075484375 0.83203125 0.6616105250000001 0.8349609375 0.6679518390625 0.8505859375 0.6679518390625 0.853515625 0.6573829812499999
1 0.875 0.6489278953125 0.876953125 0.6235626359374999 0.876953125 0.6066524624999999 0.8759765625 0.604538690625 0.8583984375 0.600311146875 0.85546875 0.6151075484375 0.853515625 0.6531554390625 0.8603515625 0.659496753125 0.8701171875 0.659496753125 0.875 0.6489278953125
1 0.9248046875 0.655269209375 0.927734375 0.6489278953125 0.9296875 0.6235626359374999 0.9296875 0.6024249187499999 0.9287109375 0.600311146875 0.8798828125 0.600311146875 0.876953125 0.6151075484375 0.875 0.6489278953125 0.8818359375 0.659496753125 0.9150390625 0.659496753125 0.9248046875 0.655269209375
1 0.9658203125 0.6510416671875 0.9755859375 0.6510416671875 0.9892578125 0.6468141234375 0.990234375 0.6447003515625 0.994140625 0.6066524624999999 0.994140625 0.5939698328125 0.9931640625 0.5918560609375 0.9580078125 0.5918560609375 0.955078125 0.6024249187499999 0.953125 0.6320177218749999 0.953125 0.6447003515625 0.9541015625 0.6468141234375 0.9658203125 0.6510416671875
1 0.9462890625 0.655269209375 0.9501953125 0.6510416671875 0.953125 0.6447003515625 0.955078125 0.6277901781249999 0.955078125 0.6024249187499999 0.9541015625 0.600311146875 0.9462890625 0.600311146875 0.93359375 0.6066524624999999 0.931640625 0.6235626359374999 0.931640625 0.6531554390625 0.9326171875 0.655269209375 0.9462890625 0.655269209375
0 0.16796875 0.8138020828125001 0.1728515625 0.8243709421875 0.1982421875 0.8243709421875 0.2041015625 0.8201433984375001 0.208984375 0.8138020828125001 0.240234375 0.20080830624999998 0.240234375 0.1796705890625 0.23828125 0.171215503125 0.2333984375 0.1648741890625 0.2021484375 0.1606466453125 0.1142578125 0.2156047078125 0.0966796875 0.2282873375 0.0888671875 0.236742425 0.087890625 0.2388561953125 0.087890625 0.2473112828125 0.091796875 0.2769040859375 0.16796875 0.8138020828125001
0 0.158203125 0.8138020828125001 0.1591796875 0.8159158546875 0.1689453125 0.8159158546875 0.169921875 0.809574540625 0.10546875 0.34877232187499996 0.09375 0.289586715625 0.0908203125 0.28747294375 0.0869140625 0.2917004875 0.083984375 0.29804180156250004 0.083984375 0.3022693453125 0.091796875 0.36145495156249996 0.158203125 0.8138020828125001
0 0.2109375 0.809574540625 0.2158203125 0.8159158546875 0.2353515625 0.8159158546875 0.236328125 0.8138020828125001 0.236328125 0.7926643671875 0.21484375 0.2388561953125 0.2099609375 0.2282873375 0.2080078125 0.2282873375 0.1904296875 0.236742425 0.1513671875 0.26633522656249997 0.1484375 0.27267654218750004 0.1484375 0.281131628125 0.208984375 0.7968919109375 0.2109375 0.809574540625
0 0.23828125 0.8180296265625 0.2392578125 0.8201433984375001 0.2490234375 0.8201433984375001 0.25 0.8180296265625 0.267578125 0.2092633921875 0.2666015625 0.20714962187500002 0.2587890625 0.20714962187500002 0.2001953125 0.25365259687499997 0.1826171875 0.2705627703125 0.181640625 0.27267654218750004 0.181640625 0.28535917187500004 0.18359375 0.3064968890625 0.23828125 0.8180296265625
0 0.251953125 0.83071225625 0.2568359375 0.8455086578125 0.2666015625 0.8497362015625001 0.3017578125 0.8412811140625 0.3056640625 0.8370535718750001 0.31640625 0.8138020828125001 0.32421875 0.7926643671875 0.310546875 0.2388561953125 0.3076171875 0.23251488125000003 0.2802734375 0.2282873375 0.2216796875 0.2747903140625 0.2041015625 0.2917004875 0.201171875 0.29804180156250004 0.19921875 0.3064968890625 0.19921875 0.314951975 0.205078125 0.378365125 0.251953125 0.83071225625
0 0.333984375 0.8138020828125001 0.3369140625 0.8201433984375001 0.3447265625 0.8201433984375001 0.345703125 0.8180296265625 0.345703125 0.7884368234375 0.3203125 0.3825926671875 0.318359375 0.36145495156249996 0.3154296875 0.3551136359375 0.3076171875 0.3551136359375 0.306640625 0.3572274078125 0.306640625 0.395275296875 0.310546875 0.4671435328125 0.333984375 0.8138020828125001
0 0.345703125 0.8053469968750001 0.3486328125 0.8159158546875 0.3583984375 0.8243709421875 0.3935546875 0.8243709421875 0.3984375 0.809574540625 0.451171875 0.1881256765625 0.44921875 0.107802353125 0.4453125 0.057071834375 0.4423828125 0.050730518749999995 0.4345703125 0.0422754328125 0.3994140625 0.0465029765625 0.3154296875 0.084550865625 0.3076171875 0.088778409375 0.3046875 0.0951197234375 0.302734375 0.10357481093750001 0.3046875 0.14585024375 0.330078125 0.572832115625 0.345703125 0.8053469968750001
0 0.396484375 0.77575419375 0.3984375 0.809574540625 0.4033203125 0.8159158546875 0.4130859375 0.8159158546875 0.416015625 0.809574540625 0.4453125 0.21771847968750002 0.4423828125 0.2113771640625 0.4306640625 0.20714962187500002 0.4169921875 0.21983225156250003 0.3837890625 0.262107684375 0.376953125 0.2769040859375 0.376953125 0.3276346046875 0.390625 0.6616105250000001 0.396484375 0.77575419375
0 0.4189453125 0.8159158546875 0.4443359375 0.8159158546875 0.447265625 0.809574540625 0.44921875 0.21771847968750002 0.4462890625 0.2113771640625 0.4384765625 0.2113771640625 0.4208984375 0.23251488125000003 0.4013671875 0.262107684375 0.3984375 0.2684489984375 0.3984375 0.3529998640625 0.416015625 0.809574540625 0.4189453125 0.8159158546875
0 0.447265625 0.77575419375 0.44921875 0.809574540625 0.4521484375 0.8159158546875 0.4658203125 0.8159158546875 0.4697265625 0.8116883109374999 0.47265625 0.801119453125 0.49609375 0.3064968890625 0.49609375 0.1965807625 0.4951171875 0.194466990625 0.4736328125 0.194466990625 0.4541015625 0.21983225156250003 0.4404296875 0.2409699671875 0.435546875 0.251538825 0.435546875 0.2769040859375 0.439453125 0.49250879375 0.447265625 0.77575419375
0 0.4951171875 0.8116883109374999 0.5009765625 0.8159158546875 0.5087890625 0.8159158546875 0.51171875 0.809574540625 0.51171875 0.77575419375 0.5078125 0.568604571875 0.5 0.3234070609375 0.4970703125 0.317065746875 0.4951171875 0.317065746875 0.48046875 0.34877232187499996 0.484375 0.5432393125 0.4921875 0.8053469968750001 0.4951171875 0.8116883109374999
0 0.4775390625 0.8032332249999999 0.4892578125 0.8032332249999999 0.490234375 0.801119453125 0.490234375 0.7292512171875 0.482421875 0.38682021093749996 0.48046875 0.3572274078125 0.4775390625 0.3551136359375 0.4736328125 0.3593411796875 0.466796875 0.37413758124999996 0.46484375 0.3825926671875 0.46484375 0.48828125 0.47265625 0.7926643671875 0.4775390625 0.8032332249999999
0 0.513671875 0.8138020828125001 0.5224609375 0.8243709421875 0.5419921875 0.8243709421875 0.5458984375 0.8201433984375001 0.548828125 0.809574540625 0.546875 0.1796705890625 0.5302734375 0.1606466453125 0.5283203125 0.1606466453125 0.5 0.20503585000000002 0.498046875 0.2134909359375 0.498046875 0.289586715625 0.51171875 0.801119453125 0.513671875 0.8138020828125001
0 0.5908203125 0.541125540625 0.58984375 0.5432393125 0.5908203125 0.549580628125 0.591796875 0.54746685625 0.5908203125 0.541125540625
0 0.55078125 0.8053469968750001 0.5556640625 0.8116883109374999 0.5849609375 0.8116883109374999 0.5859375 0.809574540625 0.587890625 0.6785206984375 0.59375 0.1543053296875 0.5869140625 0.1352813859375 0.5771484375 0.1352813859375 0.5634765625 0.1521915578125 0.544921875 0.1923532203125 0.54296875 0.20080830624999998 0.54296875 0.25999391250000004 0.548828125 0.7968919109375 0.55078125 0.8053469968750001
0 0.5966796875 0.8159158546875 0.6220703125 0.8159158546875 0.626953125 0.801119453125 0.640625 0.23040110937499997 0.640625 0.1627604171875 0.6376953125 0.1521915578125 0.6337890625 0.1521915578125 0.5986328125 0.1564191015625 0.59375 0.166987959375 0.587890625 0.1923532203125 0.587890625 0.8053469968750001 0.5908203125 0.8116883109374999 0.5966796875 0.8159158546875
0 0.6416015625 0.8243709421875 0.6630859375 0.8243709421875 0.6669921875 0.8201433984375001 0.669921875 0.809574540625 0.693359375 0.1923532203125 0.693359375 0.1881256765625 0.68359375 0.14585024375 0.6787109375 0.1352813859375 0.6748046875 0.1310538421875 0.6435546875 0.1352813859375 0.640625 0.1416227 0.6328125 0.49250879375 0.626953125 0.7588440203125 0.626953125 0.809574540625 0.6337890625 0.8201433984375001 0.6416015625 0.8243709421875
0 0.6845703125 0.8201433984375001 0.6982421875 0.8201433984375001 0.7041015625 0.8159158546875 0.708984375 0.8053469968750001 0.740234375 0.1881256765625 0.734375 0.171215503125 0.7177734375 0.1352813859375 0.7119140625 0.1352813859375 0.6875 0.1585328734375 0.671875 0.7377063046875 0.671875 0.809574540625 0.6748046875 0.8159158546875 0.6845703125 0.8201433984375001
0 0.732421875 0.809574540625 0.734375 0.7968919109375 0.775390625 0.1923532203125 0.775390625 0.1881256765625 0.7724609375 0.1817843609375 0.7412109375 0.1310538421875 0.7392578125 0.1310538421875 0.7265625 0.1500777875 0.708984375 0.8053469968750001 0.7138671875 0.8159158546875 0.7275390625 0.8159158546875 0.732421875 0.809574540625
0 0.7646484375 0.8074607687500001 0.767578125 0.801119453125 0.771484375 0.7588440203125 0.80859375 0.2092633921875 0.80859375 0.20503585000000002 0.8017578125 0.1902394484375 0.7763671875 0.1521915578125 0.7724609375 0.1521915578125 0.76953125 0.1627604171875 0.734375 0.77152665 0.734375 0.801119453125 0.7392578125 0.8074607687500001 0.7646484375 0.8074607687500001
0 0.7841796875 0.8243709421875 0.7939453125 0.8243709421875 0.80078125 0.809574540625 0.802734375 0.801119453125 0.8125 0.6785206984375 0.8125 0.6700656109375001 0.8095703125 0.655269209375 0.7802734375 0.6425865796875 0.779296875 0.6447003515625 0.771484375 0.7419338468750001 0.76953125 0.77575419375 0.76953125 0.809574540625 0.7724609375 0.8159158546875 0.7841796875 0.8243709421875
0 0.8095703125 0.6510416671875 0.818359375 0.5939698328125 0.837890625 0.3234070609375 0.841796875 0.26422145625 0.841796875 0.2388561953125 0.83984375 0.23040110937499997 0.8349609375 0.21983225156250003 0.8017578125 0.1606466453125 0.80078125 0.1627604171875 0.78125 0.5897422890625 0.78125 0.6277901781249999 0.7841796875 0.6383590375 0.8095703125 0.6510416671875
0 0.8095703125 0.8243709421875 0.8193359375 0.8201433984375001 0.822265625 0.8138020828125001 0.869140625 0.2219460234375 0.869140625 0.20080830624999998 0.8623046875 0.1860119046875 0.8232421875 0.1310538421875 0.8095703125 0.1310538421875 0.8046875 0.1416227 0.802734375 0.1500777875 0.802734375 0.8180296265625 0.8056640625 0.8243709421875 0.8095703125 0.8243709421875
0 0.83984375 0.809574540625 0.845703125 0.750388934375 0.884765625 0.25576636875 0.884765625 0.2134909359375 0.8701171875 0.194466990625 0.8671875 0.1965807625 0.84375 0.48828125 0.82421875 0.7546164765625 0.822265625 0.809574540625 0.8251953125 0.8159158546875 0.8369140625 0.8159158546875 0.83984375 0.809574540625
0 0.8916015625 0.4227543296875 0.890625 0.4248681 0.8916015625 0.431209415625 0.892578125 0.42909564375000003 0.8916015625 0.4227543296875
0 0.8955078125 0.8201433984375001 0.9111328125 0.8159158546875 0.916015625 0.8053469968750001 0.955078125 0.3318621484375 0.953125 0.3234070609375 0.9462890625 0.3086106609375 0.8896484375 0.24519751093750003 0.8876953125 0.24519751093750003 0.884765625 0.251538825 0.8828125 0.2769040859375 0.865234375 0.8053469968750001 0.8701171875 0.8159158546875 0.8798828125 0.8201433984375001 0.8955078125 0.8201433984375001
0 0.8759765625 0.604538690625 0.87890625 0.5939698328125 0.900390625 0.3276346046875 0.900390625 0.31072443125000004 0.8857421875 0.2832454 0.8837890625 0.2832454 0.880859375 0.289586715625 0.873046875 0.38682021093749996 0.857421875 0.5939698328125 0.8583984375 0.600311146875 0.8642578125 0.604538690625 0.8759765625 0.604538690625
0 0.9248046875 0.8159158546875 0.9287109375 0.8159158546875 0.9384765625 0.8116883109374999 0.943359375 0.7968919109375 0.978515625 0.29804180156250004 0.978515625 0.2684489984375 0.9755859375 0.262107684375 0.9482421875 0.23251488125000003 0.9130859375 0.198694534375 0.8935546875 0.198694534375 0.8896484375 0.202922078125 0.888671875 0.20503585000000002 0.888671875 0.234628653125 0.91796875 0.809574540625 0.9248046875 0.8159158546875
0 1 0.1923532203125 0.9931640625 0.1817843609375 0.9482421875 0.143736471875 0.9404296875 0.143736471875 0.9130859375 0.1521915578125 0.91015625 0.1585328734375 0.908203125 0.166987959375 0.908203125 0.1923532203125 0.943359375 0.801119453125 0.9482421875 0.8074607687500001 0.9697265625 0.8074607687500001 0.974609375 0.801119453125 0.978515625 0.77575419375 1 0.5305566828125 1 0.1923532203125