1 0.0244140625 0.6721793828125 0.0302734375 0.6721793828125 0.048828125 0.6531554390625 0.048828125 0.6235626359374999 0.0458984375 0.608766234375 0.0205078125 0.6214488640625 0.01953125 0.6235626359374999 0.01953125 0.6489278953125 0.021484375 0.6658380687500001 0.0244140625 0.6721793828125
1 0.064453125 0.6912033281250001 0.0673828125 0.6975446421875 0.0791015625 0.6975446421875 0.095703125 0.6869757843750001 0.09375 0.6531554390625 0.0908203125 0.6383590375 0.0869140625 0.6383590375 0.0615234375 0.6510416671875 0.060546875 0.6531554390625 0.060546875 0.6616105250000001 0.0625 0.6785206984375 0.064453125 0.6912033281250001
1 0.1005859375 0.6933171 0.1083984375 0.6933171 0.111328125 0.6869757843750001 0.111328125 0.682748240625 0.107421875 0.6447003515625 0.1044921875 0.6383590375 0.0947265625 0.6383590375 0.091796875 0.6447003515625 0.091796875 0.6531554390625 0.095703125 0.6869757843750001 0.1005859375 0.6933171
1 0.1142578125 0.6975446421875 0.1298828125 0.6975446421875 0.1328125 0.6912033281250001 0.1328125 0.682748240625 0.12890625 0.6489278953125 0.1259765625 0.6425865796875 0.1103515625 0.6468141234375 0.107421875 0.6531554390625 0.107421875 0.6616105250000001 0.111328125 0.6912033281250001 0.1142578125 0.6975446421875
1 0.1357421875 0.7017721859375 0.1474609375 0.7017721859375 0.1484375 0.6996584140625 0.1484375 0.682748240625 0.146484375 0.6573829812499999 0.1435546875 0.6510416671875 0.1318359375 0.6510416671875 0.130859375 0.6531554390625 0.130859375 0.682748240625 0.1328125 0.695430871875 0.1357421875 0.7017721859375
1 0.1748046875 0.7017721859375 0.1943359375 0.7017721859375 0.1953125 0.6996584140625 0.1953125 0.6785206984375 0.193359375 0.6531554390625 0.1904296875 0.6468141234375 0.1708984375 0.6510416671875 0.169921875 0.6531554390625 0.169921875 0.6785206984375 0.171875 0.695430871875 0.1748046875 0.7017721859375
1 0.1513671875 0.7017721859375 0.1669921875 0.7017721859375 0.171875 0.695430871875 0.169921875 0.6616105250000001 0.1669921875 0.6468141234375 0.1474609375 0.6510416671875 0.146484375 0.6531554390625 0.146484375 0.6785206984375 0.1484375 0.695430871875 0.1513671875 0.7017721859375
1 0.1982421875 0.7017721859375 0.2158203125 0.7017721859375 0.216796875 0.6996584140625 0.216796875 0.6742931546875 0.21484375 0.6531554390625 0.2138671875 0.6510416671875 0.1943359375 0.6510416671875 0.193359375 0.6531554390625 0.193359375 0.6742931546875 0.1953125 0.695430871875 0.1982421875 0.7017721859375
1 0.21875 0.7081135015625 0.2197265625 0.7102272734375 0.2294921875 0.7102272734375 0.23046875 0.7081135015625 0.23046875 0.6869757843750001 0.228515625 0.6616105250000001 0.2275390625 0.659496753125 0.2158203125 0.659496753125 0.21484375 0.6616105250000001 0.21484375 0.6700656109375001 0.216796875 0.6996584140625 0.21875 0.7081135015625
1 0.2314453125 0.7102272734375 0.2431640625 0.7102272734375 0.244140625 0.7081135015625 0.244140625 0.6785206984375 0.2421875 0.6616105250000001 0.2412109375 0.659496753125 0.2294921875 0.659496753125 0.228515625 0.6616105250000001 0.228515625 0.6869757843750001 0.23046875 0.7081135015625 0.2314453125 0.7102272734375
1 0.2470703125 0.7102272734375 0.2607421875 0.7102272734375 0.263671875 0.7038859578125 0.26171875 0.6658380687500001 0.2587890625 0.659496753125 0.2431640625 0.659496753125 0.2421875 0.6616105250000001 0.2421875 0.6785206984375 0.244140625 0.7038859578125 0.2470703125 0.7102272734375
1 0.2646484375 0.714454815625 0.2822265625 0.714454815625 0.283203125 0.71234104375 0.283203125 0.6700656109375001 0.2802734375 0.663724296875 0.2626953125 0.663724296875 0.26171875 0.6658380687500001 0.26171875 0.6912033281250001 0.263671875 0.71234104375 0.2646484375 0.714454815625
1 0.3076171875 0.714454815625 0.310546875 0.7081135015625 0.30859375 0.6658380687500001 0.3076171875 0.663724296875 0.2841796875 0.663724296875 0.283203125 0.6658380687500001 0.283203125 0.6869757843750001 0.2861328125 0.714454815625 0.3076171875 0.714454815625
1 0.3310546875 0.714454815625 0.333984375 0.7081135015625 0.333984375 0.6912033281250001 0.3310546875 0.663724296875 0.3095703125 0.663724296875 0.30859375 0.6658380687500001 0.30859375 0.6869757843750001 0.3115234375 0.714454815625 0.3310546875 0.714454815625
1 0.3388671875 0.718682359375 0.3623046875 0.718682359375 0.3671875 0.71234104375 0.3671875 0.6700656109375001 0.3642578125 0.663724296875 0.3349609375 0.663724296875 0.333984375 0.6658380687500001 0.333984375 0.695430871875 0.3359375 0.71234104375 0.3388671875 0.718682359375
1 0.3896484375 0.718682359375 0.390625 0.7165685875000001 0.390625 0.6785206984375 0.388671875 0.6700656109375001 0.3876953125 0.6679518390625 0.3701171875 0.6679518390625 0.369140625 0.6700656109375001 0.369140625 0.71234104375 0.3740234375 0.7229099031249999 0.3896484375 0.718682359375
1 0.3974609375 0.7271374453125 0.4052734375 0.7271374453125 0.4130859375 0.7229099031249999 0.4140625 0.72079613125 0.4140625 0.6785206984375 0.4111328125 0.6721793828125 0.3916015625 0.6721793828125 0.390625 0.6742931546875 0.390625 0.7081135015625 0.392578125 0.72079613125 0.3974609375 0.7271374453125
1 0.4169921875 0.7229099031249999 0.4384765625 0.7229099031249999 0.439453125 0.72079613125 0.439453125 0.6742931546875 0.4365234375 0.6679518390625 0.4150390625 0.6679518390625 0.4140625 0.6700656109375001 0.4140625 0.71234104375 0.416015625 0.72079613125 0.4169921875 0.7229099031249999
1 0.4521484375 0.7313649890625 0.4794921875 0.7313649890625 0.482421875 0.725023675 0.482421875 0.6869757843750001 0.4794921875 0.6806344703125 0.4404296875 0.6764069265625 0.439453125 0.6785206984375 0.439453125 0.7165685875000001 0.4443359375 0.7271374453125 0.4521484375 0.7313649890625
1 0.5380859375 0.7271374453125 0.541015625 0.72079613125 0.5390625 0.6785206984375 0.5380859375 0.6764069265625 0.4833984375 0.6764069265625 0.482421875 0.6785206984375 0.482421875 0.7165685875000001 0.4853515625 0.7271374453125 0.5380859375 0.7271374453125
1 0.5693359375 0.7313649890625 0.576171875 0.725023675 0.576171875 0.6785206984375 0.5751953125 0.6764069265625 0.5458984375 0.6764069265625 0.544921875 0.6785206984375 0.544921875 0.725023675 0.5458984375 0.7271374453125 0.5693359375 0.7313649890625
1 0.6005859375 0.7313649890625 0.6015625 0.7292512171875 0.6015625 0.6785206984375 0.6005859375 0.6764069265625 0.5771484375 0.6764069265625 0.576171875 0.6785206984375 0.576171875 0.725023675 0.5791015625 0.7313649890625 0.6005859375 0.7313649890625
1 0.6201171875 0.7313649890625 0.62109375 0.7292512171875 0.62109375 0.6785206984375 0.6201171875 0.6764069265625 0.6044921875 0.6764069265625 0.603515625 0.6785206984375 0.6015625 0.72079613125 0.603515625 0.7292512171875 0.6044921875 0.7313649890625 0.6201171875 0.7313649890625
1 0.6357421875 0.7355925328125 0.63671875 0.7334787609375 0.63671875 0.682748240625 0.6240234375 0.6764069265625 0.62109375 0.682748240625 0.62109375 0.7292512171875 0.6240234375 0.7355925328125 0.6357421875 0.7355925328125
1 0.6708984375 0.7313649890625 0.673828125 0.725023675 0.673828125 0.6785206984375 0.6728515625 0.6764069265625 0.6396484375 0.6764069265625 0.638671875 0.6785206984375 0.638671875 0.7292512171875 0.6416015625 0.7355925328125 0.6708984375 0.7313649890625
1 0.7001953125 0.7355925328125 0.703125 0.7292512171875 0.703125 0.6785206984375 0.7021484375 0.6764069265625 0.6767578125 0.6764069265625 0.67578125 0.6785206984375 0.673828125 0.6869757843750001 0.673828125 0.7292512171875 0.6767578125 0.7355925328125 0.7001953125 0.7355925328125
1 0.7177734375 0.7102272734375 0.716796875 0.71234104375 0.7177734375 0.718682359375 0.71875 0.7165685875000001 0.7177734375 0.7102272734375
1 0.7119140625 0.739820075 0.7353515625 0.739820075 0.7431640625 0.7355925328125 0.74609375 0.7292512171875 0.74609375 0.682748240625 0.7431640625 0.6764069265625 0.7060546875 0.6806344703125 0.705078125 0.682748240625 0.705078125 0.7334787609375 0.7060546875 0.7355925328125 0.7119140625 0.739820075
1 0.7529296875 0.7355925328125 0.7763671875 0.7355925328125 0.779296875 0.7292512171875 0.779296875 0.6785206984375 0.7783203125 0.6764069265625 0.7470703125 0.6764069265625 0.74609375 0.6785206984375 0.74609375 0.7292512171875 0.7470703125 0.7313649890625 0.7529296875 0.7355925328125
1 0.7841796875 0.7567302484375 0.8193359375 0.7567302484375 0.822265625 0.750388934375 0.822265625 0.6996584140625 0.8212890625 0.6975446421875 0.7802734375 0.6975446421875 0.779296875 0.6996584140625 0.779296875 0.750388934375 0.7802734375 0.75250270625 0.7841796875 0.7567302484375
1 0.876953125 0.7377063046875 0.876953125 0.6869757843750001 0.8759765625 0.6848620125 0.8271484375 0.6806344703125 0.82421875 0.6869757843750001 0.822265625 0.7292512171875 0.8271484375 0.74404761875 0.8740234375 0.74404761875 0.876953125 0.7377063046875
0 0 0.458688446875 0.03515625 0.7968919109375 0.0400390625 0.8074607687500001 0.0458984375 0.8074607687500001 0.0654296875 0.7863230515625 0.072265625 0.7672991078125 0.078125 0.2473112828125 0.0771484375 0.24519751093750003 0.0673828125 0.24519751093750003 0.0283203125 0.25365259687499997 0.0009765625 0.26633522656249997 0 0.2684489984375 0 0.458688446875
0 0.0810546875 0.8412811140625 0.0986328125 0.8412811140625 0.1044921875 0.8370535718750001 0.109375 0.8264847124999999 0.109375 0.809574540625 0.056640625 0.3022693453125 0.0546875 0.289586715625 0.0498046875 0.2832454 0.0263671875 0.2917004875 0.021484375 0.3022693453125 0.0234375 0.3234070609375 0.078125 0.8349398000000001 0.0810546875 0.8412811140625
0 0.111328125 0.83071225625 0.1162109375 0.8370535718750001 0.1240234375 0.8370535718750001 0.125 0.8349398000000001 0.125 0.8138020828125001 0.091796875 0.2684489984375 0.0888671875 0.262107684375 0.0771484375 0.262107684375 0.0615234375 0.26633522656249997 0.0556640625 0.2705627703125 0.0546875 0.27267654218750004 0.0546875 0.28535917187500004 0.0625 0.3699100375 0.111328125 0.83071225625
0 0.1298828125 0.8455086578125 0.1455078125 0.8455086578125 0.146484375 0.8433948859375 0.146484375 0.8180296265625 0.126953125 0.6151075484375 0.095703125 0.31072443125000004 0.0927734375 0.3001555734375 0.0771484375 0.3001555734375 0.072265625 0.31072443125000004 0.072265625 0.3234070609375 0.126953125 0.83916734375 0.1298828125 0.8455086578125
0 0.1484375 0.8433948859375 0.1494140625 0.8455086578125 0.1572265625 0.8455086578125 0.162109375 0.83916734375 0.162109375 0.8222571703125 0.15234375 0.725023675 0.150390625 0.7081135015625 0.1455078125 0.6975446421875 0.1416015625 0.6975446421875 0.138671875 0.7038859578125 0.138671875 0.746161390625 0.142578125 0.7926643671875 0.1484375 0.8433948859375
0 0.12890625 0.6489278953125 0.1318359375 0.655269209375 0.1357421875 0.655269209375 0.14453125 0.6489278953125 0.23046875 0.234628653125 0.23046875 0.226173565625 0.2275390625 0.21983225156250003 0.2119140625 0.21983225156250003 0.1904296875 0.22405979375 0.1005859375 0.2494250546875 0.0947265625 0.25365259687499997 0.091796875 0.25999391250000004 0.09375 0.29804180156250004 0.126953125 0.6362452656250001 0.12890625 0.6489278953125
0 0.162109375 0.83916734375 0.1669921875 0.8497362015625001 0.1787109375 0.8497362015625001 0.18359375 0.8433948859375 0.181640625 0.7968919109375 0.15234375 0.458688446875 0.140625 0.3360896921875 0.1357421875 0.312838203125 0.1279296875 0.312838203125 0.1201171875 0.317065746875 0.1171875 0.3234070609375 0.1171875 0.3572274078125 0.138671875 0.598197375 0.162109375 0.83916734375
0 0.19140625 0.6404728078125 0.1982421875 0.6510416671875 0.2109375 0.6108800046875 0.189453125 0.3022693453125 0.1865234375 0.2959280296875 0.1787109375 0.2959280296875 0.1708984375 0.3001555734375 0.16796875 0.3064968890625 0.166015625 0.314951975 0.166015625 0.3234070609375 0.189453125 0.6235626359374999 0.19140625 0.6404728078125
0 0.2265625 0.8476224296874999 0.2314453125 0.8581912875000001 0.2373046875 0.8581912875000001 0.240234375 0.8518499734375 0.240234375 0.8476224296874999 0.21875 0.251538825 0.2158203125 0.24519751093750003 0.1884765625 0.25365259687499997 0.1875 0.25576636875 0.1875 0.28535917187500004 0.189453125 0.31917951875 0.2265625 0.8476224296874999
0 0.2275390625 0.5326704546875 0.2265625 0.5347842265625 0.2275390625 0.5368979984375 0.228515625 0.5347842265625 0.2275390625 0.5326704546875
0 0.25390625 0.8518499734375 0.2587890625 0.86241883125 0.2685546875 0.86241883125 0.271484375 0.8560775156249999 0.271484375 0.8138020828125001 0.26171875 0.28535917187500004 0.2587890625 0.2832454 0.2216796875 0.2917004875 0.21875 0.29804180156250004 0.220703125 0.3529998640625 0.251953125 0.8349398000000001 0.25390625 0.8518499734375
0 0.240234375 0.8560775156249999 0.2431640625 0.86241883125 0.2529296875 0.86241883125 0.25390625 0.860305059375 0.25390625 0.8433948859375 0.220703125 0.289586715625 0.2177734375 0.2832454 0.2060546875 0.28747294375 0.203125 0.293814259375 0.203125 0.314951975 0.23828125 0.8433948859375 0.240234375 0.8560775156249999
0 0.2958984375 0.8708739171875 0.3115234375 0.8708739171875 0.3154296875 0.866646375 0.318359375 0.8560775156249999 0.33984375 0.2769040859375 0.3369140625 0.2705627703125 0.3310546875 0.2705627703125 0.2705078125 0.3001555734375 0.263671875 0.31072443125000004 0.26171875 0.31917951875 0.26171875 0.3360896921875 0.29296875 0.864532603125 0.2958984375 0.8708739171875
0 0.271484375 0.8560775156249999 0.2744140625 0.86241883125 0.2841796875 0.866646375 0.2900390625 0.86241883125 0.29296875 0.8560775156249999 0.29296875 0.8476224296874999 0.26953125 0.29804180156250004 0.2666015625 0.2917004875 0.2548828125 0.2959280296875 0.2431640625 0.3086106609375 0.240234375 0.314951975 0.240234375 0.34877232187499996 0.26953125 0.83071225625 0.271484375 0.8560775156249999
0 0.318359375 0.860305059375 0.3212890625 0.866646375 0.3369140625 0.866646375 0.341796875 0.8560775156249999 0.341796875 0.83916734375 0.31640625 0.3064968890625 0.3134765625 0.3043831171875 0.2978515625 0.317065746875 0.294921875 0.3234070609375 0.29296875 0.3318621484375 0.294921875 0.40373038437500003 0.31640625 0.8433948859375 0.318359375 0.860305059375
0 0.3466796875 0.866646375 0.3505859375 0.8708739171875 0.3701171875 0.8708739171875 0.375 0.860305059375 0.375 0.28535917187500004 0.3740234375 0.2832454 0.3642578125 0.2832454 0.3349609375 0.2959280296875 0.3212890625 0.3043831171875 0.318359375 0.31072443125000004 0.318359375 0.3529998640625 0.341796875 0.8560775156249999 0.3466796875 0.866646375
0 0.376953125 0.8687601468749999 0.3818359375 0.8751014609375 0.3896484375 0.8751014609375 0.396484375 0.8687601468749999 0.396484375 0.83916734375 0.376953125 0.314951975 0.3759765625 0.312838203125 0.3701171875 0.312838203125 0.3603515625 0.317065746875 0.35546875 0.3276346046875 0.35546875 0.395275296875 0.373046875 0.8053469968750001 0.376953125 0.8687601468749999
0 0.396484375 0.8476224296874999 0.3994140625 0.8751014609375 0.4169921875 0.8751014609375 0.41796875 0.8729876890625 0.41796875 0.809574540625 0.412109375 0.572832115625 0.40234375 0.29804180156250004 0.400390625 0.27267654218750004 0.3974609375 0.26633522656249997 0.3896484375 0.26633522656249997 0.3798828125 0.2705627703125 0.376953125 0.2769040859375 0.37890625 0.3699100375 0.384765625 0.5516943999999999 0.396484375 0.8476224296874999
0 0.419921875 0.8687601468749999 0.4248046875 0.8793290046875001 0.4287109375 0.883556546875 0.4326171875 0.883556546875 0.4384765625 0.8793290046875001 0.44140625 0.8729876890625 0.443359375 0.864532603125 0.443359375 0.8476224296874999 0.427734375 0.25999391250000004 0.42578125 0.2219460234375 0.4248046875 0.21983225156250003 0.4150390625 0.2156047078125 0.4052734375 0.21983225156250003 0.400390625 0.23040110937499997 0.400390625 0.2769040859375 0.41796875 0.83071225625 0.419921875 0.8687601468749999
0 0.443359375 0.864532603125 0.4462890625 0.8708739171875 0.4560546875 0.8793290046875001 0.4794921875 0.8793290046875001 0.484375 0.8729876890625 0.517578125 0.26422145625 0.517578125 0.2092633921875 0.515625 0.20080830624999998 0.5107421875 0.1902394484375 0.5029296875 0.1902394484375 0.4658203125 0.194466990625 0.4423828125 0.202922078125 0.4365234375 0.20714962187500002 0.4306640625 0.2156047078125 0.427734375 0.2219460234375 0.427734375 0.31072443125000004 0.4296875 0.43755073125 0.443359375 0.864532603125
0 0.4951171875 0.4481195890625 0.494140625 0.45023336093750005 0.4951171875 0.4523471328125 0.49609375 0.45023336093750005 0.4951171875 0.4481195890625
0 0.486328125 0.8729876890625 0.4912109375 0.883556546875 0.5283203125 0.8877840906250001 0.5419921875 0.883556546875 0.544921875 0.8772152328124999 0.544921875 0.7588440203125 0.541015625 0.29804180156250004 0.5380859375 0.2790178578125 0.5224609375 0.2747903140625 0.5068359375 0.2747903140625 0.4814453125 0.3043831171875 0.4765625 0.314951975 0.474609375 0.3234070609375 0.4765625 0.458688446875 0.484375 0.8222571703125 0.486328125 0.8729876890625
0 0.5498046875 0.883556546875 0.5634765625 0.8877840906250001 0.5732421875 0.8877840906250001 0.578125 0.8772152328124999 0.59375 0.2388561953125 0.5927734375 0.236742425 0.5693359375 0.236742425 0.5478515625 0.262107684375 0.541015625 0.2769040859375 0.54296875 0.6447003515625 0.546875 0.8729876890625 0.5498046875 0.883556546875
0 0.5849609375 0.892011634375 0.6005859375 0.892011634375 0.603515625 0.8814427765625 0.603515625 0.31917951875 0.6015625 0.281131628125 0.5986328125 0.2747903140625 0.5849609375 0.2747903140625 0.576171875 0.289586715625 0.57421875 0.29804180156250004 0.57421875 0.6024249187499999 0.578125 0.8814427765625 0.5849609375 0.892011634375
0 0.6044921875 0.892011634375 0.6181640625 0.892011634375 0.62109375 0.8856703187500001 0.62109375 0.251538825 0.6201171875 0.2494250546875 0.6162109375 0.2494250546875 0.6123046875 0.25365259687499997 0.603515625 0.27267654218750004 0.6015625 0.281131628125 0.6015625 0.7588440203125 0.603515625 0.8898978625 0.6044921875 0.892011634375
0 0.6337890625 0.9004667203125001 0.63671875 0.89412540625 0.638671875 0.8814427765625 0.646484375 0.2388561953125 0.6455078125 0.236742425 0.6376953125 0.236742425 0.623046875 0.26422145625 0.62109375 0.2769040859375 0.62109375 0.8898978625 0.6279296875 0.9004667203125001 0.6337890625 0.9004667203125001
0 0.640625 0.8856703187500001 0.6455078125 0.896239178125 0.6650390625 0.896239178125 0.671875 0.8898978625 0.673828125 0.864532603125 0.6796875 0.281131628125 0.6748046875 0.26633522656249997 0.6494140625 0.262107684375 0.6455078125 0.262107684375 0.638671875 0.281131628125 0.63671875 0.41218547031249997 0.63671875 0.725023675 0.638671875 0.8772152328124999 0.640625 0.8856703187500001
0 0.6884765625 0.9004667203125001 0.7001953125 0.896239178125 0.703125 0.8898978625 0.705078125 0.6996584140625 0.705078125 0.29804180156250004 0.7021484375 0.2705627703125 0.6865234375 0.2705627703125 0.681640625 0.281131628125 0.677734375 0.3064968890625 0.67578125 0.3529998640625 0.673828125 0.8476224296874999 0.67578125 0.89412540625 0.6826171875 0.9004667203125001 0.6884765625 0.9004667203125001
0 0.7333984375 0.9046942640625 0.7412109375 0.9004667203125001 0.744140625 0.89412540625 0.74609375 0.8053469968750001 0.751953125 0.289586715625 0.748046875 0.27267654218750004 0.7421875 0.25576636875 0.7373046875 0.2494250546875 0.705078125 0.27267654218750004 0.703125 0.8898978625 0.7080078125 0.9004667203125001 0.7158203125 0.9046942640625 0.7333984375 0.9046942640625
0 0.7685546875 0.9046942640625 0.775390625 0.89412540625 0.77734375 0.8729876890625 0.78515625 0.378365125 0.78515625 0.3064968890625 0.7822265625 0.3001555734375 0.7666015625 0.2790178578125 0.7568359375 0.2790178578125 0.751953125 0.28535917187500004 0.75 0.340317234375 0.74609375 0.6235626359374999 0.744140625 0.8898978625 0.7509765625 0.9004667203125001 0.7587890625 0.9046942640625 0.7685546875 0.9046942640625
0 0.7822265625 0.9046942640625 0.7861328125 0.9089218078125001 0.8134765625 0.9089218078125001 0.818359375 0.9025804921875 0.8203125 0.8476224296874999 0.8359375 0.251538825 0.8359375 0.21771847968750002 0.8310546875 0.202922078125 0.8212890625 0.1902394484375 0.8017578125 0.17755681875 0.7763671875 0.17755681875 0.7685546875 0.1817843609375 0.763671875 0.1923532203125 0.763671875 0.251538825 0.77734375 0.89412540625 0.7822265625 0.9046942640625
0 0.8505859375 0.9216044374999999 0.8662109375 0.9216044374999999 0.8701171875 0.91737689375 0.875 0.9025804921875 0.890625 0.2769040859375 0.8837890625 0.26633522656249997 0.8486328125 0.236742425 0.8427734375 0.236742425 0.833984375 0.2684489984375 0.822265625 0.7165685875000001 0.8203125 0.8983529484374999 0.8271484375 0.91314935 0.8330078125 0.91737689375 0.8505859375 0.9216044374999999