1 0.0205078125 0.7059997296875 0.0322265625 0.7102272734375 0.0517578125 0.7102272734375 0.0556640625 0.7059997296875 0.060546875 0.695430871875 0.060546875 0.6573829812499999 0.0576171875 0.6468141234375 0.0185546875 0.6510416671875 0.015625 0.6573829812499999 0.015625 0.6742931546875 0.017578125 0.695430871875 0.0205078125 0.7059997296875
1 0.0908203125 0.714454815625 0.1181640625 0.714454815625 0.125 0.7038859578125 0.12109375 0.6573829812499999 0.1181640625 0.6510416671875 0.0810546875 0.655269209375 0.080078125 0.6616105250000001 0.083984375 0.695430871875 0.0869140625 0.7102272734375 0.0908203125 0.714454815625
1 0.1279296875 0.718682359375 0.1318359375 0.7229099031249999 0.1572265625 0.7229099031249999 0.162109375 0.7165685875000001 0.162109375 0.6996584140625 0.16015625 0.6742931546875 0.1572265625 0.663724296875 0.1240234375 0.663724296875 0.123046875 0.6658380687500001 0.123046875 0.6912033281250001 0.125 0.71234104375 0.1279296875 0.718682359375
1 0.1650390625 0.7229099031249999 0.1767578125 0.7271374453125 0.1865234375 0.7271374453125 0.2001953125 0.7229099031249999 0.201171875 0.72079613125 0.201171875 0.6912033281250001 0.1982421875 0.663724296875 0.1611328125 0.663724296875 0.16015625 0.6658380687500001 0.16015625 0.6912033281250001 0.162109375 0.7165685875000001 0.1650390625 0.7229099031249999
1 0.203125 0.72079613125 0.2060546875 0.7271374453125 0.2353515625 0.7271374453125 0.2421875 0.7165685875000001 0.240234375 0.6700656109375001 0.2373046875 0.663724296875 0.2001953125 0.6679518390625 0.19921875 0.6700656109375001 0.19921875 0.6785206984375 0.201171875 0.7081135015625 0.203125 0.72079613125
1 0.2451171875 0.7229099031249999 0.2783203125 0.7229099031249999 0.28125 0.7165685875000001 0.28125 0.6996584140625 0.279296875 0.6658380687500001 0.2783203125 0.663724296875 0.2412109375 0.663724296875 0.240234375 0.6658380687500001 0.240234375 0.6912033281250001 0.2421875 0.7165685875000001 0.2451171875 0.7229099031249999
1 0.2841796875 0.718682359375 0.2900390625 0.7229099031249999 0.3134765625 0.7229099031249999 0.3203125 0.7165685875000001 0.3203125 0.682748240625 0.3173828125 0.663724296875 0.2822265625 0.659496753125 0.279296875 0.6658380687500001 0.279296875 0.6742931546875 0.28125 0.7081135015625 0.2841796875 0.718682359375
1 0.3251953125 0.7313649890625 0.3662109375 0.7313649890625 0.373046875 0.7165685875000001 0.373046875 0.6996584140625 0.37109375 0.6700656109375001 0.3701171875 0.6679518390625 0.3232421875 0.6679518390625 0.3203125 0.6742931546875 0.3203125 0.6996584140625 0.322265625 0.72079613125 0.3251953125 0.7313649890625
1 0.4150390625 0.7313649890625 0.4228515625 0.7313649890625 0.4326171875 0.7271374453125 0.43359375 0.725023675 0.43359375 0.71234104375 0.4296875 0.6742931546875 0.4267578125 0.6679518390625 0.4091796875 0.6721793828125 0.408203125 0.6742931546875 0.408203125 0.695430871875 0.412109375 0.725023675 0.4150390625 0.7313649890625
1 0.4384765625 0.739820075 0.4423828125 0.739820075 0.4541015625 0.7355925328125 0.45703125 0.7292512171875 0.45703125 0.7081135015625 0.453125 0.6742931546875 0.4521484375 0.6721793828125 0.4423828125 0.6721793828125 0.4306640625 0.6764069265625 0.4296875 0.682748240625 0.43359375 0.7165685875000001 0.4375 0.7377063046875 0.4384765625 0.739820075
1 0.4609375 0.7334787609375 0.4619140625 0.7355925328125 0.4677734375 0.7355925328125 0.4775390625 0.7313649890625 0.478515625 0.7292512171875 0.478515625 0.6996584140625 0.4765625 0.6785206984375 0.4736328125 0.6721793828125 0.4580078125 0.6764069265625 0.45703125 0.6785206984375 0.45703125 0.7038859578125 0.458984375 0.725023675 0.4609375 0.7334787609375
1 0.5009765625 0.7271374453125 0.5078125 0.72079613125 0.5078125 0.7038859578125 0.505859375 0.6785206984375 0.5029296875 0.6679518390625 0.4814453125 0.6721793828125 0.4775390625 0.6764069265625 0.4765625 0.682748240625 0.48046875 0.725023675 0.4833984375 0.7313649890625 0.5009765625 0.7271374453125
1 0.5185546875 0.7355925328125 0.5361328125 0.7271374453125 0.5390625 0.72079613125 0.537109375 0.682748240625 0.5341796875 0.6679518390625 0.5087890625 0.6764069265625 0.505859375 0.682748240625 0.509765625 0.7292512171875 0.5126953125 0.7355925328125 0.5185546875 0.7355925328125
1 0.541015625 0.725023675 0.5419921875 0.7271374453125 0.5458984375 0.7271374453125 0.5576171875 0.7229099031249999 0.55859375 0.72079613125 0.55859375 0.6785206984375 0.556640625 0.6658380687500001 0.5537109375 0.663724296875 0.5380859375 0.6721793828125 0.537109375 0.6742931546875 0.537109375 0.695430871875 0.5390625 0.7165685875000001 0.541015625 0.725023675
1 0.5849609375 0.718682359375 0.6220703125 0.718682359375 0.626953125 0.71234104375 0.626953125 0.6616105250000001 0.6259765625 0.659496753125 0.5771484375 0.655269209375 0.57421875 0.6616105250000001 0.57421875 0.6996584140625 0.5771484375 0.714454815625 0.5849609375 0.718682359375
0 0 0.4417782734375 0.02734375 0.8433948859375 0.0302734375 0.866646375 0.0361328125 0.8708739171875 0.0537109375 0.8751014609375 0.0615234375 0.8708739171875 0.0673828125 0.86241883125 0.0859375 0.8222571703125 0.09375 0.801119453125 0.103515625 0.175443046875 0.1025390625 0.173329275 0.0947265625 0.173329275 0.0009765625 0.236742425 0 0.2388561953125 0 0.4417782734375
0 0.1015625 0.864532603125 0.1064453125 0.8793290046875001 0.1357421875 0.8793290046875001 0.138671875 0.8729876890625 0.142578125 0.171215503125 0.138671875 0.1543053296875 0.1357421875 0.1521915578125 0.0986328125 0.173329275 0.0498046875 0.21983225156250003 0.0419921875 0.23251488125000003 0.0390625 0.2388561953125 0.0390625 0.25576636875 0.041015625 0.281131628125 0.1015625 0.864532603125
0 0.1015625 0.864532603125 0.1064453125 0.8793290046875001 0.1357421875 0.8793290046875001 0.138671875 0.8729876890625 0.177734375 0.1585328734375 0.1767578125 0.1564191015625 0.1298828125 0.1521915578125 0.0966796875 0.173329275 0.0810546875 0.1860119046875 0.0478515625 0.21983225156250003 0.0419921875 0.2282873375 0.0390625 0.234628653125 0.0390625 0.25999391250000004 0.041015625 0.281131628125 0.1015625 0.864532603125
0 0.1279296875 0.456574675 0.126953125 0.458688446875 0.1279296875 0.46080221874999994 0.12890625 0.458688446875 0.1279296875 0.456574675
0 0.140625 0.8729876890625 0.1435546875 0.8793290046875001 0.1533203125 0.883556546875 0.1708984375 0.883556546875 0.173828125 0.8772152328124999 0.1796875 0.1543053296875 0.1787109375 0.1521915578125 0.1650390625 0.1521915578125 0.0908203125 0.2282873375 0.083984375 0.24308373906249997 0.0859375 0.289586715625 0.138671875 0.860305059375 0.140625 0.8729876890625
0 0.17578125 0.8772152328124999 0.1787109375 0.883556546875 0.2080078125 0.883556546875 0.2109375 0.8772152328124999 0.22265625 0.175443046875 0.2138671875 0.1564191015625 0.2099609375 0.1521915578125 0.2041015625 0.1521915578125 0.1982421875 0.1564191015625 0.1591796875 0.198694534375 0.1298828125 0.236742425 0.126953125 0.24308373906249997 0.12890625 0.289586715625 0.173828125 0.864532603125 0.17578125 0.8772152328124999
0 0.19921875 0.682748240625 0.2109375 0.8433948859375 0.21484375 0.8814427765625 0.2197265625 0.8877840906250001 0.2490234375 0.8877840906250001 0.251953125 0.8729876890625 0.26171875 0.175443046875 0.2490234375 0.1564191015625 0.2412109375 0.1564191015625 0.1806640625 0.2282873375 0.1728515625 0.2409699671875 0.171875 0.24308373906249997 0.171875 0.27267654218750004 0.173828125 0.3064968890625 0.19921875 0.682748240625
0 0.2568359375 0.883556546875 0.2880859375 0.883556546875 0.2890625 0.8814427765625 0.2890625 0.8349398000000001 0.259765625 0.28535917187500004 0.255859375 0.2388561953125 0.2548828125 0.236742425 0.2490234375 0.236742425 0.2216796875 0.2747903140625 0.216796875 0.28535917187500004 0.216796875 0.31917951875 0.251953125 0.8687601468749999 0.2568359375 0.883556546875
0 0.2958984375 0.8877840906250001 0.3037109375 0.892011634375 0.3173828125 0.892011634375 0.3232421875 0.8877840906250001 0.326171875 0.8814427765625 0.359375 0.13739515625 0.3232421875 0.1183712125 0.3173828125 0.1183712125 0.2802734375 0.1606466453125 0.2587890625 0.1902394484375 0.255859375 0.1965807625 0.255859375 0.234628653125 0.291015625 0.8772152328124999 0.2958984375 0.8877840906250001
0 0.3330078125 0.883556546875 0.3427734375 0.8877840906250001 0.3623046875 0.8877840906250001 0.3740234375 0.883556546875 0.37890625 0.8687601468749999 0.3828125 0.8222571703125 0.3828125 0.7419338468750001 0.373046875 0.1838981328125 0.3701171875 0.17755681875 0.3564453125 0.1606466453125 0.3525390625 0.1606466453125 0.3251953125 0.202922078125 0.302734375 0.24308373906249997 0.30078125 0.251538825 0.30078125 0.25999391250000004 0.328125 0.8729876890625 0.3330078125 0.883556546875
0 0.4296875 0.8814427765625 0.4365234375 0.892011634375 0.4443359375 0.892011634375 0.451171875 0.8814427765625 0.451171875 0.8729876890625 0.396484375 0.1585328734375 0.3935546875 0.1564191015625 0.3818359375 0.17755681875 0.361328125 0.2219460234375 0.359375 0.23040110937499997 0.359375 0.24308373906249997 0.423828125 0.8349398000000001 0.4296875 0.8814427765625
0 0.4541015625 0.892011634375 0.4716796875 0.892011634375 0.474609375 0.8814427765625 0.439453125 0.12471252656250001 0.4384765625 0.12259875468749999 0.4169921875 0.12259875468749999 0.392578125 0.175443046875 0.3828125 0.20080830624999998 0.380859375 0.2134909359375 0.3828125 0.2388561953125 0.451171875 0.8814427765625 0.4541015625 0.892011634375
0 0.46484375 0.7926643671875 0.474609375 0.8772152328124999 0.4794921875 0.892011634375 0.4912109375 0.892011634375 0.49609375 0.8856703187500001 0.494140625 0.8518499734375 0.44140625 0.314951975 0.4375 0.281131628125 0.4326171875 0.26633522656249997 0.4306640625 0.26633522656249997 0.42578125 0.2769040859375 0.419921875 0.3022693453125 0.41796875 0.314951975 0.41796875 0.3360896921875 0.419921875 0.36145495156249996 0.46484375 0.7926643671875
0 0.46484375 0.7926643671875 0.474609375 0.8772152328124999 0.4794921875 0.892011634375 0.4912109375 0.892011634375 0.49609375 0.8856703187500001 0.494140625 0.8518499734375 0.44140625 0.314951975 0.4375 0.281131628125 0.4326171875 0.26633522656249997 0.4306640625 0.26633522656249997 0.42578125 0.2769040859375 0.419921875 0.3022693453125 0.41796875 0.314951975 0.41796875 0.3360896921875 0.419921875 0.36145495156249996 0.46484375 0.7926643671875
0 0.5009765625 0.892011634375 0.5166015625 0.892011634375 0.521484375 0.8856703187500001 0.521484375 0.860305059375 0.470703125 0.1331676140625 0.4697265625 0.1310538421875 0.4482421875 0.1310538421875 0.4443359375 0.1352813859375 0.439453125 0.1543053296875 0.431640625 0.1965807625 0.4296875 0.2134909359375 0.484375 0.8349398000000001 0.49609375 0.8814427765625 0.5009765625 0.892011634375
0 0.5234375 0.8814427765625 0.5263671875 0.892011634375 0.5458984375 0.892011634375 0.55078125 0.8856703187500001 0.55078125 0.8560775156249999 0.505859375 0.14585024375 0.5009765625 0.1310538421875 0.4736328125 0.1310538421875 0.470703125 0.13739515625 0.46875 0.1500777875 0.46484375 0.1881256765625 0.46484375 0.23040110937499997 0.515625 0.8053469968750001 0.5234375 0.8814427765625
0 0.548828125 0.8433948859375 0.552734375 0.8772152328124999 0.5556640625 0.883556546875 0.5654296875 0.883556546875 0.5703125 0.8729876890625 0.5703125 0.8476224296874999 0.53515625 0.24308373906249997 0.533203125 0.226173565625 0.5185546875 0.198694534375 0.5107421875 0.198694534375 0.5029296875 0.202922078125 0.501953125 0.20503585000000002 0.501953125 0.234628653125 0.50390625 0.289586715625 0.548828125 0.8433948859375
0 0.5810546875 0.8793290046875001 0.5947265625 0.883556546875 0.6142578125 0.883556546875 0.6201171875 0.8793290046875001 0.625 0.8687601468749999 0.63671875 0.21771847968750002 0.630859375 0.1881256765625 0.625 0.171215503125 0.6142578125 0.147964015625 0.5712890625 0.1606466453125 0.5703125 0.1627604171875 0.568359375 0.1796705890625 0.57421875 0.7038859578125 0.578125 0.8729876890625 0.5810546875 0.8793290046875001