1 0.0478515625 0.74404761875 0.05078125 0.7377063046875 0.044921875 0.695430871875 0.0419921875 0.68908955625 0.0068359375 0.6933171 0.005859375 0.6996584140625 0.0146484375 0.7482751624999999 0.0380859375 0.7482751624999999 0.0478515625 0.74404761875
1 0.0732421875 0.739820075 0.0791015625 0.7355925328125 0.08203125 0.7292512171875 0.076171875 0.6912033281250001 0.0732421875 0.6848620125 0.0458984375 0.68908955625 0.044921875 0.6912033281250001 0.044921875 0.7038859578125 0.0517578125 0.739820075 0.0732421875 0.739820075
1 0.0849609375 0.74404761875 0.0947265625 0.74404761875 0.10546875 0.7377063046875 0.103515625 0.71234104375 0.0986328125 0.6848620125 0.0830078125 0.6848620125 0.0771484375 0.68908955625 0.076171875 0.6912033281250001 0.078125 0.7081135015625 0.08203125 0.7334787609375 0.0849609375 0.74404761875
1 0.1103515625 0.74404761875 0.1337890625 0.739820075 0.138671875 0.7334787609375 0.138671875 0.725023675 0.1328125 0.6869757843750001 0.1298828125 0.6806344703125 0.1025390625 0.6848620125 0.099609375 0.6912033281250001 0.103515625 0.72079613125 0.107421875 0.7377063046875 0.1103515625 0.74404761875
1 0.1572265625 0.7355925328125 0.1630859375 0.7313649890625 0.166015625 0.725023675 0.166015625 0.7165685875000001 0.162109375 0.682748240625 0.1591796875 0.6764069265625 0.1337890625 0.6806344703125 0.1328125 0.682748240625 0.1328125 0.695430871875 0.1396484375 0.7355925328125 0.1572265625 0.7355925328125
1 0.1689453125 0.7271374453125 0.1943359375 0.7271374453125 0.197265625 0.72079613125 0.197265625 0.7038859578125 0.1953125 0.682748240625 0.1923828125 0.6679518390625 0.1806640625 0.6679518390625 0.1630859375 0.6721793828125 0.162109375 0.6742931546875 0.162109375 0.6869757843750001 0.166015625 0.7165685875000001 0.1689453125 0.7271374453125
1 0.2021484375 0.7271374453125 0.2138671875 0.7229099031249999 0.216796875 0.71234104375 0.212890625 0.6742931546875 0.2109375 0.6658380687500001 0.2099609375 0.663724296875 0.2021484375 0.663724296875 0.1943359375 0.6679518390625 0.193359375 0.6700656109375001 0.193359375 0.6785206984375 0.19921875 0.72079613125 0.2021484375 0.7271374453125
1 0.2177734375 0.714454815625 0.2255859375 0.714454815625 0.2294921875 0.7102272734375 0.232421875 0.7038859578125 0.2265625 0.6616105250000001 0.2236328125 0.655269209375 0.2119140625 0.655269209375 0.2109375 0.6573829812499999 0.2109375 0.6700656109375001 0.216796875 0.71234104375 0.2177734375 0.714454815625
1 0.2392578125 0.718682359375 0.2451171875 0.714454815625 0.24609375 0.71234104375 0.24609375 0.6996584140625 0.240234375 0.6573829812499999 0.2392578125 0.655269209375 0.2353515625 0.655269209375 0.2275390625 0.659496753125 0.2265625 0.6658380687500001 0.232421875 0.71234104375 0.2353515625 0.718682359375 0.2392578125 0.718682359375
1 0.2646484375 0.714454815625 0.2744140625 0.714454815625 0.2783203125 0.7102272734375 0.279296875 0.7081135015625 0.279296875 0.6912033281250001 0.275390625 0.6573829812499999 0.2724609375 0.6510416671875 0.2587890625 0.655269209375 0.255859375 0.6616105250000001 0.255859375 0.6658380687500001 0.26171875 0.7081135015625 0.2646484375 0.714454815625
1 0.2841796875 0.7102272734375 0.2939453125 0.7059997296875 0.296875 0.6996584140625 0.296875 0.6912033281250001 0.291015625 0.6489278953125 0.2900390625 0.6468141234375 0.2763671875 0.6510416671875 0.275390625 0.6531554390625 0.275390625 0.6658380687500001 0.28125 0.7081135015625 0.2841796875 0.7102272734375
1 0.2998046875 0.7102272734375 0.3115234375 0.7059997296875 0.3125 0.7038859578125 0.3125 0.682748240625 0.310546875 0.6616105250000001 0.30859375 0.6531554390625 0.3056640625 0.6468141234375 0.2939453125 0.6510416671875 0.29296875 0.6531554390625 0.29296875 0.6700656109375001 0.296875 0.7038859578125 0.2998046875 0.7102272734375
1 0.3154296875 0.714454815625 0.3193359375 0.714454815625 0.3291015625 0.7102272734375 0.33203125 0.7038859578125 0.33203125 0.6742931546875 0.330078125 0.6531554390625 0.3271484375 0.6468141234375 0.3251953125 0.6468141234375 0.3115234375 0.655269209375 0.310546875 0.6573829812499999 0.310546875 0.6742931546875 0.314453125 0.71234104375 0.3154296875 0.714454815625
1 0.3388671875 0.7059997296875 0.3505859375 0.7017721859375 0.3544921875 0.6975446421875 0.359375 0.6869757843750001 0.359375 0.6531554390625 0.357421875 0.6362452656250001 0.3544921875 0.62990395 0.3310546875 0.6468141234375 0.330078125 0.6489278953125 0.330078125 0.6616105250000001 0.333984375 0.695430871875 0.3388671875 0.7059997296875
1 0.3701171875 0.6975446421875 0.3779296875 0.6975446421875 0.3896484375 0.68908955625 0.39453125 0.6785206984375 0.390625 0.6320177218749999 0.3876953125 0.62567640625 0.3642578125 0.63413149375 0.361328125 0.6404728078125 0.365234375 0.6785206984375 0.3671875 0.6912033281250001 0.3701171875 0.6975446421875
1 0.3994140625 0.6933171 0.4169921875 0.68908955625 0.42578125 0.682748240625 0.42578125 0.6616105250000001 0.423828125 0.6404728078125 0.421875 0.6277901781249999 0.4189453125 0.6214488640625 0.3935546875 0.62990395 0.392578125 0.6320177218749999 0.392578125 0.6531554390625 0.396484375 0.6869757843750001 0.3994140625 0.6933171
1 0.4287109375 0.6933171 0.4345703125 0.6933171 0.4404296875 0.68908955625 0.44140625 0.6869757843750001 0.44140625 0.6658380687500001 0.4375 0.6277901781249999 0.4345703125 0.62567640625 0.4248046875 0.62990395 0.423828125 0.6320177218749999 0.423828125 0.6531554390625 0.427734375 0.6912033281250001 0.4287109375 0.6933171
1 0.5107421875 0.6721793828125 0.5166015625 0.6721793828125 0.5400390625 0.663724296875 0.55078125 0.6531554390625 0.548828125 0.6066524624999999 0.5458984375 0.600311146875 0.5068359375 0.6172213203125 0.505859375 0.6193350921875 0.505859375 0.6447003515625 0.5078125 0.6658380687500001 0.5107421875 0.6721793828125
1 0.5537109375 0.659496753125 0.5673828125 0.659496753125 0.5791015625 0.655269209375 0.58984375 0.6447003515625 0.58984375 0.6066524624999999 0.5869140625 0.5876285171875 0.5498046875 0.600311146875 0.548828125 0.6024249187499999 0.548828125 0.6235626359374999 0.55078125 0.6489278953125 0.5537109375 0.659496753125
1 0.5947265625 0.6510416671875 0.6162109375 0.6510416671875 0.6240234375 0.6468141234375 0.626953125 0.6404728078125 0.625 0.5897422890625 0.6220703125 0.5834009734375 0.5908203125 0.5918560609375 0.58984375 0.5939698328125 0.58984375 0.6151075484375 0.591796875 0.6447003515625 0.5947265625 0.6510416671875
1 0.6337890625 0.6510416671875 0.6455078125 0.6510416671875 0.658203125 0.6447003515625 0.66015625 0.6320177218749999 0.658203125 0.5855147453125 0.6572265625 0.5834009734375 0.6279296875 0.5876285171875 0.626953125 0.5897422890625 0.625 0.598197375 0.626953125 0.6404728078125 0.6298828125 0.6468141234375 0.6337890625 0.6510416671875
1 0.6650390625 0.6510416671875 0.6884765625 0.6510416671875 0.697265625 0.6447003515625 0.697265625 0.5897422890625 0.6943359375 0.5834009734375 0.6611328125 0.5834009734375 0.66015625 0.5855147453125 0.66015625 0.6066524624999999 0.662109375 0.6404728078125 0.6650390625 0.6510416671875
1 0.7021484375 0.6468141234375 0.7275390625 0.6383590375 0.734375 0.6320177218749999 0.734375 0.5770596593749999 0.7333984375 0.5749458875 0.6982421875 0.5834009734375 0.697265625 0.5855147453125 0.697265625 0.6151075484375 0.69921875 0.6404728078125 0.7021484375 0.6468141234375
1 0.7509765625 0.63413149375 0.7587890625 0.62990395 0.759765625 0.6277901781249999 0.759765625 0.568604571875 0.7587890625 0.5664908015625 0.7548828125 0.5664908015625 0.7373046875 0.5707183437500001 0.734375 0.5770596593749999 0.736328125 0.6320177218749999 0.7373046875 0.63413149375 0.7509765625 0.63413149375
1 0.7822265625 0.62990395 0.7998046875 0.62567640625 0.8134765625 0.6214488640625 0.81640625 0.6151075484375 0.81640625 0.5559219421875 0.8154296875 0.5538081703125 0.7607421875 0.5622632578125 0.759765625 0.5643770296875 0.759765625 0.6151075484375 0.7646484375 0.62990395 0.7822265625 0.62990395
1 0.8271484375 0.62990395 0.8759765625 0.6172213203125 0.880859375 0.6108800046875 0.880859375 0.5516943999999999 0.8798828125 0.549580628125 0.8193359375 0.5580357140625 0.818359375 0.5601494859375 0.818359375 0.6193350921875 0.8212890625 0.62567640625 0.8271484375 0.62990395
1 0.8857421875 0.6172213203125 0.9072265625 0.6129937765625 0.9111328125 0.608766234375 0.912109375 0.6066524624999999 0.912109375 0.5432393125 0.9091796875 0.541125540625 0.8837890625 0.5453530843750001 0.880859375 0.5516943999999999 0.880859375 0.6108800046875 0.8837890625 0.6172213203125 0.8857421875 0.6172213203125
1 0.9287109375 0.608766234375 0.9462890625 0.604538690625 0.94921875 0.598197375 0.951171875 0.5432393125 0.9482421875 0.5368979984375 0.9150390625 0.541125540625 0.9140625 0.5432393125 0.9140625 0.6066524624999999 0.9150390625 0.608766234375 0.9287109375 0.608766234375
1 0.9638671875 0.600311146875 0.98828125 0.5855147453125 0.98828125 0.5263291390625 0.9853515625 0.5199878250000001 0.9521484375 0.5326704546875 0.951171875 0.5347842265625 0.951171875 0.598197375 0.9521484375 0.600311146875 0.9638671875 0.600311146875
0 0 0.6573829812499999 0.00390625 0.6869757843750001 0.033203125 0.8772152328124999 0.037109375 0.89412540625 0.0419921875 0.9046942640625 0.0595703125 0.9046942640625 0.0693359375 0.9004667203125001 0.072265625 0.89412540625 0.072265625 0.8772152328124999 0.0703125 0.860305059375 0.009765625 0.462915990625 0.0009765625 0.4142992421875 0 0.4164130140625 0 0.6573829812499999
0 0 0.407957928125 0.0703125 0.8814427765625 0.072265625 0.8898978625 0.0791015625 0.9004667203125001 0.0927734375 0.9004667203125001 0.1005859375 0.896239178125 0.103515625 0.8898978625 0.103515625 0.8814427765625 0.09765625 0.8349398000000001 0.01953125 0.28535917187500004 0.0166015625 0.2790178578125 0.0087890625 0.2790178578125 0.0009765625 0.2832454 0 0.28535917187500004 0 0.407957928125
0 0.1064453125 0.896239178125 0.1259765625 0.896239178125 0.126953125 0.89412540625 0.126953125 0.8814427765625 0.044921875 0.2769040859375 0.0380859375 0.2705627703125 0.0244140625 0.2790178578125 0.01953125 0.289586715625 0.021484375 0.31072443125000004 0.103515625 0.8898978625 0.1064453125 0.896239178125
0 0.125 0.8814427765625 0.126953125 0.8898978625 0.1318359375 0.896239178125 0.1552734375 0.896239178125 0.158203125 0.8898978625 0.158203125 0.8814427765625 0.15234375 0.83071225625 0.138671875 0.725023675 0.076171875 0.2769040859375 0.0751953125 0.2747903140625 0.0654296875 0.2747903140625 0.0517578125 0.2790178578125 0.0478515625 0.2832454 0.044921875 0.289586715625 0.044921875 0.293814259375 0.05078125 0.340317234375 0.125 0.8814427765625
0 0.1630859375 0.896239178125 0.1748046875 0.896239178125 0.1826171875 0.892011634375 0.18359375 0.8898978625 0.18359375 0.864532603125 0.1796875 0.8222571703125 0.109375 0.25999391250000004 0.1044921875 0.25365259687499997 0.0810546875 0.262107684375 0.076171875 0.27267654218750004 0.080078125 0.31072443125000004 0.158203125 0.8856703187500001 0.1630859375 0.896239178125
0 0.1513671875 0.57917343125 0.150390625 0.581287203125 0.1513671875 0.5876285171875 0.15234375 0.5855147453125 0.1513671875 0.57917343125
0 0.1982421875 0.892011634375 0.2138671875 0.8877840906250001 0.216796875 0.8814427765625 0.216796875 0.21771847968750002 0.2158203125 0.2156047078125 0.1982421875 0.2156047078125 0.1826171875 0.21983225156250003 0.1044921875 0.262107684375 0.103515625 0.26422145625 0.18359375 0.864532603125 0.1943359375 0.8877840906250001 0.1982421875 0.892011634375
0 0.21875 0.8814427765625 0.2216796875 0.8877840906250001 0.2294921875 0.8877840906250001 0.232421875 0.8814427765625 0.232421875 0.8560775156249999 0.228515625 0.8138020828125001 0.16796875 0.2769040859375 0.1650390625 0.2705627703125 0.1533203125 0.2747903140625 0.1484375 0.28535917187500004 0.1484375 0.293814259375 0.197265625 0.71234104375 0.21875 0.8814427765625
0 0.216796875 0.7081135015625 0.2314453125 0.74404761875 0.232421875 0.7419338468750001 0.232421875 0.7292512171875 0.23046875 0.6912033281250001 0.185546875 0.281131628125 0.1826171875 0.2747903140625 0.1787109375 0.2747903140625 0.1728515625 0.2790178578125 0.169921875 0.28535917187500004 0.169921875 0.314951975 0.205078125 0.6193350921875 0.216796875 0.7081135015625
0 0.1982421875 0.4142992421875 0.19921875 0.41218547031249997 0.19921875 0.395275296875 0.19140625 0.28535917187500004 0.1904296875 0.2832454 0.1865234375 0.2832454 0.18359375 0.289586715625 0.18359375 0.31072443125000004 0.19140625 0.378365125 0.1982421875 0.4142992421875
0 0.2001953125 0.3297483765625 0.2138671875 0.3382034625 0.21484375 0.3360896921875 0.21484375 0.3234070609375 0.2109375 0.2684489984375 0.2080078125 0.262107684375 0.2041015625 0.262107684375 0.197265625 0.2684489984375 0.1953125 0.2769040859375 0.1953125 0.314951975 0.197265625 0.3234070609375 0.2001953125 0.3297483765625
0 0.2548828125 0.8793290046875001 0.2626953125 0.8793290046875001 0.265625 0.8729876890625 0.265625 0.864532603125 0.26171875 0.8222571703125 0.216796875 0.41218547031249997 0.2109375 0.37413758124999996 0.2021484375 0.3382034625 0.19921875 0.344544778125 0.201171875 0.45023336093750005 0.25 0.864532603125 0.2548828125 0.8793290046875001
0 0.265625 0.8729876890625 0.2666015625 0.8751014609375 0.2783203125 0.8751014609375 0.279296875 0.8729876890625 0.279296875 0.8476224296874999 0.2265625 0.25999391250000004 0.2255859375 0.25788014062500003 0.2138671875 0.25788014062500003 0.1982421875 0.2705627703125 0.197265625 0.27267654218750004 0.197265625 0.29804180156250004 0.2578125 0.8180296265625 0.265625 0.8729876890625
0 0.28125 0.8729876890625 0.2861328125 0.8793290046875001 0.2919921875 0.8793290046875001 0.296875 0.8729876890625 0.296875 0.8476224296874999 0.27734375 0.6700656109375001 0.232421875 0.289586715625 0.2255859375 0.25788014062500003 0.2216796875 0.25365259687499997 0.2138671875 0.25788014062500003 0.208984375 0.2684489984375 0.208984375 0.27267654218750004 0.267578125 0.77575419375 0.28125 0.8729876890625
0 0.2900390625 0.6510416671875 0.291015625 0.6489278953125 0.291015625 0.6404728078125 0.248046875 0.2684489984375 0.2431640625 0.25365259687499997 0.2314453125 0.25788014062500003 0.228515625 0.26422145625 0.271484375 0.6362452656250001 0.2763671875 0.655269209375 0.2900390625 0.6510416671875
0 0.3193359375 0.8708739171875 0.3271484375 0.8708739171875 0.3310546875 0.866646375 0.33203125 0.860305059375 0.3125 0.6785206984375 0.263671875 0.25999391250000004 0.2587890625 0.2494250546875 0.2509765625 0.2494250546875 0.2470703125 0.25365259687499997 0.24609375 0.25999391250000004 0.251953125 0.31917951875 0.314453125 0.860305059375 0.3193359375 0.8708739171875
0 0.3369140625 0.8751014609375 0.3427734375 0.8751014609375 0.3486328125 0.8708739171875 0.3515625 0.864532603125 0.3515625 0.8476224296874999 0.33203125 0.12048498437499999 0.3310546875 0.1183712125 0.3173828125 0.1183712125 0.2626953125 0.1521915578125 0.255859375 0.1627604171875 0.248046875 0.25576636875 0.248046875 0.2684489984375 0.330078125 0.860305059375 0.3369140625 0.8751014609375
0 0.3564453125 0.8708739171875 0.3642578125 0.8751014609375 0.3701171875 0.8708739171875 0.375 0.860305059375 0.376953125 0.8518499734375 0.375 0.7968919109375 0.310546875 0.171215503125 0.3056640625 0.1606466453125 0.2978515625 0.1606466453125 0.2802734375 0.16910173125 0.275390625 0.1796705890625 0.275390625 0.1838981328125 0.3515625 0.8560775156249999 0.3564453125 0.8708739171875
0 0.384765625 0.860305059375 0.3876953125 0.866646375 0.4033203125 0.866646375 0.41015625 0.8560775156249999 0.41015625 0.8349398000000001 0.353515625 0.12894007031250002 0.3525390625 0.12682629843749998 0.3447265625 0.12682629843749998 0.3330078125 0.1310538421875 0.3251953125 0.1352813859375 0.3115234375 0.147964015625 0.30859375 0.1543053296875 0.30859375 0.1627604171875 0.375 0.7799817375 0.384765625 0.860305059375
0 0.412109375 0.8476224296874999 0.4150390625 0.8581912875000001 0.4365234375 0.8581912875000001 0.44140625 0.8518499734375 0.44140625 0.8264847124999999 0.380859375 0.20080830624999998 0.3798828125 0.198694534375 0.3583984375 0.198694534375 0.3525390625 0.20714962187500002 0.349609375 0.2134909359375 0.349609375 0.2388561953125 0.380859375 0.5516943999999999 0.412109375 0.8476224296874999
0 0.443359375 0.8560775156249999 0.4462890625 0.86241883125 0.4521484375 0.86241883125 0.458984375 0.8560775156249999 0.458984375 0.8433948859375 0.419921875 0.166987959375 0.4169921875 0.1606466453125 0.4130859375 0.1606466453125 0.3818359375 0.198694534375 0.380859375 0.20080830624999998 0.380859375 0.226173565625 0.44140625 0.8433948859375 0.443359375 0.8560775156249999
0 0.51953125 0.7799817375 0.5234375 0.8053469968750001 0.529296875 0.83071225625 0.5322265625 0.8370535718750001 0.5517578125 0.8370535718750001 0.55859375 0.8264847124999999 0.55859375 0.7926643671875 0.55078125 0.6404728078125 0.5234375 0.1796705890625 0.521484375 0.171215503125 0.5185546875 0.1648741890625 0.5166015625 0.1648741890625 0.4853515625 0.17755681875 0.482421875 0.1881256765625 0.478515625 0.2473112828125 0.478515625 0.26422145625 0.509765625 0.695430871875 0.51953125 0.7799817375
0 0.5625 0.8264847124999999 0.5654296875 0.832826028125 0.5849609375 0.832826028125 0.5927734375 0.828598484375 0.599609375 0.8180296265625 0.599609375 0.7968919109375 0.5625 0.061299378125000005 0.5595703125 0.0549580625 0.5322265625 0.0549580625 0.5009765625 0.06341315 0.498046875 0.0697544640625 0.5 0.112029896875 0.55859375 0.801119453125 0.5625 0.8264847124999999
0 0.599609375 0.8138020828125001 0.6044921875 0.828598484375 0.6240234375 0.828598484375 0.6298828125 0.8243709421875 0.634765625 0.8138020828125001 0.634765625 0.7884368234375 0.603515625 0.07820955156250001 0.6015625 0.052844290625 0.5966796875 0.0422754328125 0.5849609375 0.0422754328125 0.564453125 0.052844290625 0.5625 0.061299378125000005 0.5625 0.0697544640625 0.56640625 0.1543053296875 0.599609375 0.8138020828125001
0 0.6416015625 0.828598484375 0.6591796875 0.828598484375 0.666015625 0.8180296265625 0.666015625 0.77575419375 0.64453125 0.12471252656250001 0.640625 0.040161660937499996 0.6376953125 0.033820346875000004 0.6123046875 0.033820346875000004 0.6005859375 0.0380478890625 0.599609375 0.0443892046875 0.6328125 0.801119453125 0.63671875 0.8222571703125 0.6416015625 0.828598484375
0 0.6640625 0.77152665 0.666015625 0.8053469968750001 0.66796875 0.8180296265625 0.6728515625 0.832826028125 0.6943359375 0.832826028125 0.7001953125 0.828598484375 0.703125 0.8222571703125 0.703125 0.7926643671875 0.6875 0.175443046875 0.685546875 0.13739515625 0.6806640625 0.12259875468749999 0.6611328125 0.12259875468749999 0.6455078125 0.12682629843749998 0.64453125 0.12894007031250002 0.64453125 0.1585328734375 0.646484375 0.24308373906249997 0.6640625 0.77152665
0 0.7236328125 0.828598484375 0.73828125 0.8138020828125001 0.73828125 0.7546164765625 0.7265625 0.112029896875 0.7216796875 0.1014610390625 0.7001953125 0.093005953125 0.6806640625 0.093005953125 0.6796875 0.0951197234375 0.677734375 0.112029896875 0.703125 0.8180296265625 0.7080078125 0.828598484375 0.7236328125 0.828598484375
0 0.7431640625 0.8159158546875 0.7548828125 0.8159158546875 0.76171875 0.809574540625 0.76171875 0.6996584140625 0.75390625 0.1543053296875 0.7509765625 0.1310538421875 0.7451171875 0.12682629843749998 0.7294921875 0.12682629843749998 0.728515625 0.12894007031250002 0.7265625 0.1500777875 0.73828125 0.7588440203125 0.740234375 0.809574540625 0.7431640625 0.8159158546875
0 0.7841796875 0.5622632578125 0.8134765625 0.5538081703125 0.81640625 0.54746685625 0.81640625 0.5051914234375 0.8125 0.0951197234375 0.8076171875 0.08032332187499999 0.7626953125 0.0760957796875 0.7353515625 0.0760957796875 0.7099609375 0.088778409375 0.708984375 0.0951197234375 0.759765625 0.5601494859375 0.7607421875 0.5622632578125 0.7841796875 0.5622632578125
0 0.8310546875 0.20714962187500002 0.830078125 0.2092633921875 0.8310546875 0.2156047078125 0.83203125 0.2134909359375 0.8310546875 0.20714962187500002
0 0.822265625 0.8053469968750001 0.8271484375 0.8116883109374999 0.8505859375 0.8116883109374999 0.8759765625 0.8032332249999999 0.87890625 0.7968919109375 0.880859375 0.6151075484375 0.8828125 0.3022693453125 0.8828125 0.057071834375 0.8759765625 0.0422754328125 0.8564453125 0.0380478890625 0.8037109375 0.0380478890625 0.7509765625 0.050730518749999995 0.748046875 0.057071834375 0.748046875 0.0697544640625 0.8203125 0.7968919109375 0.822265625 0.8053469968750001
0 0.9111328125 0.4734848484375 0.9140625 0.462915990625 0.916015625 0.21771847968750002 0.916015625 0.040161660937499996 0.9111328125 0.029592803125 0.8896484375 0.029592803125 0.8828125 0.035934117187499996 0.880859375 0.4671435328125 0.8837890625 0.4777123921875 0.8974609375 0.4777123921875 0.9111328125 0.4734848484375
0 0.9404296875 0.541125540625 0.9482421875 0.5368979984375 0.951171875 0.5305566828125 0.955078125 0.1416227 0.955078125 0.02747903125 0.9521484375 0.0211377171875 0.9326171875 0.0211377171875 0.9189453125 0.029592803125 0.91796875 0.031706575 0.916015625 0.0655269203125 0.9140625 0.34877232187499996 0.9140625 0.53901176875 0.9150390625 0.541125540625 0.9404296875 0.541125540625
0 0.958984375 0.4164130140625 0.958984375 0.407957928125 0.9560546875 0.40584415625 0.955078125 0.407957928125 0.955078125 0.4164130140625 0.9580078125 0.41852678593750003 0.958984375 0.4164130140625
0 0.9658203125 0.7905505953125 0.9814453125 0.782095509375 0.984375 0.77575419375 0.986328125 0.7630715640625 0.99609375 0.07820955156250001 0.99609375 0.019023945312500002 0.9912109375 0.008455085937499999 0.9833984375 0.008455085937499999 0.9599609375 0.016910173437500002 0.95703125 0.0232514875 0.955078125 0.0443892046875 0.951171875 0.4417782734375 0.94921875 0.6447003515625 0.94921875 0.7842092796875 0.9521484375 0.7905505953125 0.9658203125 0.7905505953125