1 0 0.7546164765625 0.0009765625 0.7567302484375 0.0517578125 0.7567302484375 0.0546875 0.750388934375 0.056640625 0.7292512171875 0.056640625 0.682748240625 0.0556640625 0.6806344703125 0.0048828125 0.6806344703125 0.001953125 0.6869757843750001 0 0.7081135015625 0 0.7546164765625
1 0.1103515625 0.75250270625 0.11328125 0.746161390625 0.115234375 0.695430871875 0.115234375 0.682748240625 0.1142578125 0.6806344703125 0.0615234375 0.6764069265625 0.05859375 0.682748240625 0.056640625 0.6996584140625 0.056640625 0.750388934375 0.0576171875 0.75250270625 0.1103515625 0.75250270625
1 0.1455078125 0.75250270625 0.146484375 0.750388934375 0.1484375 0.682748240625 0.1474609375 0.6806344703125 0.1162109375 0.6806344703125 0.115234375 0.682748240625 0.11328125 0.7038859578125 0.11328125 0.750388934375 0.1142578125 0.75250270625 0.1455078125 0.75250270625
1 0.1728515625 0.75250270625 0.173828125 0.750388934375 0.17578125 0.682748240625 0.1728515625 0.6764069265625 0.1513671875 0.6764069265625 0.1484375 0.682748240625 0.146484375 0.7081135015625 0.146484375 0.750388934375 0.1474609375 0.75250270625 0.1728515625 0.75250270625
1 0.2041015625 0.75250270625 0.20703125 0.746161390625 0.208984375 0.7081135015625 0.208984375 0.6785206984375 0.2080078125 0.6764069265625 0.1806640625 0.6721793828125 0.1787109375 0.6721793828125 0.17578125 0.6785206984375 0.173828125 0.7081135015625 0.173828125 0.750388934375 0.1748046875 0.75250270625 0.2041015625 0.75250270625
1 0.2548828125 0.75250270625 0.2578125 0.746161390625 0.259765625 0.695430871875 0.259765625 0.682748240625 0.2587890625 0.6806344703125 0.2548828125 0.6764069265625 0.2099609375 0.6764069265625 0.208984375 0.6785206984375 0.20703125 0.7165685875000001 0.20703125 0.750388934375 0.2080078125 0.75250270625 0.2548828125 0.75250270625
1 0.2783203125 0.7482751624999999 0.3017578125 0.7482751624999999 0.302734375 0.746161390625 0.3046875 0.7377063046875 0.306640625 0.6869757843750001 0.306640625 0.6785206984375 0.3056640625 0.6764069265625 0.3017578125 0.6721793828125 0.2607421875 0.6721793828125 0.259765625 0.6742931546875 0.2578125 0.7165685875000001 0.2578125 0.7419338468750001 0.2587890625 0.74404761875 0.2783203125 0.7482751624999999
1 0.3212890625 0.74404761875 0.3349609375 0.74404761875 0.337890625 0.7334787609375 0.33984375 0.6700656109375001 0.3271484375 0.663724296875 0.3076171875 0.663724296875 0.306640625 0.6658380687500001 0.3046875 0.695430871875 0.3046875 0.7377063046875 0.3056640625 0.739820075 0.3212890625 0.74404761875
1 0.3505859375 0.7355925328125 0.3837890625 0.7355925328125 0.384765625 0.7334787609375 0.38671875 0.7038859578125 0.38671875 0.6658380687500001 0.3857421875 0.663724296875 0.3720703125 0.659496753125 0.3408203125 0.659496753125 0.33984375 0.6616105250000001 0.337890625 0.6912033281250001 0.337890625 0.7292512171875 0.3388671875 0.7313649890625 0.3505859375 0.7355925328125
1 0.4248046875 0.7355925328125 0.42578125 0.7334787609375 0.427734375 0.7081135015625 0.427734375 0.6616105250000001 0.4267578125 0.659496753125 0.4111328125 0.655269209375 0.3896484375 0.655269209375 0.38671875 0.6616105250000001 0.384765625 0.725023675 0.3876953125 0.7313649890625 0.4052734375 0.7355925328125 0.4248046875 0.7355925328125
1 0.443359375 0.7377063046875 0.4453125 0.695430871875 0.4453125 0.6658380687500001 0.4443359375 0.663724296875 0.4287109375 0.663724296875 0.427734375 0.6658380687500001 0.42578125 0.7334787609375 0.4287109375 0.739820075 0.4423828125 0.739820075 0.443359375 0.7377063046875
1 0.4794921875 0.7355925328125 0.482421875 0.7334787609375 0.484375 0.7165685875000001 0.484375 0.6573829812499999 0.4833984375 0.655269209375 0.4677734375 0.6510416671875 0.4482421875 0.6510416671875 0.4453125 0.6573829812499999 0.443359375 0.695430871875 0.443359375 0.725023675 0.4443359375 0.7271374453125 0.4794921875 0.7355925328125
1 0.5224609375 0.7271374453125 0.525390625 0.725023675 0.52734375 0.7081135015625 0.52734375 0.6531554390625 0.5263671875 0.6510416671875 0.5224609375 0.6468141234375 0.5009765625 0.6425865796875 0.4873046875 0.6425865796875 0.486328125 0.6447003515625 0.484375 0.682748240625 0.484375 0.7165685875000001 0.4853515625 0.718682359375 0.5224609375 0.7271374453125
1 0.5400390625 0.718682359375 0.5888671875 0.7271374453125 0.5966796875 0.7271374453125 0.599609375 0.72079613125 0.6015625 0.6531554390625 0.5986328125 0.6468141234375 0.5400390625 0.6383590375 0.5322265625 0.6383590375 0.529296875 0.6447003515625 0.52734375 0.6658380687500001 0.52734375 0.71234104375 0.5283203125 0.714454815625 0.5400390625 0.718682359375
1 0.6259765625 0.7229099031249999 0.62890625 0.7165685875000001 0.62890625 0.6447003515625 0.6279296875 0.6425865796875 0.6044921875 0.6425865796875 0.6015625 0.6573829812499999 0.599609375 0.71234104375 0.6025390625 0.718682359375 0.6083984375 0.7229099031249999 0.6259765625 0.7229099031249999
1 0.6494140625 0.7229099031249999 0.6650390625 0.7229099031249999 0.66796875 0.7081135015625 0.66796875 0.6489278953125 0.6572265625 0.6425865796875 0.6318359375 0.6383590375 0.62890625 0.6447003515625 0.62890625 0.7165685875000001 0.6298828125 0.718682359375 0.6494140625 0.7229099031249999
1 0.7060546875 0.714454815625 0.708984375 0.7081135015625 0.7109375 0.6447003515625 0.7080078125 0.63413149375 0.6865234375 0.62990395 0.6708984375 0.62990395 0.669921875 0.6320177218749999 0.66796875 0.6489278953125 0.66796875 0.7081135015625 0.6689453125 0.7102272734375 0.7060546875 0.714454815625
1 0.744140625 0.7081135015625 0.74609375 0.6785206984375 0.74609375 0.6320177218749999 0.7451171875 0.62990395 0.7158203125 0.62567640625 0.7138671875 0.62567640625 0.7109375 0.6320177218749999 0.708984375 0.6996584140625 0.7119140625 0.7059997296875 0.7431640625 0.7102272734375 0.744140625 0.7081135015625
1 0.7744140625 0.7059997296875 0.7998046875 0.7059997296875 0.80078125 0.7038859578125 0.802734375 0.6362452656250001 0.7998046875 0.62990395 0.7900390625 0.62567640625 0.7646484375 0.6214488640625 0.7490234375 0.6214488640625 0.748046875 0.6235626359374999 0.74609375 0.6320177218749999 0.74609375 0.695430871875 0.7490234375 0.7017721859375 0.7744140625 0.7059997296875
1 0.841796875 0.682748240625 0.841796875 0.6066524624999999 0.8408203125 0.604538690625 0.8154296875 0.600311146875 0.8056640625 0.600311146875 0.8046875 0.6024249187499999 0.802734375 0.6742931546875 0.8076171875 0.6848620125 0.8408203125 0.6848620125 0.841796875 0.682748240625
1 0.8955078125 0.6975446421875 0.8984375 0.6912033281250001 0.8984375 0.6235626359374999 0.8955078125 0.6172213203125 0.8447265625 0.6129937765625 0.841796875 0.6193350921875 0.841796875 0.6869757843750001 0.8447265625 0.6933171 0.8955078125 0.6975446421875
0 0 0.978676271875 0.0009765625 0.9807900437500001 0.0458984375 0.9807900437500001 0.048828125 0.974448728125 0.05078125 0.9406283828124999 0.07421875 0.24308373906249997 0.07421875 0.1965807625 0.0732421875 0.194466990625 0.0322265625 0.194466990625 0.017578125 0.20503585000000002 0.015625 0.21771847968750002 0.01171875 0.3064968890625 0.0078125 0.42909564375000003 0 0.682748240625 0 0.978676271875
0 0.1005859375 0.9765625 0.103515625 0.9659936421875001 0.162109375 0.24308373906249997 0.162109375 0.23040110937499997 0.1572265625 0.21983225156250003 0.1318359375 0.1902394484375 0.1162109375 0.1860119046875 0.0810546875 0.1860119046875 0.076171875 0.1965807625 0.07421875 0.226173565625 0.0546875 0.746161390625 0.048828125 0.974448728125 0.0517578125 0.9807900437500001 0.0966796875 0.9807900437500001 0.1005859375 0.9765625
0 0.1337890625 0.9807900437500001 0.138671875 0.974448728125 0.14453125 0.83916734375 0.1640625 0.27267654218750004 0.1640625 0.2684489984375 0.1611328125 0.25788014062500003 0.1337890625 0.25788014062500003 0.1328125 0.25999391250000004 0.12890625 0.3234070609375 0.109375 0.7884368234375 0.10546875 0.9110355796875 0.10546875 0.974448728125 0.1083984375 0.9807900437500001 0.1337890625 0.9807900437500001
0 0.1630859375 0.9807900437500001 0.166015625 0.9702211843749999 0.232421875 0.20080830624999998 0.2216796875 0.17755681875 0.1923828125 0.143736471875 0.1708984375 0.143736471875 0.16796875 0.1500777875 0.154296875 0.49250879375 0.138671875 0.9321732953125 0.138671875 0.974448728125 0.1416015625 0.9807900437500001 0.1630859375 0.9807900437500001
0 0.1982421875 0.9807900437500001 0.19921875 0.978676271875 0.201171875 0.9490834687499999 0.203125 0.8898978625 0.220703125 0.289586715625 0.220703125 0.2219460234375 0.2138671875 0.2156047078125 0.1943359375 0.21983225156250003 0.19140625 0.226173565625 0.189453125 0.24308373906249997 0.17578125 0.6489278953125 0.166015625 0.9406283828124999 0.166015625 0.974448728125 0.1689453125 0.9807900437500001 0.1982421875 0.9807900437500001
0 0.2412109375 0.9807900437500001 0.2470703125 0.9765625 0.25 0.9702211843749999 0.251953125 0.9533110125 0.2734375 0.2473112828125 0.2734375 0.226173565625 0.271484375 0.21771847968750002 0.2666015625 0.2113771640625 0.2373046875 0.2156047078125 0.2255859375 0.21983225156250003 0.220703125 0.226173565625 0.203125 0.8560775156249999 0.203125 0.978676271875 0.2080078125 0.9850175859375 0.2412109375 0.9807900437500001
0 0.2822265625 0 0.28125 0.002113771875 0.2734375 0.21771847968750002 0.25390625 0.860305059375 0.251953125 0.9279457515624999 0.251953125 0.974448728125 0.2587890625 0.9850175859375 0.2802734375 0.9850175859375 0.2880859375 0.9807900437500001 0.294921875 0.9659936421875001 0.357421875 0.175443046875 0.357421875 0.0951197234375 0.3359375 0.031706575 0.3212890625 0 0.2822265625 0
0 0.3251953125 0.9681074140625 0.328125 0.9617660984375 0.330078125 0.944855925 0.35546875 0.25576636875 0.35546875 0.1923532203125 0.3525390625 0.1860119046875 0.3271484375 0.1817843609375 0.322265625 0.1881256765625 0.3203125 0.20503585000000002 0.298828125 0.83071225625 0.294921875 0.9617660984375 0.2998046875 0.9723349562499999 0.3154296875 0.9723349562499999 0.3251953125 0.9681074140625
0 0.3701171875 0.9723349562499999 0.375 0.9617660984375 0.43359375 0.1627604171875 0.42578125 0.12894007031250002 0.4052734375 0.088778409375 0.4013671875 0.084550865625 0.3857421875 0.08032332187499999 0.3740234375 0.08032332187499999 0.3662109375 0.084550865625 0.361328125 0.09089218125000001 0.359375 0.112029896875 0.3359375 0.750388934375 0.330078125 0.915263121875 0.330078125 0.9659936421875001 0.3349609375 0.9723349562499999 0.3701171875 0.9723349562499999
0 0.3955078125 0.9723349562499999 0.4091796875 0.9723349562499999 0.4130859375 0.9681074140625 0.416015625 0.9575385546874999 0.41796875 0.9321732953125 0.427734375 0.6912033281250001 0.44140625 0.234628653125 0.44140625 0.175443046875 0.4365234375 0.1648741890625 0.4150390625 0.1648741890625 0.4091796875 0.16910173125 0.40625 0.1796705890625 0.3828125 0.7672991078125 0.376953125 0.9279457515624999 0.376953125 0.9575385546874999 0.3837890625 0.9681074140625 0.3955078125 0.9723349562499999
0 0.4287109375 0.9723349562499999 0.4326171875 0.9681074140625 0.4375 0.9575385546874999 0.4609375 0.226173565625 0.4609375 0.166987959375 0.4599609375 0.1648741890625 0.4462890625 0.1648741890625 0.443359375 0.175443046875 0.41796875 0.9321732953125 0.41796875 0.9659936421875001 0.4228515625 0.9723349562499999 0.4287109375 0.9723349562499999
0 0.4462890625 0.9681074140625 0.4599609375 0.9723349562499999 0.4658203125 0.9723349562499999 0.4736328125 0.9681074140625 0.4765625 0.9617660984375 0.478515625 0.9279457515624999 0.515625 0.1585328734375 0.515625 0.1500777875 0.509765625 0.112029896875 0.5009765625 0.084550865625 0.4697265625 0.084550865625 0.46484375 0.0951197234375 0.462890625 0.11625744062500001 0.44140625 0.7546164765625 0.4375 0.9110355796875 0.4375 0.9575385546874999 0.4404296875 0.9638798703125 0.4462890625 0.9681074140625
0 0.5068359375 0.9681074140625 0.5146484375 0.9638798703125 0.517578125 0.9575385546874999 0.51953125 0.944855925 0.544921875 0.1838981328125 0.544921875 0.175443046875 0.5400390625 0.16910173125 0.5185546875 0.1648741890625 0.5048828125 0.1648741890625 0.501953125 0.171215503125 0.5 0.20080830624999998 0.482421875 0.7334787609375 0.4765625 0.9533110125 0.4833984375 0.9638798703125 0.4931640625 0.9681074140625 0.5068359375 0.9681074140625
0 0.5693359375 0.9723349562499999 0.5771484375 0.9723349562499999 0.5869140625 0.9638798703125 0.591796875 0.9533110125 0.59375 0.9406283828124999 0.61328125 0.3234070609375 0.615234375 0.2473112828125 0.615234375 0.1965807625 0.6103515625 0.1860119046875 0.5439453125 0.1860119046875 0.541015625 0.1965807625 0.5390625 0.2134909359375 0.51953125 0.8814427765625 0.51953125 0.944855925 0.5283203125 0.9596523265625001 0.5693359375 0.9723349562499999
0 0.62109375 0.9490834687499999 0.623046875 0.8983529484374999 0.64453125 0.1881256765625 0.64453125 0.12894007031250002 0.6376953125 0.12259875468749999 0.6220703125 0.12682629843749998 0.6171875 0.13739515625 0.6015625 0.6573829812499999 0.59375 0.9490834687499999 0.5986328125 0.9596523265625001 0.6181640625 0.9596523265625001 0.62109375 0.9490834687499999
0 0.6572265625 0.9554247828125 0.66015625 0.9490834687499999 0.662109375 0.923718209375 0.681640625 0.24308373906249997 0.681640625 0.1585328734375 0.6767578125 0.147964015625 0.6474609375 0.143736471875 0.64453125 0.1543053296875 0.638671875 0.3064968890625 0.630859375 0.572832115625 0.62109375 0.944855925 0.6240234375 0.9511972406250001 0.6298828125 0.9554247828125 0.6572265625 0.9554247828125
0 0.6806640625 0.9554247828125 0.6982421875 0.9554247828125 0.703125 0.9406283828124999 0.72265625 0.175443046875 0.72265625 0.112029896875 0.7177734375 0.1014610390625 0.6904296875 0.1014610390625 0.68359375 0.112029896875 0.681640625 0.12471252656250001 0.66796875 0.6489278953125 0.662109375 0.8856703187500001 0.662109375 0.9406283828124999 0.6689453125 0.9511972406250001 0.6806640625 0.9554247828125
0 0.7353515625 0.9511972406250001 0.73828125 0.944855925 0.740234375 0.9279457515624999 0.74609375 0.6912033281250001 0.755859375 0.2134909359375 0.755859375 0.1331676140625 0.7529296875 0.12259875468749999 0.7275390625 0.12259875468749999 0.72265625 0.1331676140625 0.71875 0.2684489984375 0.705078125 0.8518499734375 0.705078125 0.9406283828124999 0.7099609375 0.946969696875 0.7353515625 0.9511972406250001
0 0.7900390625 0.9511972406250001 0.796875 0.944855925 0.798828125 0.915263121875 0.8125 0.0105688578125 0.8095703125 0 0.7607421875 0.00422754375 0.755859375 0.0147964015625 0.75390625 0.02747903125 0.751953125 0.061299378125000005 0.740234375 0.9321732953125 0.7470703125 0.942742153125 0.7802734375 0.9511972406250001 0.7900390625 0.9511972406250001
0 0.84375 0.923718209375 0.84375 0.0951197234375 0.8408203125 0.084550865625 0.8212890625 0.084550865625 0.810546875 0.09089218125000001 0.80859375 0.11625744062500001 0.8046875 0.42909564375000003 0.80078125 0.9194906656249999 0.8076171875 0.9300595234375001 0.8408203125 0.9300595234375001 0.84375 0.923718209375
0 0.8603515625 0.9342870671875 0.8994140625 0.9342870671875 0.904296875 0.923718209375 0.904296875 0.915263121875 0.890625 0.1627604171875 0.888671875 0.1543053296875 0.8837890625 0.147964015625 0.8466796875 0.1521915578125 0.84375 0.1585328734375 0.841796875 0.47559862031250005 0.84375 0.9279457515624999 0.8447265625 0.9300595234375001 0.8603515625 0.9342870671875