1 0 0.6996584140625 0.0009765625 0.7017721859375 0.0205078125 0.7017721859375 0.021484375 0.6996584140625 0.0234375 0.6320177218749999 0.0224609375 0.62990395 0.0009765625 0.62990395 0 0.6320177218749999 0 0.6996584140625
1 0.0576171875 0.6975446421875 0.05859375 0.695430871875 0.060546875 0.682748240625 0.060546875 0.6235626359374999 0.0595703125 0.6214488640625 0.0263671875 0.6214488640625 0.0234375 0.6277901781249999 0.021484375 0.6616105250000001 0.021484375 0.6912033281250001 0.0244140625 0.6975446421875 0.0576171875 0.6975446421875
1 0.1083984375 0.6933171 0.109375 0.6912033281250001 0.111328125 0.6531554390625 0.111328125 0.6235626359374999 0.1103515625 0.6214488640625 0.0634765625 0.6214488640625 0.0625 0.6235626359374999 0.060546875 0.6531554390625 0.060546875 0.6912033281250001 0.0615234375 0.6933171 0.1083984375 0.6933171
1 0.146484375 0.6912033281250001 0.1484375 0.6658380687500001 0.1484375 0.6277901781249999 0.1474609375 0.62567640625 0.1142578125 0.6214488640625 0.111328125 0.6277901781249999 0.109375 0.6869757843750001 0.1123046875 0.6933171 0.1455078125 0.6933171 0.146484375 0.6912033281250001
1 0.1689453125 0.68908955625 0.171875 0.6785206984375 0.171875 0.6151075484375 0.1708984375 0.6129937765625 0.1513671875 0.6129937765625 0.150390625 0.6151075484375 0.1484375 0.6320177218749999 0.1484375 0.6869757843750001 0.1494140625 0.68908955625 0.1689453125 0.68908955625
1 0.1826171875 0.6848620125 0.185546875 0.6785206984375 0.185546875 0.6151075484375 0.1845703125 0.6129937765625 0.1728515625 0.6129937765625 0.171875 0.6151075484375 0.171875 0.682748240625 0.1728515625 0.6848620125 0.1826171875 0.6848620125
1 0.2431640625 0.6806344703125 0.244140625 0.6785206984375 0.24609375 0.6489278953125 0.24609375 0.6108800046875 0.2451171875 0.608766234375 0.1884765625 0.604538690625 0.185546875 0.6108800046875 0.185546875 0.6785206984375 0.1865234375 0.6806344703125 0.2431640625 0.6806344703125
1 0.3232421875 0.6721793828125 0.326171875 0.6658380687500001 0.326171875 0.6024249187499999 0.3251953125 0.600311146875 0.3154296875 0.5960836031250001 0.2568359375 0.5960836031250001 0.25390625 0.6024249187499999 0.251953125 0.6573829812499999 0.2568359375 0.6679518390625 0.2822265625 0.6721793828125 0.3232421875 0.6721793828125
1 0.3701171875 0.6679518390625 0.3837890625 0.6679518390625 0.38671875 0.6489278953125 0.390625 0.598197375 0.3837890625 0.5918560609375 0.3720703125 0.5876285171875 0.3583984375 0.5876285171875 0.35546875 0.6024249187499999 0.353515625 0.6235626359374999 0.3515625 0.6531554390625 0.3544921875 0.659496753125 0.3583984375 0.663724296875 0.3701171875 0.6679518390625
1 0.4130859375 0.6679518390625 0.416015625 0.6616105250000001 0.419921875 0.6277901781249999 0.421875 0.598197375 0.4189453125 0.5918560609375 0.3974609375 0.5834009734375 0.3935546875 0.5834009734375 0.390625 0.598197375 0.38671875 0.6320177218749999 0.38671875 0.6531554390625 0.3916015625 0.659496753125 0.4130859375 0.6679518390625
1 0.4443359375 0.655269209375 0.4541015625 0.655269209375 0.455078125 0.6531554390625 0.4609375 0.598197375 0.4609375 0.5939698328125 0.4580078125 0.5876285171875 0.4521484375 0.5834009734375 0.4287109375 0.5749458875 0.423828125 0.5897422890625 0.421875 0.6066524624999999 0.419921875 0.6277901781249999 0.419921875 0.6447003515625 0.4208984375 0.6468141234375 0.4443359375 0.655269209375
1 0.4814453125 0.663724296875 0.4931640625 0.663724296875 0.49609375 0.6573829812499999 0.501953125 0.5939698328125 0.4990234375 0.5876285171875 0.4658203125 0.5749458875 0.4638671875 0.5749458875 0.4609375 0.5855147453125 0.45703125 0.6277901781249999 0.45703125 0.6489278953125 0.4619140625 0.655269209375 0.4814453125 0.663724296875
1 0.5361328125 0.6510416671875 0.5419921875 0.6510416671875 0.546875 0.6362452656250001 0.55078125 0.598197375 0.55078125 0.5855147453125 0.5478515625 0.57917343125 0.5146484375 0.5664908015625 0.5087890625 0.5664908015625 0.505859375 0.572832115625 0.501953125 0.5939698328125 0.5 0.6108800046875 0.5 0.6320177218749999 0.5009765625 0.63413149375 0.5361328125 0.6510416671875
1 0.5869140625 0.6425865796875 0.5927734375 0.6425865796875 0.59375 0.6404728078125 0.59765625 0.6151075484375 0.6015625 0.572832115625 0.5986328125 0.5664908015625 0.5654296875 0.5538081703125 0.5576171875 0.5538081703125 0.5546875 0.5643770296875 0.552734375 0.581287203125 0.55078125 0.6024249187499999 0.55078125 0.6235626359374999 0.5517578125 0.62567640625 0.5869140625 0.6425865796875
1 0.6279296875 0.6383590375 0.62890625 0.6362452656250001 0.634765625 0.5770596593749999 0.634765625 0.568604571875 0.6318359375 0.5622632578125 0.6064453125 0.5538081703125 0.6015625 0.5855147453125 0.599609375 0.6235626359374999 0.6025390625 0.62990395 0.6181640625 0.6383590375 0.6279296875 0.6383590375
0 0 0.915263121875 0.0009765625 0.91737689375 0.0107421875 0.91737689375 0.015625 0.9068080359374999 0.01953125 0.7926643671875 0.03515625 0.24308373906249997 0.03515625 0.175443046875 0.0341796875 0.173329275 0.0302734375 0.173329275 0.0048828125 0.1860119046875 0.001953125 0.1965807625 0 0.3699100375 0 0.915263121875
0 0.0517578125 0.9216044374999999 0.0546875 0.9025804921875 0.076171875 0.1923532203125 0.076171875 0.1543053296875 0.0693359375 0.1352813859375 0.0419921875 0.1352813859375 0.0390625 0.1416227 0.03515625 0.2092633921875 0.0234375 0.6024249187499999 0.015625 0.8687601468749999 0.015625 0.915263121875 0.0205078125 0.9216044374999999 0.0517578125 0.9216044374999999
0 0.0947265625 0.9216044374999999 0.1005859375 0.91737689375 0.103515625 0.9068080359374999 0.10546875 0.860305059375 0.125 0.20503585000000002 0.125 0.1500777875 0.1220703125 0.143736471875 0.0947265625 0.143736471875 0.0830078125 0.147964015625 0.078125 0.1543053296875 0.076171875 0.175443046875 0.060546875 0.6447003515625 0.0546875 0.8349398000000001 0.0546875 0.915263121875 0.0576171875 0.9216044374999999 0.0947265625 0.9216044374999999
0 0.1337890625 0.91737689375 0.138671875 0.9110355796875 0.140625 0.8983529484374999 0.1953125 0.1500777875 0.1953125 0.12471252656250001 0.1904296875 0.11414366875 0.1572265625 0.08032332187499999 0.1337890625 0.08032332187499999 0.126953125 0.09089218125000001 0.107421875 0.7588440203125 0.103515625 0.9068080359374999 0.1064453125 0.91314935 0.1142578125 0.91737689375 0.1337890625 0.91737689375
0 0.1591796875 0.9089218078125001 0.1640625 0.8983529484374999 0.166015625 0.8687601468749999 0.1875 0.1796705890625 0.1875 0.171215503125 0.1845703125 0.1648741890625 0.1787109375 0.1606466453125 0.1669921875 0.1606466453125 0.162109375 0.171215503125 0.146484375 0.6785206984375 0.140625 0.9025804921875 0.1455078125 0.91314935 0.1494140625 0.91314935 0.1591796875 0.9089218078125001
0 0.1845703125 0.6129937765625 0.1875 0.6024249187499999 0.189453125 0.5305566828125 0.193359375 0.31917951875 0.193359375 0.281131628125 0.1923828125 0.2790178578125 0.1806640625 0.2790178578125 0.1796875 0.281131628125 0.177734375 0.314951975 0.17578125 0.395275296875 0.173828125 0.49250879375 0.173828125 0.6108800046875 0.1748046875 0.6129937765625 0.1845703125 0.6129937765625
0 0.2333984375 0.9046942640625 0.2373046875 0.9004667203125001 0.23828125 0.8983529484374999 0.240234375 0.860305059375 0.24609375 0.6742931546875 0.25390625 0.31072443125000004 0.255859375 0.10357481093750001 0.2509765625 0.093005953125 0.2041015625 0.093005953125 0.197265625 0.10357481093750001 0.1953125 0.13739515625 0.1796875 0.9025804921875 0.1826171875 0.9089218078125001 0.2158203125 0.9089218078125001 0.2333984375 0.9046942640625
0 0.2626953125 0 0.259765625 0.0105688578125 0.2578125 0.09089218125000001 0.240234375 0.8814427765625 0.2451171875 0.896239178125 0.2548828125 0.9004667203125001 0.3134765625 0.9004667203125001 0.3232421875 0.896239178125 0.328125 0.8856703187500001 0.42578125 0.107802353125 0.400390625 0.0443892046875 0.3837890625 0.008455085937499999 0.3740234375 0 0.2626953125 0
0 0.3408203125 0.892011634375 0.3505859375 0.896239178125 0.3603515625 0.896239178125 0.365234375 0.8814427765625 0.3671875 0.864532603125 0.384765625 0.6658380687500001 0.3818359375 0.659496753125 0.3564453125 0.6510416671875 0.3515625 0.6616105250000001 0.33984375 0.7630715640625 0.330078125 0.864532603125 0.330078125 0.8772152328124999 0.3349609375 0.8877840906250001 0.3408203125 0.892011634375
0 0.392578125 0.5855147453125 0.439453125 0.1500777875 0.439453125 0.1416227 0.4345703125 0.12682629843749998 0.4033203125 0.12259875468749999 0.400390625 0.12894007031250002 0.359375 0.5643770296875 0.357421875 0.6024249187499999 0.3642578125 0.608766234375 0.3876953125 0.600311146875 0.392578125 0.5855147453125
0 0.3935546875 0.883556546875 0.396484375 0.8729876890625 0.404296875 0.7926643671875 0.458984375 0.20080830624999998 0.4609375 0.175443046875 0.4580078125 0.1648741890625 0.4384765625 0.1606466453125 0.43359375 0.166987959375 0.4296875 0.1881256765625 0.419921875 0.2769040859375 0.40234375 0.458688446875 0.37109375 0.801119453125 0.3671875 0.8518499734375 0.3671875 0.8772152328124999 0.3720703125 0.883556546875 0.3935546875 0.883556546875
0 0.4189453125 0.8793290046875001 0.4306640625 0.8793290046875001 0.435546875 0.864532603125 0.509765625 0.08243709375 0.509765625 0.07820955156250001 0.5068359375 0.0718682359375 0.4931640625 0.06764069218749999 0.4775390625 0.06764069218749999 0.47265625 0.08243709375 0.455078125 0.251538825 0.408203125 0.7546164765625 0.400390625 0.8476224296874999 0.400390625 0.864532603125 0.4072265625 0.8751014609375 0.4189453125 0.8793290046875001
0 0.4541015625 0.883556546875 0.4677734375 0.883556546875 0.47265625 0.8729876890625 0.4765625 0.8476224296874999 0.494140625 0.682748240625 0.548828125 0.13739515625 0.552734375 0.09089218125000001 0.552734375 0.0655269203125 0.5498046875 0.05918560625 0.5283203125 0.05918560625 0.5146484375 0.06341315 0.509765625 0.0739820078125 0.505859375 0.0951197234375 0.439453125 0.7968919109375 0.435546875 0.8518499734375 0.435546875 0.8687601468749999 0.4423828125 0.8793290046875001 0.4541015625 0.883556546875
0 0.4990234375 0.8708739171875 0.5107421875 0.8751014609375 0.5166015625 0.8751014609375 0.5205078125 0.8708739171875 0.5234375 0.8560775156249999 0.607421875 0.08243709375 0.607421875 0.0697544640625 0.6005859375 0.0380478890625 0.5615234375 0.033820346875000004 0.556640625 0.0486167484375 0.552734375 0.08243709375 0.4765625 0.8349398000000001 0.4765625 0.8518499734375 0.4775390625 0.8539637453125 0.4990234375 0.8708739171875
0 0.5615234375 0.866646375 0.5693359375 0.866646375 0.57421875 0.8560775156249999 0.578125 0.83071225625 0.59765625 0.6320177218749999 0.642578125 0.1416227 0.64453125 0.10357481093750001 0.6396484375 0.0972334953125 0.6279296875 0.093005953125 0.6083984375 0.093005953125 0.603515625 0.10357481093750001 0.595703125 0.14585024375 0.583984375 0.251538825 0.56640625 0.42909564375000003 0.533203125 0.7842092796875 0.529296875 0.83916734375 0.5341796875 0.8497362015625001 0.5439453125 0.8581912875000001 0.5615234375 0.866646375
0 0.6025390625 0.866646375 0.6669921875 0.8581912875000001 0.669921875 0.8476224296874999 0.67578125 0.8053469968750001 0.689453125 0.21771847968750002 0.689453125 0.2092633921875 0.6796875 0.12048498437499999 0.67578125 0.0993472671875 0.6708984375 0.093005953125 0.6630859375 0.088778409375 0.6513671875 0.088778409375 0.646484375 0.0993472671875 0.640625 0.1500777875 0.583984375 0.77152665 0.578125 0.83916734375 0.578125 0.8476224296874999 0.5830078125 0.8581912875000001 0.6025390625 0.866646375