1 0.044921875 0.77152665 0.04296875 0.7672991078125 0.04296875 0.7588440203125 0.0419921875 0.7567302484375 0.0283203125 0.7567302484375 0.02734375 0.7588440203125 0.02734375 0.77575419375 0.029296875 0.7799817375 0.029296875 0.801119453125 0.03125 0.8053469968750001 0.03125 0.8138020828125001 0.0341796875 0.8201433984375001 0.0439453125 0.8201433984375001 0.044921875 0.8180296265625 0.046875 0.8138020828125001 0.046875 0.809574540625 0.044921875 0.8053469968750001 0.044921875 0.77152665
1 0.099609375 0.7968919109375 0.09765625 0.7926643671875 0.09765625 0.77152665 0.095703125 0.7672991078125 0.095703125 0.7546164765625 0.0927734375 0.7482751624999999 0.0908203125 0.75250270625 0.0810546875 0.75250270625 0.0791015625 0.7567302484375 0.0458984375 0.7567302484375 0.04296875 0.7630715640625 0.04296875 0.77152665 0.044921875 0.77575419375 0.044921875 0.8053469968750001 0.046875 0.809574540625 0.046875 0.8180296265625 0.0478515625 0.8201433984375001 0.0673828125 0.8201433984375001 0.068359375 0.8180296265625 0.0693359375 0.8159158546875 0.0947265625 0.8159158546875 0.099609375 0.8053469968750001 0.099609375 0.7968919109375
1 0.1484375 0.7968919109375 0.146484375 0.7926643671875 0.146484375 0.7630715640625 0.14453125 0.7588440203125 0.14453125 0.746161390625 0.1435546875 0.74404761875 0.1396484375 0.74404761875 0.1376953125 0.7482751624999999 0.1025390625 0.7482751624999999 0.1005859375 0.74404761875 0.09765625 0.746161390625 0.09765625 0.7842092796875 0.099609375 0.7884368234375 0.099609375 0.8053469968750001 0.1025390625 0.8116883109374999 0.1376953125 0.8116883109374999 0.138671875 0.809574540625 0.1396484375 0.8074607687500001 0.1474609375 0.8074607687500001 0.1484375 0.8053469968750001 0.1484375 0.7968919109375
1 0.1904296875 0.8032332249999999 0.19140625 0.801119453125 0.19140625 0.77575419375 0.189453125 0.77152665 0.189453125 0.746161390625 0.1865234375 0.739820075 0.1826171875 0.739820075 0.1806640625 0.74404761875 0.1474609375 0.74404761875 0.14453125 0.750388934375 0.146484375 0.7546164765625 0.146484375 0.7842092796875 0.1484375 0.7884368234375 0.1484375 0.8053469968750001 0.1494140625 0.8074607687500001 0.1552734375 0.8074607687500001 0.1572265625 0.8116883109374999 0.1630859375 0.8116883109374999 0.1640625 0.809574540625 0.1650390625 0.8074607687500001 0.1845703125 0.8074607687500001 0.1865234375 0.8032332249999999 0.1904296875 0.8032332249999999
1 0.224609375 0.7799817375 0.224609375 0.7588440203125 0.220703125 0.750388934375 0.224609375 0.7419338468750001 0.224609375 0.7377063046875 0.2216796875 0.7313649890625 0.2197265625 0.7313649890625 0.2158203125 0.739820075 0.2119140625 0.739820075 0.2099609375 0.74404761875 0.1904296875 0.74404761875 0.189453125 0.746161390625 0.189453125 0.7630715640625 0.19140625 0.7672991078125 0.19140625 0.7926643671875 0.193359375 0.7968919109375 0.193359375 0.8053469968750001 0.1943359375 0.8074607687500001 0.2119140625 0.8074607687500001 0.212890625 0.8053469968750001 0.2216796875 0.7990056812499999 0.22265625 0.7926643671875 0.2265625 0.7842092796875 0.224609375 0.7799817375
1 0.2294921875 0.7229099031249999 0.2255859375 0.7229099031249999 0.224609375 0.725023675 0.224609375 0.7672991078125 0.2265625 0.77152665 0.2265625 0.7842092796875 0.2275390625 0.7863230515625 0.2333984375 0.7863230515625 0.234375 0.7842092796875 0.234375 0.7672991078125 0.232421875 0.7630715640625 0.232421875 0.7292512171875 0.2294921875 0.7229099031249999
1 0.259765625 0.7334787609375 0.2587890625 0.7313649890625 0.2333984375 0.7313649890625 0.232421875 0.7334787609375 0.232421875 0.77152665 0.234375 0.77575419375 0.234375 0.7926643671875 0.2353515625 0.7947781390624999 0.2587890625 0.7947781390624999 0.259765625 0.7926643671875 0.26171875 0.7884368234375 0.26171875 0.746161390625 0.259765625 0.7419338468750001 0.259765625 0.7334787609375
1 0.291015625 0.7334787609375 0.2900390625 0.7313649890625 0.2626953125 0.7313649890625 0.26171875 0.7334787609375 0.26171875 0.77152665 0.263671875 0.77575419375 0.263671875 0.7884368234375 0.2666015625 0.7947781390624999 0.26953125 0.7926643671875 0.2705078125 0.7905505953125 0.2900390625 0.7905505953125 0.291015625 0.7884368234375 0.291015625 0.7334787609375
1 0.3291015625 0.7229099031249999 0.3271484375 0.7271374453125 0.2919921875 0.7271374453125 0.291015625 0.7292512171875 0.291015625 0.7546164765625 0.29296875 0.7588440203125 0.29296875 0.7842092796875 0.2958984375 0.7905505953125 0.3291015625 0.7905505953125 0.330078125 0.7884368234375 0.333984375 0.7842092796875 0.333984375 0.7292512171875 0.3310546875 0.7229099031249999 0.3291015625 0.7229099031249999
1 0.3505859375 0.718682359375 0.3349609375 0.718682359375 0.333984375 0.72079613125 0.333984375 0.7588440203125 0.3359375 0.7630715640625 0.3359375 0.7799817375 0.3369140625 0.782095509375 0.3544921875 0.782095509375 0.35546875 0.7799817375 0.35546875 0.750388934375 0.353515625 0.746161390625 0.353515625 0.725023675 0.3505859375 0.718682359375
1 0.3828125 0.7292512171875 0.3798828125 0.7229099031249999 0.3779296875 0.7271374453125 0.3544921875 0.7271374453125 0.353515625 0.7292512171875 0.353515625 0.7546164765625 0.35546875 0.7588440203125 0.35546875 0.7884368234375 0.3564453125 0.7905505953125 0.3818359375 0.7905505953125 0.3828125 0.7884368234375 0.3828125 0.7842092796875 0.384765625 0.7799817375 0.3828125 0.77575419375 0.3828125 0.7292512171875
1 0.431640625 0.7292512171875 0.4296875 0.725023675 0.4296875 0.7165685875000001 0.4287109375 0.714454815625 0.4267578125 0.714454815625 0.4248046875 0.718682359375 0.4091796875 0.718682359375 0.4072265625 0.7229099031249999 0.4013671875 0.7229099031249999 0.3994140625 0.718682359375 0.3837890625 0.718682359375 0.3828125 0.72079613125 0.3828125 0.7588440203125 0.384765625 0.7630715640625 0.384765625 0.7799817375 0.3857421875 0.782095509375 0.3896484375 0.782095509375 0.3916015625 0.7863230515625 0.4208984375 0.7863230515625 0.421875 0.7842092796875 0.4228515625 0.782095509375 0.4287109375 0.782095509375 0.431640625 0.77575419375 0.431640625 0.7292512171875
1 0.46875 0.7165685875000001 0.4658203125 0.7102272734375 0.4638671875 0.7102272734375 0.4619140625 0.714454815625 0.4326171875 0.714454815625 0.431640625 0.7165685875000001 0.431640625 0.77575419375 0.4345703125 0.782095509375 0.4521484375 0.782095509375 0.453125 0.7799817375 0.4541015625 0.7778679656249999 0.4658203125 0.7778679656249999 0.46875 0.77152665 0.46875 0.7165685875000001
1 0.4833984375 0.7102272734375 0.4814453125 0.714454815625 0.4755859375 0.714454815625 0.4736328125 0.7102272734375 0.4697265625 0.7102272734375 0.46875 0.71234104375 0.46875 0.7630715640625 0.470703125 0.7672991078125 0.470703125 0.77575419375 0.4716796875 0.7778679656249999 0.4892578125 0.7778679656249999 0.490234375 0.77575419375 0.4921875 0.77152665 0.4921875 0.71234104375 0.4912109375 0.7102272734375 0.4833984375 0.7102272734375
1 0.541015625 0.71234104375 0.5400390625 0.7102272734375 0.4931640625 0.7102272734375 0.4921875 0.71234104375 0.4921875 0.7334787609375 0.494140625 0.7377063046875 0.494140625 0.77152665 0.4970703125 0.7778679656249999 0.5302734375 0.7778679656249999 0.53125 0.77575419375 0.5322265625 0.7736404218749999 0.5400390625 0.7736404218749999 0.541015625 0.77152665 0.541015625 0.71234104375
1 0.5556640625 0.7059997296875 0.5439453125 0.7059997296875 0.541015625 0.71234104375 0.541015625 0.7672991078125 0.5439453125 0.7736404218749999 0.5615234375 0.7736404218749999 0.5625 0.77152665 0.5625 0.7038859578125 0.5615234375 0.7017721859375 0.5576171875 0.7017721859375 0.5556640625 0.7059997296875
1 0.6083984375 0.7651853359375 0.611328125 0.7588440203125 0.611328125 0.7038859578125 0.6103515625 0.7017721859375 0.5966796875 0.7017721859375 0.5947265625 0.7059997296875 0.5654296875 0.7059997296875 0.564453125 0.7081135015625 0.564453125 0.7672991078125 0.5654296875 0.769412878125 0.5751953125 0.769412878125 0.5771484375 0.7736404218749999 0.5830078125 0.7736404218749999 0.583984375 0.77152665 0.5849609375 0.769412878125 0.6044921875 0.769412878125 0.6064453125 0.7651853359375 0.6083984375 0.7651853359375
1 0.63671875 0.6996584140625 0.63671875 0.6912033281250001 0.6337890625 0.68908955625 0.6298828125 0.6975446421875 0.6142578125 0.6975446421875 0.611328125 0.7038859578125 0.611328125 0.7419338468750001 0.61328125 0.746161390625 0.61328125 0.7588440203125 0.6142578125 0.7609577921875 0.6357421875 0.7609577921875 0.63671875 0.7588440203125 0.63671875 0.71234104375 0.638671875 0.7081135015625 0.638671875 0.7038859578125 0.63671875 0.6996584140625
1 0.6806640625 0.6848620125 0.6396484375 0.6848620125 0.638671875 0.6869757843750001 0.638671875 0.746161390625 0.6416015625 0.75250270625 0.6787109375 0.75250270625 0.6796875 0.750388934375 0.6796875 0.746161390625 0.681640625 0.7419338468750001 0.681640625 0.6869757843750001 0.6806640625 0.6848620125
1 0.720703125 0.6785206984375 0.7197265625 0.6764069265625 0.7138671875 0.6764069265625 0.7119140625 0.6806344703125 0.6884765625 0.6806344703125 0.6865234375 0.6764069265625 0.6845703125 0.6764069265625 0.681640625 0.682748240625 0.681640625 0.7419338468750001 0.6845703125 0.7482751624999999 0.7119140625 0.7482751624999999 0.712890625 0.746161390625 0.7138671875 0.74404761875 0.7197265625 0.74404761875 0.720703125 0.7419338468750001 0.720703125 0.6785206984375
1 0.75390625 0.6742931546875 0.7529296875 0.6721793828125 0.7236328125 0.6721793828125 0.720703125 0.6785206984375 0.720703125 0.7334787609375 0.7236328125 0.739820075 0.7470703125 0.739820075 0.748046875 0.7377063046875 0.751953125 0.7334787609375 0.751953125 0.6912033281250001 0.75390625 0.6869757843750001 0.75390625 0.6742931546875
1 0.7978515625 0.659496753125 0.7548828125 0.659496753125 0.75390625 0.6616105250000001 0.75390625 0.72079613125 0.7548828125 0.7229099031249999 0.7568359375 0.7229099031249999 0.7587890625 0.7271374453125 0.7958984375 0.7271374453125 0.796875 0.725023675 0.796875 0.72079613125 0.798828125 0.7165685875000001 0.798828125 0.6616105250000001 0.7978515625 0.659496753125
0 0 0.746161390625 0.017578125 0.9702211843749999 0.01953125 0.9829038156250001 0.021484375 0.9913589015625 0.0263671875 0.9977002171875 0.0419921875 0.9977002171875 0.044921875 0.9913589015625 0.044921875 0.9871313578124999 0.0234375 0.682748240625 0.0078125 0.48405370625 0.0009765625 0.41852678593750003 0 0.4206405578125 0 0.746161390625
0 0.046875 0.8433948859375 0.05859375 0.9913589015625 0.0615234375 0.9977002171875 0.1083984375 0.9977002171875 0.109375 0.9955864453125001 0.109375 0.9533110125 0.099609375 0.7926643671875 0.064453125 0.29804180156250004 0.0615234375 0.2917004875 0.0439453125 0.2917004875 0.0166015625 0.3001555734375 0.013671875 0.3064968890625 0.013671875 0.3529998640625 0.017578125 0.42909564375000003 0.046875 0.8433948859375
0 0.111328125 0.9871313578124999 0.1142578125 0.9934726734374999 0.1201171875 0.9977002171875 0.1416015625 0.9977002171875 0.1552734375 0.9934726734374999 0.15625 0.9913589015625 0.15625 0.9490834687499999 0.1484375 0.7968919109375 0.1171875 0.26422145625 0.1142578125 0.25788014062500003 0.1123046875 0.25788014062500003 0.0712890625 0.26633522656249997 0.06640625 0.2769040859375 0.06640625 0.31072443125000004 0.0703125 0.38682021093749996 0.111328125 0.9871313578124999
0 0.1611328125 0.9934726734374999 0.1669921875 0.9977002171875 0.1865234375 0.9977002171875 0.1943359375 0.9934726734374999 0.19921875 0.9829038156250001 0.19921875 0.9533110125 0.19140625 0.77575419375 0.162109375 0.2684489984375 0.1591796875 0.25365259687499997 0.1259765625 0.25365259687499997 0.119140625 0.25999391250000004 0.1171875 0.2684489984375 0.1171875 0.289586715625 0.158203125 0.9829038156250001 0.1611328125 0.9934726734374999
0 0.201171875 0.978676271875 0.2041015625 0.9892451296875 0.2080078125 0.9934726734374999 0.2177734375 0.9934726734374999 0.2236328125 0.9892451296875 0.23046875 0.978676271875 0.232421875 0.9702211843749999 0.232421875 0.944855925 0.20703125 0.24308373906249997 0.205078125 0.21771847968750002 0.2021484375 0.2113771640625 0.1943359375 0.20714962187500002 0.1826171875 0.20714962187500002 0.1650390625 0.2113771640625 0.162109375 0.21771847968750002 0.16015625 0.226173565625 0.162109375 0.2769040859375 0.19921875 0.9617660984375 0.201171875 0.978676271875
0 0.244140625 0.978676271875 0.2470703125 0.9850175859375 0.2607421875 0.9850175859375 0.26953125 0.978676271875 0.26953125 0.9321732953125 0.234375 0.1331676140625 0.232421875 0.10357481093750001 0.2314453125 0.1014610390625 0.2041015625 0.1014610390625 0.201171875 0.107802353125 0.201171875 0.1331676140625 0.240234375 0.944855925 0.244140625 0.978676271875
0 0.271484375 0.974448728125 0.2763671875 0.9807900437500001 0.2939453125 0.9765625 0.296875 0.9702211843749999 0.375 0.226173565625 0.37890625 0.171215503125 0.37890625 0.1331676140625 0.3720703125 0.12259875468749999 0.2763671875 0.093005953125 0.2373046875 0.093005953125 0.234375 0.0993472671875 0.236328125 0.1881256765625 0.25390625 0.598197375 0.271484375 0.974448728125
0 0.301781028125 0.978676271875 0.304710715625 0.9850175859375 0.332054465625 0.9850175859375 0.335960715625 0.9807900437500001 0.340843528125 0.9702211843749999 0.340843528125 0.9025804921875 0.321312278125 0.31072443125000004 0.319359153125 0.29804180156250004 0.316429465625 0.2917004875 0.287132590625 0.2917004875 0.281273215625 0.2959280296875 0.274437278125 0.31072443125000004 0.274437278125 0.31917951875 0.299827903125 0.9659936421875001 0.301781028125 0.978676271875
0 0.361328125 0.974448728125 0.3642578125 0.9807900437500001 0.3837890625 0.9807900437500001 0.38671875 0.974448728125 0.38671875 0.8898978625 0.384765625 0.7799817375 0.37109375 0.28535917187500004 0.3681640625 0.2747903140625 0.3505859375 0.2747903140625 0.3427734375 0.2790178578125 0.33984375 0.28535917187500004 0.33984375 0.3234070609375 0.359375 0.944855925 0.361328125 0.974448728125
0 0.3447265625 0.9681074140625 0.3564453125 0.9681074140625 0.359375 0.9617660984375 0.369140625 0.251538825 0.3681640625 0.2494250546875 0.3447265625 0.2494250546875 0.3212890625 0.25365259687499997 0.3203125 0.25576636875 0.3203125 0.340317234375 0.341796875 0.9617660984375 0.3447265625 0.9681074140625
0 0.388671875 0.9575385546874999 0.390625 0.9702211843749999 0.3974609375 0.9807900437500001 0.4208984375 0.9807900437500001 0.4287109375 0.9765625 0.43359375 0.9659936421875001 0.42578125 0.24308373906249997 0.4228515625 0.23251488125000003 0.3994140625 0.23251488125000003 0.3720703125 0.236742425 0.37109375 0.2388561953125 0.37109375 0.314951975 0.373046875 0.407957928125 0.388671875 0.9575385546874999
0 0.4404296875 0.9765625 0.4501953125 0.9765625 0.4677734375 0.9681074140625 0.470703125 0.9617660984375 0.470703125 0.8560775156249999 0.46484375 0.2473112828125 0.4619140625 0.2409699671875 0.4541015625 0.2409699671875 0.4248046875 0.2494250546875 0.421875 0.25576636875 0.421875 0.34877232187499996 0.435546875 0.9617660984375 0.4404296875 0.9765625
0 0.4755859375 0.9681074140625 0.4912109375 0.9681074140625 0.494140625 0.9617660984375 0.494140625 0.83071225625 0.486328125 0.2684489984375 0.4833984375 0.25365259687499997 0.4677734375 0.25365259687499997 0.462890625 0.26422145625 0.462890625 0.3529998640625 0.47265625 0.9575385546874999 0.4755859375 0.9681074140625
0 0.498046875 0.9617660984375 0.5029296875 0.9723349562499999 0.5263671875 0.9723349562499999 0.5380859375 0.9681074140625 0.541015625 0.9617660984375 0.541015625 0.6785206984375 0.537109375 0.2219460234375 0.5341796875 0.202922078125 0.4990234375 0.202922078125 0.490234375 0.2092633921875 0.48828125 0.21771847968750002 0.48828125 0.3910477546875 0.4921875 0.7292512171875 0.498046875 0.9617660984375
0 0.5478515625 0.9681074140625 0.5576171875 0.9681074140625 0.564453125 0.9575385546874999 0.564453125 0.7630715640625 0.5625 0.513646509375 0.560546875 0.3064968890625 0.55859375 0.2219460234375 0.5576171875 0.21983225156250003 0.5400390625 0.21983225156250003 0.537109375 0.226173565625 0.537109375 0.293814259375 0.54296875 0.9617660984375 0.5478515625 0.9681074140625
0 0.56640625 0.9575385546874999 0.5732421875 0.9681074140625 0.5947265625 0.9681074140625 0.6064453125 0.9596523265625001 0.611328125 0.9490834687499999 0.611328125 0.1923532203125 0.6083984375 0.1860119046875 0.5732421875 0.1860119046875 0.5634765625 0.1902394484375 0.560546875 0.1965807625 0.560546875 0.344544778125 0.564453125 0.944855925 0.56640625 0.9575385546874999
0 0.6181640625 0.9554247828125 0.6279296875 0.9554247828125 0.6337890625 0.9511972406250001 0.63671875 0.944855925 0.638671875 0.9068080359374999 0.638671875 0.21771847968750002 0.6357421875 0.202922078125 0.6142578125 0.202922078125 0.61328125 0.20503585000000002 0.611328125 0.2219460234375 0.611328125 0.9110355796875 0.61328125 0.9490834687499999 0.6181640625 0.9554247828125
0 0.6455078125 0.9554247828125 0.6708984375 0.9554247828125 0.6748046875 0.9511972406250001 0.6796875 0.9406283828124999 0.6875 0.166987959375 0.6865234375 0.1648741890625 0.6806640625 0.1648741890625 0.6416015625 0.173329275 0.640625 0.175443046875 0.638671875 0.1838981328125 0.638671875 0.9406283828124999 0.640625 0.9490834687499999 0.6455078125 0.9554247828125
0 0.6845703125 0.946969696875 0.7099609375 0.946969696875 0.716796875 0.9364008390624999 0.71875 0.8856703187500001 0.73046875 0.1331676140625 0.7255859375 0.12259875468749999 0.6884765625 0.12682629843749998 0.6728515625 0.1352813859375 0.6650390625 0.143736471875 0.66015625 0.1543053296875 0.66015625 0.1627604171875 0.6796875 0.9364008390624999 0.6845703125 0.946969696875
0 0.748046875 0.9279457515624999 0.75 0.8729876890625 0.765625 0.12894007031250002 0.765625 0.11625744062500001 0.7607421875 0.1056885828125 0.7353515625 0.1056885828125 0.73046875 0.12471252656250001 0.720703125 0.7165685875000001 0.71875 0.9279457515624999 0.7255859375 0.9385146109375 0.7392578125 0.9385146109375 0.748046875 0.9279457515624999
0 0.79296875 0.9110355796875 0.796875 0.8814427765625 0.80859375 0.281131628125 0.80859375 0.1965807625 0.8076171875 0.194466990625 0.7900390625 0.194466990625 0.7646484375 0.20714962187500002 0.76171875 0.2219460234375 0.751953125 0.7377063046875 0.75 0.9110355796875 0.7548828125 0.91737689375 0.7880859375 0.91737689375 0.79296875 0.9110355796875