1 0.029296875 0.682748240625 0.0283203125 0.6806344703125 0.0224609375 0.6806344703125 0.0205078125 0.6848620125 0.0107421875 0.6848620125 0.009765625 0.6869757843750001 0.009765625 0.72079613125 0.01171875 0.725023675 0.01171875 0.7377063046875 0.0126953125 0.739820075 0.0244140625 0.739820075 0.025390625 0.7377063046875 0.03125 0.7334787609375 0.03125 0.7081135015625 0.029296875 0.7038859578125 0.029296875 0.682748240625
1 0.0673828125 0.6848620125 0.0458984375 0.6848620125 0.044921875 0.6869757843750001 0.044921875 0.7081135015625 0.046875 0.71234104375 0.046875 0.7377063046875 0.0498046875 0.74404761875 0.0712890625 0.74404761875 0.072265625 0.7419338468750001 0.072265625 0.7292512171875 0.0703125 0.725023675 0.0703125 0.6912033281250001 0.0673828125 0.6848620125
1 0.0810546875 0.68908955625 0.0791015625 0.6848620125 0.0712890625 0.6848620125 0.0703125 0.6869757843750001 0.0703125 0.725023675 0.072265625 0.7292512171875 0.072265625 0.7419338468750001 0.0732421875 0.74404761875 0.0908203125 0.74404761875 0.0927734375 0.7482751624999999 0.1181640625 0.7482751624999999 0.119140625 0.746161390625 0.12109375 0.7419338468750001 0.12109375 0.695430871875 0.1181640625 0.68908955625 0.0810546875 0.68908955625
1 0.14453125 0.72079613125 0.142578125 0.7165685875000001 0.142578125 0.6869757843750001 0.1416015625 0.6848620125 0.1220703125 0.6848620125 0.12109375 0.6869757843750001 0.12109375 0.7165685875000001 0.123046875 0.72079613125 0.123046875 0.7419338468750001 0.1259765625 0.7482751624999999 0.12890625 0.746161390625 0.1298828125 0.74404761875 0.1416015625 0.74404761875 0.14453125 0.7377063046875 0.14453125 0.72079613125
1 0.1796875 0.71234104375 0.177734375 0.7081135015625 0.177734375 0.6785206984375 0.1767578125 0.6764069265625 0.1689453125 0.6764069265625 0.1669921875 0.6806344703125 0.1455078125 0.6806344703125 0.14453125 0.682748240625 0.14453125 0.7334787609375 0.1474609375 0.739820075 0.1708984375 0.739820075 0.171875 0.7377063046875 0.1728515625 0.7355925328125 0.1767578125 0.7355925328125 0.1796875 0.7292512171875 0.1796875 0.71234104375
1 0.201171875 0.6869757843750001 0.2001953125 0.6848620125 0.1865234375 0.6848620125 0.1845703125 0.6806344703125 0.1806640625 0.6806344703125 0.1796875 0.682748240625 0.1796875 0.7334787609375 0.181640625 0.7377063046875 0.181640625 0.7419338468750001 0.1826171875 0.74404761875 0.2001953125 0.74404761875 0.201171875 0.7419338468750001 0.203125 0.7377063046875 0.203125 0.7292512171875 0.201171875 0.725023675 0.201171875 0.6869757843750001
1 0.2421875 0.6869757843750001 0.2412109375 0.6848620125 0.2216796875 0.6848620125 0.220703125 0.6869757843750001 0.220703125 0.72079613125 0.22265625 0.725023675 0.22265625 0.7419338468750001 0.2255859375 0.7482751624999999 0.2275390625 0.74404761875 0.2294921875 0.74404761875 0.2314453125 0.7482751624999999 0.2373046875 0.7482751624999999 0.23828125 0.746161390625 0.244140625 0.7419338468750001 0.244140625 0.695430871875 0.2421875 0.6912033281250001 0.2421875 0.6869757843750001
1 0.291015625 0.682748240625 0.2880859375 0.6764069265625 0.2841796875 0.6764069265625 0.2822265625 0.6806344703125 0.2451171875 0.6806344703125 0.244140625 0.682748240625 0.244140625 0.7292512171875 0.24609375 0.7334787609375 0.24609375 0.7377063046875 0.2490234375 0.74404761875 0.2822265625 0.74404761875 0.283203125 0.7419338468750001 0.2841796875 0.739820075 0.2900390625 0.739820075 0.291015625 0.7377063046875 0.291015625 0.682748240625
1 0.3125 0.7038859578125 0.310546875 0.6996584140625 0.310546875 0.682748240625 0.3076171875 0.6806344703125 0.3056640625 0.6848620125 0.2919921875 0.6848620125 0.291015625 0.6869757843750001 0.291015625 0.725023675 0.29296875 0.7292512171875 0.29296875 0.746161390625 0.2939453125 0.7482751624999999 0.3037109375 0.7482751624999999 0.3046875 0.746161390625 0.3056640625 0.74404761875 0.3095703125 0.74404761875 0.3125 0.7377063046875 0.3125 0.7038859578125
1 0.3134765625 0.6806344703125 0.3125 0.682748240625 0.3125 0.7377063046875 0.3134765625 0.739820075 0.3251953125 0.739820075 0.3271484375 0.74404761875 0.3466796875 0.74404761875 0.3486328125 0.739820075 0.3505859375 0.739820075 0.3525390625 0.74404761875 0.353515625 0.7419338468750001 0.35546875 0.7377063046875 0.35546875 0.6869757843750001 0.3525390625 0.6806344703125 0.3134765625 0.6806344703125
1 0.3974609375 0.6721793828125 0.3955078125 0.6721793828125 0.3916015625 0.6806344703125 0.3564453125 0.6806344703125 0.35546875 0.682748240625 0.35546875 0.7377063046875 0.3583984375 0.74404761875 0.3916015625 0.74404761875 0.392578125 0.7419338468750001 0.3955078125 0.739820075 0.400390625 0.7292512171875 0.400390625 0.6785206984375 0.3974609375 0.6721793828125
1 0.435546875 0.6869757843750001 0.4375 0.682748240625 0.435546875 0.6785206984375 0.435546875 0.6658380687500001 0.4345703125 0.663724296875 0.4052734375 0.663724296875 0.404296875 0.6658380687500001 0.404296875 0.7081135015625 0.40625 0.71234104375 0.40625 0.72079613125 0.4072265625 0.7229099031249999 0.4345703125 0.7229099031249999 0.435546875 0.72079613125 0.4375 0.7165685875000001 0.4375 0.7081135015625 0.435546875 0.7038859578125 0.435546875 0.6869757843750001
1 0.4677734375 0.6764069265625 0.4658203125 0.6806344703125 0.4580078125 0.6806344703125 0.4560546875 0.6764069265625 0.4404296875 0.6764069265625 0.4375 0.682748240625 0.4375 0.7334787609375 0.4404296875 0.739820075 0.4423828125 0.7355925328125 0.4501953125 0.7355925328125 0.4521484375 0.739820075 0.4677734375 0.739820075 0.46875 0.7377063046875 0.47265625 0.7292512171875 0.47265625 0.6785206984375 0.4716796875 0.6764069265625 0.4677734375 0.6764069265625
1 0.51953125 0.6869757843750001 0.517578125 0.682748240625 0.517578125 0.6742931546875 0.5146484375 0.6679518390625 0.5126953125 0.6679518390625 0.5107421875 0.6721793828125 0.4814453125 0.6721793828125 0.48046875 0.6742931546875 0.48046875 0.7081135015625 0.482421875 0.71234104375 0.482421875 0.7334787609375 0.4853515625 0.739820075 0.4892578125 0.739820075 0.490234375 0.7377063046875 0.4912109375 0.7355925328125 0.5185546875 0.7355925328125 0.51953125 0.7334787609375 0.51953125 0.6869757843750001
1 0.5859375 0.7292512171875 0.583984375 0.725023675 0.583984375 0.6785206984375 0.5830078125 0.6764069265625 0.5673828125 0.6764069265625 0.5654296875 0.6806344703125 0.5224609375 0.6806344703125 0.51953125 0.6869757843750001 0.51953125 0.695430871875 0.521484375 0.6996584140625 0.521484375 0.7419338468750001 0.5244140625 0.7482751624999999 0.5673828125 0.7482751624999999 0.568359375 0.746161390625 0.5693359375 0.74404761875 0.5830078125 0.74404761875 0.5859375 0.7377063046875 0.5859375 0.7292512171875
1 0.5869140625 0.7059997296875 0.5859375 0.7081135015625 0.5859375 0.7377063046875 0.587890625 0.7419338468750001 0.587890625 0.7630715640625 0.5908203125 0.769412878125 0.6083984375 0.769412878125 0.609375 0.7672991078125 0.611328125 0.7630715640625 0.611328125 0.71234104375 0.6083984375 0.7059997296875 0.5869140625 0.7059997296875
1 0.6552734375 0.6721793828125 0.6123046875 0.6721793828125 0.611328125 0.6742931546875 0.611328125 0.7334787609375 0.6142578125 0.739820075 0.6572265625 0.739820075 0.658203125 0.7377063046875 0.66015625 0.7334787609375 0.66015625 0.6742931546875 0.6572265625 0.6679518390625 0.6552734375 0.6721793828125
1 0.6611328125 0.6679518390625 0.66015625 0.6700656109375001 0.66015625 0.7292512171875 0.6630859375 0.7355925328125 0.6904296875 0.7355925328125 0.69140625 0.7334787609375 0.693359375 0.7292512171875 0.693359375 0.6742931546875 0.6904296875 0.6679518390625 0.6611328125 0.6679518390625
1 0.7109375 0.6658380687500001 0.7099609375 0.663724296875 0.6982421875 0.663724296875 0.6953125 0.6700656109375001 0.6953125 0.7292512171875 0.6982421875 0.7355925328125 0.7099609375 0.7355925328125 0.7109375 0.7334787609375 0.712890625 0.7292512171875 0.712890625 0.6996584140625 0.7109375 0.695430871875 0.7109375 0.6658380687500001
1 0.7451171875 0.6721793828125 0.7197265625 0.6721793828125 0.7177734375 0.6679518390625 0.71484375 0.6700656109375001 0.71484375 0.6785206984375 0.712890625 0.682748240625 0.712890625 0.6912033281250001 0.71484375 0.695430871875 0.71484375 0.7334787609375 0.7177734375 0.739820075 0.7529296875 0.739820075 0.75390625 0.7377063046875 0.75390625 0.6742931546875 0.7509765625 0.6679518390625 0.7470703125 0.6679518390625 0.7451171875 0.6721793828125
1 0.7724609375 0.6679518390625 0.7568359375 0.6679518390625 0.755859375 0.6700656109375001 0.755859375 0.7377063046875 0.7568359375 0.739820075 0.7744140625 0.739820075 0.775390625 0.7377063046875 0.775390625 0.682748240625 0.7734375 0.6785206984375 0.775390625 0.6742931546875 0.7724609375 0.6679518390625
1 0.7783203125 0.6721793828125 0.775390625 0.6785206984375 0.775390625 0.7081135015625 0.77734375 0.71234104375 0.77734375 0.7377063046875 0.7802734375 0.74404761875 0.7958984375 0.74404761875 0.796875 0.7419338468750001 0.798828125 0.7377063046875 0.798828125 0.6785206984375 0.7958984375 0.6721793828125 0.7783203125 0.6721793828125
1 0.8037109375 0.659496753125 0.80078125 0.6616105250000001 0.80078125 0.6658380687500001 0.798828125 0.6700656109375001 0.798828125 0.6742931546875 0.80078125 0.6785206984375 0.80078125 0.725023675 0.8037109375 0.7313649890625 0.8056640625 0.7313649890625 0.8076171875 0.7355925328125 0.8408203125 0.7355925328125 0.841796875 0.7334787609375 0.841796875 0.6658380687500001 0.8408203125 0.663724296875 0.8056640625 0.663724296875 0.8037109375 0.659496753125
1 0.8779296875 0.663724296875 0.8525390625 0.663724296875 0.8505859375 0.659496753125 0.8466796875 0.659496753125 0.845703125 0.6616105250000001 0.845703125 0.725023675 0.8505859375 0.7355925328125 0.8544921875 0.7355925328125 0.8564453125 0.7313649890625 0.8720703125 0.7313649890625 0.8740234375 0.7355925328125 0.8837890625 0.7355925328125 0.884765625 0.7334787609375 0.884765625 0.6658380687500001 0.8818359375 0.659496753125 0.8798828125 0.659496753125 0.8779296875 0.663724296875
0 0 0.5094189671875 0.013671875 0.83916734375 0.017578125 0.9025804921875 0.0205078125 0.9089218078125001 0.0361328125 0.9089218078125001 0.041015625 0.89412540625 0.048828125 0.2473112828125 0.0439453125 0.2409699671875 0.0029296875 0.236742425 0 0.24308373906249997 0 0.5094189671875
0 0.0595703125 0.91737689375 0.0771484375 0.91737689375 0.080078125 0.9110355796875 0.080078125 0.9025804921875 0.0546875 0.3656824953125 0.05078125 0.31917951875 0.0498046875 0.317065746875 0.0322265625 0.317065746875 0.029296875 0.3234070609375 0.029296875 0.3572274078125 0.0546875 0.9025804921875 0.0595703125 0.91737689375
0 0.0390625 0.8814427765625 0.0419921875 0.8877840906250001 0.0517578125 0.8877840906250001 0.0546875 0.8772152328124999 0.048828125 0.281131628125 0.0478515625 0.2790178578125 0.0166015625 0.2790178578125 0.013671875 0.28535917187500004 0.013671875 0.3276346046875 0.037109375 0.864532603125 0.0390625 0.8814427765625
0 0.080078125 0.9068080359374999 0.0849609375 0.91737689375 0.0947265625 0.9216044374999999 0.1240234375 0.9216044374999999 0.12890625 0.915263121875 0.12890625 0.8772152328124999 0.107421875 0.25576636875 0.1025390625 0.2494250546875 0.0556640625 0.25365259687499997 0.05078125 0.26422145625 0.05078125 0.31917951875 0.07421875 0.8053469968750001 0.080078125 0.9068080359374999
0 0.130859375 0.9068080359374999 0.1357421875 0.9216044374999999 0.1416015625 0.9216044374999999 0.150390625 0.915263121875 0.150390625 0.860305059375 0.125 0.2684489984375 0.1220703125 0.262107684375 0.1083984375 0.262107684375 0.1044921875 0.26633522656249997 0.103515625 0.2684489984375 0.103515625 0.314951975 0.126953125 0.83916734375 0.130859375 0.9068080359374999
0 0.1552734375 0.91737689375 0.1806640625 0.91737689375 0.185546875 0.9110355796875 0.20703125 0.281131628125 0.205078125 0.2473112828125 0.2001953125 0.2409699671875 0.1748046875 0.236742425 0.1318359375 0.236742425 0.126953125 0.2473112828125 0.125 0.25999391250000004 0.125 0.293814259375 0.150390625 0.9025804921875 0.1552734375 0.91737689375
0 0.1884765625 0.91314935 0.2041015625 0.91737689375 0.208984375 0.9110355796875 0.208984375 0.8814427765625 0.197265625 0.5559219421875 0.189453125 0.3910477546875 0.1875 0.3825926671875 0.1826171875 0.376251353125 0.1708984375 0.380478896875 0.169921875 0.3825926671875 0.169921875 0.45023336093750005 0.185546875 0.9025804921875 0.1884765625 0.91314935
0 0.2119140625 0.9216044374999999 0.2158203125 0.9216044374999999 0.2236328125 0.91737689375 0.2265625 0.9110355796875 0.2265625 0.9068080359374999 0.208984375 0.3360896921875 0.20703125 0.314951975 0.2041015625 0.3043831171875 0.1962890625 0.3001555734375 0.189453125 0.3064968890625 0.185546875 0.31917951875 0.185546875 0.34877232187499996 0.208984375 0.915263121875 0.2119140625 0.9216044374999999
0 0.2333984375 0.9300595234375001 0.2451171875 0.9300595234375001 0.248046875 0.923718209375 0.248046875 0.8560775156249999 0.24609375 0.7630715640625 0.23046875 0.234628653125 0.2216796875 0.2282873375 0.2099609375 0.23251488125000003 0.20703125 0.2388561953125 0.205078125 0.2473112828125 0.2265625 0.915263121875 0.228515625 0.923718209375 0.2333984375 0.9300595234375001
0 0.25 0.9194906656249999 0.2529296875 0.92583198125 0.2587890625 0.9300595234375001 0.2783203125 0.9300595234375001 0.2919921875 0.92583198125 0.294921875 0.9194906656249999 0.294921875 0.8518499734375 0.28125 0.2219460234375 0.2802734375 0.21983225156250003 0.2412109375 0.21983225156250003 0.2333984375 0.22405979375 0.232421875 0.226173565625 0.232421875 0.3022693453125 0.248046875 0.9025804921875 0.25 0.9194906656249999
0 0.2978515625 0.92583198125 0.3134765625 0.92583198125 0.314453125 0.923718209375 0.314453125 0.8222571703125 0.3046875 0.2769040859375 0.302734375 0.2473112828125 0.3017578125 0.24519751093750003 0.2841796875 0.24519751093750003 0.28125 0.251538825 0.28125 0.2684489984375 0.294921875 0.9110355796875 0.2978515625 0.92583198125
0 0.31640625 0.915263121875 0.3212890625 0.92583198125 0.3291015625 0.9300595234375001 0.3525390625 0.92583198125 0.35546875 0.9194906656249999 0.3984375 0.24308373906249997 0.3984375 0.226173565625 0.3974609375 0.22405979375 0.3525390625 0.2156047078125 0.3134765625 0.21983225156250003 0.3056640625 0.22405979375 0.3046875 0.226173565625 0.3046875 0.3318621484375 0.314453125 0.8729876890625 0.31640625 0.915263121875
0 0.357421875 0.923718209375 0.3623046875 0.9300595234375001 0.3876953125 0.9300595234375001 0.3955078125 0.9216044374999999 0.404296875 0.9025804921875 0.40625 0.89412540625 0.40625 0.7884368234375 0.40234375 0.4671435328125 0.400390625 0.314951975 0.3984375 0.25999391250000004 0.3955078125 0.25365259687499997 0.3525390625 0.25365259687499997 0.3515625 0.25576636875 0.349609375 0.26422145625 0.349609375 0.289586715625 0.35546875 0.9110355796875 0.357421875 0.923718209375
0 0.408203125 0.8983529484374999 0.4111328125 0.9046942640625 0.4345703125 0.9046942640625 0.4375 0.89412540625 0.4609375 0.2684489984375 0.4609375 0.2219460234375 0.4580078125 0.2156047078125 0.4501953125 0.2113771640625 0.4033203125 0.2113771640625 0.400390625 0.21771847968750002 0.400390625 0.3234070609375 0.404296875 0.6996584140625 0.408203125 0.8983529484374999
0 0.4951171875 0.9342870671875 0.5224609375 0.9342870671875 0.525390625 0.9279457515624999 0.537109375 0.1627604171875 0.5263671875 0.143736471875 0.4990234375 0.109916125 0.4912109375 0.109916125 0.4599609375 0.12259875468749999 0.458984375 0.12471252656250001 0.45703125 0.13739515625 0.48046875 0.72079613125 0.490234375 0.923718209375 0.4951171875 0.9342870671875
0 0.4423828125 0.92583198125 0.4736328125 0.92583198125 0.478515625 0.9110355796875 0.478515625 0.8772152328124999 0.462890625 0.28535917187500004 0.4580078125 0.2790178578125 0.4384765625 0.2790178578125 0.4306640625 0.2832454 0.4296875 0.28535917187500004 0.4296875 0.340317234375 0.4375 0.915263121875 0.4423828125 0.92583198125
0 0.5234375 0.8222571703125 0.52734375 0.9110355796875 0.529296875 0.9321732953125 0.5341796875 0.946969696875 0.5830078125 0.946969696875 0.58984375 0.9364008390624999 0.58984375 0.864532603125 0.5703125 0.1881256765625 0.5654296875 0.173329275 0.5244140625 0.17755681875 0.5068359375 0.1817843609375 0.50390625 0.1881256765625 0.50390625 0.24308373906249997 0.505859375 0.31072443125000004 0.5234375 0.8222571703125
0 0.591796875 0.9364008390624999 0.5947265625 0.942742153125 0.6123046875 0.942742153125 0.615234375 0.9364008390624999 0.615234375 0.9110355796875 0.60546875 0.0866646375 0.6015625 0.040161660937499996 0.5927734375 0.0211377171875 0.5732421875 0.0211377171875 0.5693359375 0.025365259374999997 0.568359375 0.02747903125 0.568359375 0.08243709375 0.5859375 0.7672991078125 0.591796875 0.9364008390624999
0 0.6142578125 0.6721793828125 0.6455078125 0.6721793828125 0.6572265625 0.6679518390625 0.658203125 0.6658380687500001 0.658203125 0.5051914234375 0.654296875 0.1796705890625 0.6513671875 0.16910173125 0.6064453125 0.173329275 0.6025390625 0.17755681875 0.6015625 0.1796705890625 0.6015625 0.2219460234375 0.611328125 0.6616105250000001 0.6142578125 0.6721793828125
0 0.6640625 0.9321732953125 0.6650390625 0.9342870671875 0.6884765625 0.9385146109375 0.6953125 0.9279457515624999 0.6953125 0.1881256765625 0.6904296875 0.17755681875 0.6708984375 0.17755681875 0.6572265625 0.1817843609375 0.654296875 0.1881256765625 0.654296875 0.2388561953125 0.662109375 0.9025804921875 0.6640625 0.9321732953125
0 0.697265625 0.9279457515624999 0.7001953125 0.9342870671875 0.7041015625 0.9385146109375 0.7099609375 0.9385146109375 0.71484375 0.9279457515624999 0.71484375 0.864532603125 0.712890625 0.6742931546875 0.70703125 0.3529998640625 0.7041015625 0.34243100625 0.6943359375 0.34243100625 0.69140625 0.34877232187499996 0.69140625 0.5305566828125 0.6953125 0.9110355796875 0.697265625 0.9279457515624999
0 0.7216796875 0 0.7041015625 0.012682629687499999 0.642578125 0.14585024375 0.640625 0.1543053296875 0.640625 0.1627604171875 0.71875 0.9406283828124999 0.7216796875 0.946969696875 0.7548828125 0.946969696875 0.7578125 0.9406283828124999 0.7578125 0.9279457515624999 0.751953125 0.061299378125000005 0.75 0.0232514875 0.748046875 0.0105688578125 0.7431640625 0 0.7216796875 0
0 0.7578125 0.9406283828124999 0.7646484375 0.9511972406250001 0.7744140625 0.9511972406250001 0.77734375 0.944855925 0.77734375 0.9194906656249999 0.771484375 0.289586715625 0.76953125 0.21771847968750002 0.7685546875 0.2156047078125 0.7509765625 0.2156047078125 0.748046875 0.2219460234375 0.748046875 0.25999391250000004 0.755859375 0.8814427765625 0.7578125 0.9406283828124999
0 0.779296875 0.944855925 0.7861328125 0.9554247828125 0.7958984375 0.9554247828125 0.80078125 0.9490834687499999 0.80078125 0.8983529484374999 0.794921875 0.175443046875 0.7900390625 0.1606466453125 0.7744140625 0.1606466453125 0.76953125 0.171215503125 0.76953125 0.1965807625 0.775390625 0.7165685875000001 0.779296875 0.944855925
0 0.802734375 0.9321732953125 0.8076171875 0.942742153125 0.8134765625 0.946969696875 0.8330078125 0.946969696875 0.8388671875 0.942742153125 0.841796875 0.9364008390624999 0.841796875 0.25999391250000004 0.83984375 0.171215503125 0.8369140625 0.1648741890625 0.8349609375 0.1648741890625 0.7998046875 0.173329275 0.7958984375 0.17755681875 0.794921875 0.1796705890625 0.794921875 0.2134909359375 0.798828125 0.6996584140625 0.802734375 0.9321732953125
0 0.845703125 0.9321732953125 0.8486328125 0.942742153125 0.8564453125 0.946969696875 0.8798828125 0.946969696875 0.884765625 0.9364008390624999 0.88671875 0.7292512171875 0.88671875 0.4671435328125 0.884765625 0.12894007031250002 0.8837890625 0.12682629843749998 0.8779296875 0.12682629843749998 0.8505859375 0.1310538421875 0.8427734375 0.139508928125 0.837890625 0.1500777875 0.837890625 0.1585328734375 0.84375 0.8983529484374999 0.845703125 0.9321732953125