1 0.8798828125 0.7229099031249999 0.9189453125 0.7229099031249999 0.923828125 0.7165685875000001 0.923828125 0.6447003515625 0.9228515625 0.6425865796875 0.8916015625 0.6425865796875 0.8681640625 0.6468141234375 0.8671875 0.6489278953125 0.8671875 0.7081135015625 0.8701171875 0.714454815625 0.8798828125 0.7229099031249999
1 0.8623046875 0.7355925328125 0.865234375 0.72079613125 0.865234375 0.6658380687500001 0.86328125 0.6489278953125 0.8623046875 0.6468141234375 0.8408203125 0.6468141234375 0.8310546875 0.6510416671875 0.830078125 0.6531554390625 0.830078125 0.71234104375 0.8349609375 0.7229099031249999 0.8623046875 0.7355925328125
1 0.7841796875 0.714454815625 0.8232421875 0.714454815625 0.828125 0.7081135015625 0.828125 0.6447003515625 0.8271484375 0.6425865796875 0.7822265625 0.6425865796875 0.779296875 0.6489278953125 0.779296875 0.6573829812499999 0.78125 0.7081135015625 0.7841796875 0.714454815625
1 0.7529296875 0.718682359375 0.7646484375 0.718682359375 0.7783203125 0.714454815625 0.779296875 0.71234104375 0.78125 0.7038859578125 0.779296875 0.6573829812499999 0.7763671875 0.6468141234375 0.7626953125 0.6468141234375 0.7470703125 0.6510416671875 0.74609375 0.6531554390625 0.74609375 0.6742931546875 0.748046875 0.7038859578125 0.7529296875 0.718682359375
1 0.7451171875 0.7102272734375 0.74609375 0.7081135015625 0.74609375 0.682748240625 0.744140625 0.6489278953125 0.7431640625 0.6468141234375 0.7158203125 0.6468141234375 0.71484375 0.6489278953125 0.71484375 0.682748240625 0.7177734375 0.7102272734375 0.7451171875 0.7102272734375
1 0.6953125 0.7081135015625 0.6962890625 0.7102272734375 0.7138671875 0.7102272734375 0.716796875 0.7038859578125 0.716796875 0.6996584140625 0.71484375 0.6616105250000001 0.712890625 0.6489278953125 0.7119140625 0.6468141234375 0.6923828125 0.6468141234375 0.69140625 0.6489278953125 0.69140625 0.6616105250000001 0.693359375 0.695430871875 0.6953125 0.7081135015625
1 0.6767578125 0.7102272734375 0.6904296875 0.7102272734375 0.693359375 0.7038859578125 0.693359375 0.6700656109375001 0.69140625 0.6447003515625 0.6904296875 0.6425865796875 0.6728515625 0.6425865796875 0.671875 0.6447003515625 0.671875 0.6742931546875 0.673828125 0.7038859578125 0.6767578125 0.7102272734375
1 0.6142578125 0.714454815625 0.6201171875 0.718682359375 0.6513671875 0.718682359375 0.6708984375 0.714454815625 0.673828125 0.7081135015625 0.673828125 0.682748240625 0.671875 0.6489278953125 0.6708984375 0.6468141234375 0.6103515625 0.6510416671875 0.609375 0.6531554390625 0.609375 0.6785206984375 0.611328125 0.7081135015625 0.6142578125 0.714454815625
1 0.5927734375 0.7059997296875 0.6103515625 0.7059997296875 0.611328125 0.7038859578125 0.611328125 0.6912033281250001 0.607421875 0.6447003515625 0.6064453125 0.6425865796875 0.5986328125 0.6425865796875 0.5888671875 0.6468141234375 0.587890625 0.6489278953125 0.587890625 0.6785206984375 0.591796875 0.7038859578125 0.5927734375 0.7059997296875
1 0.5810546875 0.7059997296875 0.58984375 0.6996584140625 0.58984375 0.6869757843750001 0.5849609375 0.6383590375 0.5380859375 0.6468141234375 0.537109375 0.6489278953125 0.5390625 0.6742931546875 0.5439453125 0.7059997296875 0.5810546875 0.7059997296875
1 0.5361328125 0.7102272734375 0.5400390625 0.7102272734375 0.54296875 0.7038859578125 0.54296875 0.6996584140625 0.5390625 0.6531554390625 0.5361328125 0.6425865796875 0.5283203125 0.6425865796875 0.52734375 0.6447003515625 0.52734375 0.6616105250000001 0.53125 0.7038859578125 0.5361328125 0.7102272734375
1 0.5166015625 0.7102272734375 0.5263671875 0.7102272734375 0.53125 0.6996584140625 0.52734375 0.6489278953125 0.5244140625 0.6425865796875 0.5107421875 0.6468141234375 0.509765625 0.6489278953125 0.509765625 0.6658380687500001 0.513671875 0.7038859578125 0.5166015625 0.7102272734375
1 0.462890625 0.7038859578125 0.4658203125 0.7102272734375 0.4970703125 0.7102272734375 0.51171875 0.6996584140625 0.51171875 0.682748240625 0.509765625 0.6616105250000001 0.5078125 0.6447003515625 0.5048828125 0.6383590375 0.4580078125 0.6468141234375 0.45703125 0.6489278953125 0.45703125 0.6573829812499999 0.458984375 0.6785206984375 0.462890625 0.7038859578125
1 0.4365234375 0.7102272734375 0.4560546875 0.7059997296875 0.4609375 0.6996584140625 0.4609375 0.6869757843750001 0.45703125 0.6531554390625 0.4541015625 0.6425865796875 0.4443359375 0.6425865796875 0.4287109375 0.6510416671875 0.427734375 0.6531554390625 0.427734375 0.6658380687500001 0.431640625 0.695430871875 0.4365234375 0.7102272734375
1 0.4306640625 0.7017721859375 0.431640625 0.6996584140625 0.431640625 0.682748240625 0.427734375 0.6531554390625 0.4248046875 0.6425865796875 0.4169921875 0.6425865796875 0.4140625 0.6489278953125 0.419921875 0.695430871875 0.4248046875 0.7059997296875 0.4306640625 0.7017721859375
1 0.4111328125 0.7059997296875 0.4169921875 0.7059997296875 0.419921875 0.6996584140625 0.419921875 0.6869757843750001 0.416015625 0.6531554390625 0.4130859375 0.6425865796875 0.4052734375 0.6468141234375 0.404296875 0.6489278953125 0.404296875 0.6700656109375001 0.408203125 0.6996584140625 0.4111328125 0.7059997296875
1 0.4013671875 0.7059997296875 0.4033203125 0.7059997296875 0.408203125 0.6996584140625 0.408203125 0.6869757843750001 0.404296875 0.6573829812499999 0.3994140625 0.6425865796875 0.3935546875 0.6468141234375 0.392578125 0.6489278953125 0.392578125 0.6573829812499999 0.3984375 0.6996584140625 0.4013671875 0.7059997296875
1 0.3779296875 0.7017721859375 0.3955078125 0.6975446421875 0.3984375 0.6912033281250001 0.392578125 0.6489278953125 0.3896484375 0.6383590375 0.3798828125 0.6383590375 0.3701171875 0.6425865796875 0.369140625 0.6489278953125 0.37109375 0.6658380687500001 0.375 0.6912033281250001 0.3779296875 0.7017721859375
1 0.3525390625 0.6975446421875 0.3681640625 0.6975446421875 0.375 0.6912033281250001 0.375 0.682748240625 0.3681640625 0.6383590375 0.3564453125 0.6383590375 0.3466796875 0.6425865796875 0.345703125 0.6447003515625 0.345703125 0.6616105250000001 0.349609375 0.6912033281250001 0.3525390625 0.6975446421875
1 0.3486328125 0.6975446421875 0.349609375 0.695430871875 0.349609375 0.6785206984375 0.34375 0.6404728078125 0.3427734375 0.6383590375 0.3349609375 0.6383590375 0.3291015625 0.6425865796875 0.328125 0.6489278953125 0.3359375 0.695430871875 0.3369140625 0.6975446421875 0.3486328125 0.6975446421875
1 0.3037109375 0.6975446421875 0.3212890625 0.6975446421875 0.333984375 0.6912033281250001 0.333984375 0.6742931546875 0.328125 0.6404728078125 0.3251953125 0.63413149375 0.2958984375 0.6425865796875 0.294921875 0.6447003515625 0.294921875 0.6531554390625 0.30078125 0.6912033281250001 0.3037109375 0.6975446421875
1 0.2841796875 0.6975446421875 0.2939453125 0.6975446421875 0.2978515625 0.6933171 0.298828125 0.6912033281250001 0.298828125 0.682748240625 0.29296875 0.6447003515625 0.2900390625 0.6383590375 0.2763671875 0.6425865796875 0.275390625 0.6447003515625 0.275390625 0.6573829812499999 0.28125 0.6912033281250001 0.2841796875 0.6975446421875
1 0.2451171875 0.7017721859375 0.2568359375 0.6975446421875 0.2685546875 0.6806344703125 0.2734375 0.6700656109375001 0.2734375 0.6573829812499999 0.271484375 0.6404728078125 0.26953125 0.6277901781249999 0.2666015625 0.6214488640625 0.2373046875 0.6425865796875 0.236328125 0.6447003515625 0.236328125 0.6573829812499999 0.240234375 0.6869757843750001 0.2451171875 0.7017721859375
1 0.2236328125 0.6933171 0.2392578125 0.6933171 0.240234375 0.6912033281250001 0.240234375 0.6785206984375 0.236328125 0.6447003515625 0.2353515625 0.6425865796875 0.2177734375 0.6383590375 0.216796875 0.6404728078125 0.216796875 0.6531554390625 0.22265625 0.6912033281250001 0.2236328125 0.6933171
1 0.1787109375 0.6975446421875 0.1904296875 0.7017721859375 0.2119140625 0.7017721859375 0.21875 0.695430871875 0.21875 0.6785206984375 0.21484375 0.6531554390625 0.2119140625 0.6468141234375 0.1728515625 0.6468141234375 0.171875 0.6489278953125 0.171875 0.6573829812499999 0.17578125 0.6869757843750001 0.1787109375 0.6975446421875
1 0.1494140625 0.6975446421875 0.1728515625 0.6975446421875 0.17578125 0.6912033281250001 0.17578125 0.682748240625 0.171875 0.6489278953125 0.1689453125 0.6425865796875 0.1416015625 0.6425865796875 0.140625 0.6447003515625 0.140625 0.6616105250000001 0.14453125 0.6869757843750001 0.1494140625 0.6975446421875
1 0.1064453125 0.68908955625 0.1416015625 0.68908955625 0.14453125 0.682748240625 0.138671875 0.6404728078125 0.1357421875 0.63413149375 0.0986328125 0.6383590375 0.09765625 0.6404728078125 0.09765625 0.6489278953125 0.103515625 0.682748240625 0.1064453125 0.68908955625
1 0.0791015625 0.68908955625 0.0986328125 0.68908955625 0.103515625 0.682748240625 0.103515625 0.6742931546875 0.09765625 0.6404728078125 0.0947265625 0.63413149375 0.0712890625 0.6383590375 0.0703125 0.6404728078125 0.0703125 0.6531554390625 0.076171875 0.682748240625 0.0791015625 0.68908955625
1 0.0615234375 0.68908955625 0.0712890625 0.68908955625 0.076171875 0.682748240625 0.0703125 0.6447003515625 0.0654296875 0.63413149375 0.0517578125 0.6383590375 0.05078125 0.6404728078125 0.05078125 0.6531554390625 0.0546875 0.6742931546875 0.0615234375 0.68908955625
0 0 0.37413758124999996 0.013671875 0.45446090312500004 0.076171875 0.7968919109375 0.080078125 0.8138020828125001 0.0830078125 0.8201433984375001 0.0888671875 0.8243709421875 0.0966796875 0.8243709421875 0.09765625 0.8222571703125 0.09765625 0.8053469968750001 0.091796875 0.7672991078125 0.017578125 0.340317234375 0.01171875 0.31072443125000004 0.00390625 0.289586715625 0.0009765625 0.28747294375 0 0.289586715625 0 0.37413758124999996
0 0.0751953125 0.2705627703125 0.076171875 0.2684489984375 0.076171875 0.25999391250000004 0.060546875 0.1585328734375 0.0517578125 0.1183712125 0.048828125 0.1331676140625 0.046875 0.1965807625 0.0625 0.2684489984375 0.0634765625 0.2705627703125 0.0751953125 0.2705627703125
0 0.09765625 0.809574540625 0.099609375 0.8180296265625 0.1064453125 0.828598484375 0.1220703125 0.828598484375 0.126953125 0.8222571703125 0.126953125 0.8138020828125001 0.080078125 0.289586715625 0.0302734375 0.236742425 0.0087890625 0.2409699671875 0.0048828125 0.24519751093750003 0.00390625 0.2473112828125 0.00390625 0.26422145625 0.009765625 0.3022693453125 0.09765625 0.809574540625
0 0.12890625 0.8264847124999999 0.1337890625 0.832826028125 0.1611328125 0.832826028125 0.1640625 0.8264847124999999 0.1640625 0.809574540625 0.150390625 0.7165685875000001 0.080078125 0.26422145625 0.052734375 0.0993472671875 0.0517578125 0.0972334953125 0.0361328125 0.0972334953125 0.0244140625 0.1014610390625 0.015625 0.107802353125 0.013671875 0.12048498437499999 0.01953125 0.166987959375 0.125 0.8138020828125001 0.12890625 0.8264847124999999
0 0.162109375 0.8053469968750001 0.166015625 0.8264847124999999 0.1689453125 0.832826028125 0.1787109375 0.8370535718750001 0.1923828125 0.8370535718750001 0.1953125 0.83071225625 0.1953125 0.8138020828125001 0.1875 0.7546164765625 0.09375 0.0993472671875 0.0888671875 0.084550865625 0.0771484375 0.084550865625 0.0576171875 0.093005953125 0.0546875 0.0993472671875 0.0546875 0.112029896875 0.05859375 0.1416227 0.162109375 0.8053469968750001
0 0.2041015625 0.8412811140625 0.2138671875 0.8455086578125 0.2373046875 0.8455086578125 0.240234375 0.83916734375 0.322265625 0.0951197234375 0.32421875 0.0739820078125 0.3203125 0.035934117187499996 0.3134765625 0.012682629687499999 0.3076171875 0.012682629687499999 0.2880859375 0.016910173437500002 0.1201171875 0.0718682359375 0.0947265625 0.084550865625 0.091796875 0.09089218125000001 0.091796875 0.0951197234375 0.197265625 0.83071225625 0.2041015625 0.8412811140625
0 0.240234375 0.83916734375 0.2431640625 0.8455086578125 0.2568359375 0.8455086578125 0.2578125 0.8433948859375 0.2578125 0.83071225625 0.23828125 0.6573829812499999 0.19140625 0.29804180156250004 0.1875 0.2769040859375 0.1845703125 0.2705627703125 0.1806640625 0.2705627703125 0.1728515625 0.2790178578125 0.171875 0.281131628125 0.171875 0.293814259375 0.177734375 0.344544778125 0.240234375 0.83916734375
0 0.2626953125 0.8497362015625001 0.2744140625 0.8497362015625001 0.2900390625 0.8243709421875 0.298828125 0.8053469968750001 0.328125 0.1331676140625 0.328125 0.10357481093750001 0.3251953125 0.0972334953125 0.3017578125 0.1014610390625 0.2490234375 0.12682629843749998 0.1806640625 0.1648741890625 0.1767578125 0.16910173125 0.17578125 0.171215503125 0.17578125 0.1923532203125 0.2578125 0.83916734375 0.2626953125 0.8497362015625001
0 0.3291015625 0.8539637453125 0.3369140625 0.8581912875000001 0.3466796875 0.8581912875000001 0.3525390625 0.8539637453125 0.357421875 0.8476224296874999 0.373046875 0.1796705890625 0.3701171875 0.173329275 0.3583984375 0.173329275 0.3291015625 0.1817843609375 0.2373046875 0.2494250546875 0.232421875 0.25999391250000004 0.232421875 0.2684489984375 0.32421875 0.8433948859375 0.3291015625 0.8539637453125
0 0.3115234375 0.8539637453125 0.3193359375 0.8539637453125 0.322265625 0.8476224296874999 0.375 0.1627604171875 0.375 0.1500777875 0.373046875 0.13739515625 0.3681640625 0.12682629843749998 0.3603515625 0.12682629843749998 0.3291015625 0.139508928125 0.2783203125 0.16910173125 0.2080078125 0.2156047078125 0.205078125 0.2219460234375 0.20703125 0.2388561953125 0.306640625 0.8433948859375 0.3115234375 0.8539637453125
0 0.375 0.83916734375 0.3779296875 0.8497362015625001 0.3837890625 0.8539637453125 0.3896484375 0.8539637453125 0.3984375 0.83916734375 0.3984375 0.83071225625 0.37890625 0.7038859578125 0.3759765625 0.6933171 0.3544921875 0.6933171 0.353515625 0.695430871875 0.353515625 0.71234104375 0.369140625 0.809574540625 0.375 0.83916734375
0 0.341796875 0.6320177218749999 0.3525390625 0.663724296875 0.3564453125 0.6679518390625 0.3603515625 0.6679518390625 0.3671875 0.6404728078125 0.3671875 0.6277901781249999 0.349609375 0.293814259375 0.34375 0.25576636875 0.3408203125 0.2494250546875 0.3388671875 0.2494250546875 0.2998046875 0.2832454 0.294921875 0.293814259375 0.294921875 0.31072443125000004 0.298828125 0.34877232187499996 0.341796875 0.6320177218749999
0 0.400390625 0.8518499734375 0.4033203125 0.8581912875000001 0.4189453125 0.8581912875000001 0.419921875 0.8560775156249999 0.419921875 0.8349398000000001 0.3515625 0.378365125 0.34765625 0.36145495156249996 0.3427734375 0.35088609375 0.3349609375 0.3551136359375 0.330078125 0.3656824953125 0.330078125 0.38682021093749996 0.37109375 0.6658380687500001 0.400390625 0.8518499734375
0 0.3505859375 0.8539637453125 0.3564453125 0.8497362015625001 0.357421875 0.8476224296874999 0.357421875 0.8349398000000001 0.33203125 0.6742931546875 0.3193359375 0.6510416671875 0.2978515625 0.6510416671875 0.296875 0.6573829812499999 0.32421875 0.8433948859375 0.3310546875 0.8539637453125 0.3505859375 0.8539637453125
0 0.294921875 0.6447003515625 0.2958984375 0.6468141234375 0.3017578125 0.6468141234375 0.3173828125 0.6425865796875 0.326171875 0.6320177218749999 0.318359375 0.21771847968750002 0.3125 0.20080830624999998 0.3095703125 0.198694534375 0.2646484375 0.2282873375 0.2373046875 0.2494250546875 0.232421875 0.25999391250000004 0.232421875 0.26422145625 0.24609375 0.3529998640625 0.294921875 0.6447003515625
0 0.359375 0.8476224296874999 0.3623046875 0.8539637453125 0.3740234375 0.8539637453125 0.375 0.8518499734375 0.375 0.83916734375 0.33984375 0.2388561953125 0.3388671875 0.236742425 0.3349609375 0.236742425 0.27734375 0.28535917187500004 0.275390625 0.293814259375 0.275390625 0.3022693453125 0.353515625 0.8138020828125001 0.359375 0.8476224296874999
0 0.4248046875 0.866646375 0.4326171875 0.866646375 0.43359375 0.864532603125 0.43359375 0.8560775156249999 0.427734375 0.8138020828125001 0.35546875 0.3276346046875 0.3525390625 0.321293290625 0.3466796875 0.321293290625 0.34375 0.3276346046875 0.345703125 0.3529998640625 0.421875 0.860305059375 0.4248046875 0.866646375
0 0.400390625 0.6320177218749999 0.40234375 0.6404728078125 0.4052734375 0.6468141234375 0.4072265625 0.6468141234375 0.412109375 0.6404728078125 0.443359375 0.1585328734375 0.443359375 0.14585024375 0.4384765625 0.139508928125 0.4306640625 0.139508928125 0.3447265625 0.2156047078125 0.341796875 0.2219460234375 0.341796875 0.24308373906249997 0.390625 0.572832115625 0.400390625 0.6320177218749999
0 0.431640625 0.7884368234375 0.443359375 0.860305059375 0.4462890625 0.866646375 0.4521484375 0.866646375 0.453125 0.864532603125 0.453125 0.8433948859375 0.451171875 0.8264847124999999 0.39453125 0.40373038437500003 0.384765625 0.344544778125 0.3837890625 0.34243100625 0.3779296875 0.34243100625 0.3740234375 0.34665855 0.373046875 0.34877232187499996 0.373046875 0.3656824953125 0.375 0.3825926671875 0.431640625 0.7884368234375
0 0.455078125 0.864532603125 0.4599609375 0.8751014609375 0.4794921875 0.8751014609375 0.482421875 0.8687601468749999 0.482421875 0.8560775156249999 0.44921875 0.166987959375 0.4482421875 0.1648741890625 0.4443359375 0.1648741890625 0.4345703125 0.173329275 0.3798828125 0.2282873375 0.373046875 0.24308373906249997 0.373046875 0.25576636875 0.375 0.27267654218750004 0.455078125 0.864532603125
0 0.42578125 0.4164130140625 0.482421875 0.864532603125 0.4873046875 0.8793290046875001 0.4931640625 0.883556546875 0.5205078125 0.883556546875 0.5263671875 0.8793290046875001 0.529296875 0.8729876890625 0.529296875 0.8476224296874999 0.5234375 0.7842092796875 0.4921875 0.4967363359375 0.458984375 0.2134909359375 0.4560546875 0.20714962187500002 0.4501953125 0.20714962187500002 0.4072265625 0.2282873375 0.40625 0.23040110937499997 0.40625 0.2473112828125 0.408203125 0.2684489984375 0.42578125 0.4164130140625
0 0.5341796875 0.8793290046875001 0.5478515625 0.8793290046875001 0.548828125 0.8772152328124999 0.548828125 0.864532603125 0.5390625 0.7630715640625 0.533203125 0.7165685875000001 0.5302734375 0.7059997296875 0.5185546875 0.7102272734375 0.515625 0.7165685875000001 0.52734375 0.83071225625 0.533203125 0.8772152328124999 0.5341796875 0.8793290046875001
0 0.5107421875 0.6510416671875 0.5166015625 0.6510416671875 0.5224609375 0.6468141234375 0.525390625 0.6404728078125 0.552734375 0.061299378125000005 0.5478515625 0.050730518749999995 0.5419921875 0.050730518749999995 0.5107421875 0.0718682359375 0.4541015625 0.1183712125 0.451171875 0.12471252656250001 0.451171875 0.1416227 0.505859375 0.6362452656250001 0.5107421875 0.6510416671875
0 0.55859375 0.864532603125 0.5634765625 0.8793290046875001 0.5693359375 0.883556546875 0.5986328125 0.883556546875 0.603515625 0.8772152328124999 0.603515625 0.8518499734375 0.572265625 0.12048498437499999 0.5703125 0.0993472671875 0.5693359375 0.0972334953125 0.5498046875 0.0972334953125 0.4970703125 0.139508928125 0.4921875 0.1500777875 0.4921875 0.1881256765625 0.494140625 0.2134909359375 0.55859375 0.864532603125
0 0.60546875 0.8729876890625 0.607421875 0.8814427765625 0.6083984375 0.883556546875 0.6220703125 0.883556546875 0.625 0.8772152328124999 0.625 0.09089218125000001 0.6220703125 0.084550865625 0.6162109375 0.084550865625 0.6005859375 0.093005953125 0.5556640625 0.1521915578125 0.548828125 0.166987959375 0.548828125 0.1796705890625 0.599609375 0.8180296265625 0.60546875 0.8729876890625
0 0.625 0.8856703187500001 0.62890625 0.8983529484374999 0.6337890625 0.9046942640625 0.6611328125 0.9089218078125001 0.6748046875 0.9046942640625 0.6787109375 0.9004667203125001 0.68359375 0.8856703187500001 0.67578125 0.10357481093750001 0.6728515625 0.0972334953125 0.6689453125 0.0972334953125 0.6142578125 0.1310538421875 0.6044921875 0.143736471875 0.5849609375 0.17755681875 0.578125 0.1923532203125 0.576171875 0.20080830624999998 0.576171875 0.23040110937499997 0.619140625 0.8222571703125 0.625 0.8856703187500001
0 0.685546875 0.8856703187500001 0.6884765625 0.892011634375 0.7021484375 0.892011634375 0.703125 0.8898978625 0.703125 0.8433948859375 0.6875 0.12048498437499999 0.6845703125 0.1183712125 0.6728515625 0.12682629843749998 0.650390625 0.1838981328125 0.6484375 0.1923532203125 0.6484375 0.2388561953125 0.68359375 0.8729876890625 0.685546875 0.8856703187500001
0 0.705078125 0.8898978625 0.7080078125 0.896239178125 0.7236328125 0.896239178125 0.724609375 0.89412540625 0.724609375 0.8349398000000001 0.712890625 0.12048498437499999 0.7099609375 0.11414366875 0.6982421875 0.11414366875 0.6943359375 0.1183712125 0.68359375 0.1416227 0.671875 0.175443046875 0.66796875 0.1881256765625 0.66796875 0.2219460234375 0.703125 0.8729876890625 0.705078125 0.8898978625
0 0.7177734375 0.6510416671875 0.7412109375 0.6468141234375 0.744140625 0.6404728078125 0.744140625 0.6362452656250001 0.73046875 0.3276346046875 0.728515625 0.293814259375 0.724609375 0.25576636875 0.7216796875 0.2494250546875 0.7177734375 0.2494250546875 0.7119140625 0.25365259687499997 0.705078125 0.2684489984375 0.703125 0.281131628125 0.69921875 0.314951975 0.69921875 0.36145495156249996 0.712890625 0.6362452656250001 0.7177734375 0.6510416671875
0 0.755859375 0.8898978625 0.7587890625 0.9004667203125001 0.7626953125 0.9046942640625 0.7802734375 0.9046942640625 0.78515625 0.8983529484374999 0.78515625 0.8264847124999999 0.775390625 0.53901176875 0.76171875 0.2134909359375 0.7568359375 0.198694534375 0.7490234375 0.1902394484375 0.7294921875 0.1902394484375 0.728515625 0.1923532203125 0.7265625 0.20080830624999998 0.7265625 0.281131628125 0.75390625 0.864532603125 0.755859375 0.8898978625
0 0.7607421875 0 0.759765625 0.002113771875 0.7578125 0.0105688578125 0.7578125 0.0739820078125 0.759765625 0.13739515625 0.787109375 0.8729876890625 0.7890625 0.8983529484374999 0.791015625 0.9068080359374999 0.7958984375 0.91314935 0.8115234375 0.91737689375 0.8271484375 0.91314935 0.83203125 0.9025804921875 0.83203125 0.83916734375 0.81640625 0.0486167484375 0.814453125 0.002113771875 0.8134765625 0 0.7607421875 0
0 0.833984375 0.8772152328124999 0.8359375 0.9110355796875 0.8388671875 0.91737689375 0.8642578125 0.91737689375 0.8671875 0.9110355796875 0.8671875 0.7968919109375 0.857421875 0.08243709375 0.8369140625 0.033820346875000004 0.8173828125 0.033820346875000004 0.81640625 0.035934117187499996 0.81640625 0.08243709375 0.828125 0.695430871875 0.833984375 0.8772152328124999
0 0.8779296875 0.91737689375 0.9228515625 0.9216044374999999 0.92578125 0.915263121875 0.92578125 0.6447003515625 0.921875 0.061299378125000005 0.919921875 0.0486167484375 0.9091796875 0.025365259374999997 0.8994140625 0.016910173437500002 0.8681640625 0.0211377171875 0.8466796875 0.033820346875000004 0.845703125 0.040161660937499996 0.869140625 0.89412540625 0.87109375 0.9110355796875 0.8779296875 0.91737689375