1 0.0302734375 0.7313649890625 0.0439453125 0.7313649890625 0.044921875 0.7292512171875 0.044921875 0.72079613125 0.041015625 0.6912033281250001 0.0380859375 0.6848620125 0.0263671875 0.6806344703125 0.0234375 0.6869757843750001 0.0234375 0.6912033281250001 0.029296875 0.7292512171875 0.0302734375 0.7313649890625
1 0.0693359375 0.739820075 0.07421875 0.7334787609375 0.07421875 0.7165685875000001 0.072265625 0.695430871875 0.0693359375 0.68908955625 0.0419921875 0.6933171 0.041015625 0.6996584140625 0.044921875 0.7292512171875 0.0478515625 0.739820075 0.0693359375 0.739820075
1 0.076171875 0.7377063046875 0.0791015625 0.74404761875 0.0986328125 0.74404761875 0.099609375 0.7419338468750001 0.095703125 0.7038859578125 0.0927734375 0.6975446421875 0.0732421875 0.6975446421875 0.072265625 0.6996584140625 0.072265625 0.7081135015625 0.07421875 0.725023675 0.076171875 0.7377063046875
1 0.1044921875 0.75250270625 0.1435546875 0.75250270625 0.146484375 0.746161390625 0.1416015625 0.7059997296875 0.0966796875 0.7017721859375 0.095703125 0.7038859578125 0.095703125 0.7165685875000001 0.099609375 0.746161390625 0.1044921875 0.75250270625
1 0.1669921875 0.7567302484375 0.1787109375 0.75250270625 0.181640625 0.746161390625 0.181640625 0.725023675 0.1796875 0.7081135015625 0.1767578125 0.7017721859375 0.1435546875 0.7059997296875 0.142578125 0.7081135015625 0.142578125 0.72079613125 0.1474609375 0.75250270625 0.1669921875 0.7567302484375
1 0.1845703125 0.7482751624999999 0.1884765625 0.75250270625 0.2197265625 0.75250270625 0.220703125 0.750388934375 0.21875 0.7165685875000001 0.2158203125 0.7017721859375 0.1806640625 0.7017721859375 0.1796875 0.7038859578125 0.1796875 0.71234104375 0.181640625 0.7334787609375 0.1845703125 0.7482751624999999
1 0.2333984375 0.7567302484375 0.2587890625 0.7567302484375 0.26171875 0.750388934375 0.259765625 0.71234104375 0.2568359375 0.7059997296875 0.2294921875 0.7059997296875 0.228515625 0.7081135015625 0.228515625 0.7165685875000001 0.23046875 0.746161390625 0.2333984375 0.7567302484375
1 0.2646484375 0.75250270625 0.2900390625 0.75250270625 0.291015625 0.750388934375 0.291015625 0.7334787609375 0.2880859375 0.7059997296875 0.2607421875 0.7059997296875 0.259765625 0.7081135015625 0.259765625 0.725023675 0.26171875 0.746161390625 0.2646484375 0.75250270625
1 0.3134765625 0.7482751624999999 0.314453125 0.746161390625 0.314453125 0.7165685875000001 0.3115234375 0.6975446421875 0.2900390625 0.6975446421875 0.2890625 0.6996584140625 0.2890625 0.725023675 0.2919921875 0.7482751624999999 0.3134765625 0.7482751624999999
1 0.3173828125 0.75250270625 0.3212890625 0.75250270625 0.322265625 0.750388934375 0.322265625 0.7081135015625 0.3193359375 0.7017721859375 0.3134765625 0.7017721859375 0.3125 0.7038859578125 0.3125 0.72079613125 0.314453125 0.746161390625 0.3173828125 0.75250270625
1 0.3271484375 0.7609577921875 0.3408203125 0.7609577921875 0.341796875 0.7588440203125 0.341796875 0.7419338468750001 0.33984375 0.7165685875000001 0.3369140625 0.7102272734375 0.3232421875 0.7102272734375 0.322265625 0.71234104375 0.322265625 0.7419338468750001 0.32421875 0.7546164765625 0.3271484375 0.7609577921875
1 0.3427734375 0.7609577921875 0.3505859375 0.7609577921875 0.3515625 0.7588440203125 0.3515625 0.725023675 0.349609375 0.71234104375 0.3486328125 0.7102272734375 0.3408203125 0.7102272734375 0.33984375 0.71234104375 0.33984375 0.7377063046875 0.341796875 0.7588440203125 0.3427734375 0.7609577921875
1 0.3525390625 0.7609577921875 0.3837890625 0.7609577921875 0.38671875 0.7546164765625 0.384765625 0.7165685875000001 0.3818359375 0.7102272734375 0.3505859375 0.7102272734375 0.349609375 0.71234104375 0.349609375 0.725023675 0.3515625 0.7588440203125 0.3525390625 0.7609577921875
1 0.3935546875 0.7736404218749999 0.4052734375 0.7778679656249999 0.4248046875 0.7778679656249999 0.4326171875 0.7736404218749999 0.435546875 0.7672991078125 0.435546875 0.746161390625 0.4326171875 0.7229099031249999 0.3857421875 0.718682359375 0.384765625 0.72079613125 0.384765625 0.7377063046875 0.38671875 0.7630715640625 0.3935546875 0.7736404218749999
1 0.4462890625 0.769412878125 0.447265625 0.7672991078125 0.447265625 0.7165685875000001 0.4462890625 0.714454815625 0.4365234375 0.714454815625 0.435546875 0.7165685875000001 0.435546875 0.7630715640625 0.4384765625 0.769412878125 0.4462890625 0.769412878125
1 0.4560546875 0.7736404218749999 0.4697265625 0.7778679656249999 0.4873046875 0.7778679656249999 0.490234375 0.77152665 0.490234375 0.7292512171875 0.4873046875 0.7229099031249999 0.4501953125 0.718682359375 0.44921875 0.72079613125 0.44921875 0.7630715640625 0.4521484375 0.769412878125 0.4560546875 0.7736404218749999
1 0.5029296875 0.7778679656249999 0.5283203125 0.7778679656249999 0.53125 0.77152665 0.53125 0.7292512171875 0.5302734375 0.7271374453125 0.4912109375 0.7229099031249999 0.490234375 0.725023675 0.490234375 0.7630715640625 0.4931640625 0.7736404218749999 0.5029296875 0.7778679656249999
1 0.5419921875 0.7609577921875 0.544921875 0.750388934375 0.544921875 0.7165685875000001 0.5419921875 0.7102272734375 0.5380859375 0.7102272734375 0.533203125 0.7165685875000001 0.53125 0.725023675 0.53125 0.7546164765625 0.5341796875 0.7609577921875 0.5419921875 0.7609577921875
1 0.5576171875 0.769412878125 0.560546875 0.746161390625 0.560546875 0.72079613125 0.5595703125 0.718682359375 0.5458984375 0.718682359375 0.544921875 0.72079613125 0.544921875 0.7630715640625 0.5478515625 0.769412878125 0.5576171875 0.769412878125
1 0.5771484375 0.7736404218749999 0.580078125 0.7672991078125 0.580078125 0.725023675 0.5791015625 0.7229099031249999 0.5615234375 0.7229099031249999 0.560546875 0.725023675 0.560546875 0.77152665 0.5615234375 0.7736404218749999 0.5771484375 0.7736404218749999
1 0.5986328125 0.7736404218749999 0.603515625 0.7630715640625 0.603515625 0.725023675 0.6025390625 0.7229099031249999 0.5830078125 0.718682359375 0.580078125 0.725023675 0.580078125 0.7672991078125 0.5927734375 0.7736404218749999 0.5986328125 0.7736404218749999
1 0.6396484375 0.7736404218749999 0.6484375 0.7672991078125 0.6484375 0.72079613125 0.6474609375 0.718682359375 0.6064453125 0.718682359375 0.603515625 0.725023675 0.603515625 0.7630715640625 0.6064453125 0.769412878125 0.6396484375 0.7736404218749999
1 0.6669921875 0.7736404218749999 0.66796875 0.77152665 0.669921875 0.7419338468750001 0.669921875 0.725023675 0.6689453125 0.7229099031249999 0.6552734375 0.718682359375 0.6513671875 0.718682359375 0.650390625 0.72079613125 0.6484375 0.7292512171875 0.6484375 0.7672991078125 0.6533203125 0.7736404218749999 0.6669921875 0.7736404218749999
1 0.6943359375 0.7778679656249999 0.697265625 0.7672991078125 0.697265625 0.7292512171875 0.6962890625 0.7271374453125 0.6708984375 0.7229099031249999 0.669921875 0.725023675 0.669921875 0.77152665 0.6728515625 0.7778679656249999 0.6943359375 0.7778679656249999
1 0.7255859375 0.7736404218749999 0.7265625 0.77152665 0.728515625 0.750388934375 0.728515625 0.72079613125 0.7275390625 0.718682359375 0.7001953125 0.718682359375 0.697265625 0.725023675 0.697265625 0.7672991078125 0.7001953125 0.7736404218749999 0.7255859375 0.7736404218749999
1 0.7470703125 0.7736404218749999 0.75 0.7672991078125 0.751953125 0.72079613125 0.7509765625 0.718682359375 0.7373046875 0.714454815625 0.7314453125 0.714454815625 0.73046875 0.7165685875000001 0.728515625 0.7334787609375 0.728515625 0.7672991078125 0.7353515625 0.7736404218749999 0.7470703125 0.7736404218749999
1 0.765625 0.77575419375 0.767578125 0.7588440203125 0.767578125 0.7292512171875 0.7548828125 0.7229099031249999 0.751953125 0.7292512171875 0.75 0.746161390625 0.75 0.77575419375 0.7626953125 0.782095509375 0.765625 0.77575419375
1 0.791015625 0.77152665 0.791015625 0.7292512171875 0.7900390625 0.7271374453125 0.7724609375 0.7229099031249999 0.7705078125 0.7229099031249999 0.767578125 0.7292512171875 0.765625 0.77152665 0.7685546875 0.7778679656249999 0.7861328125 0.782095509375 0.791015625 0.77152665
1 0.8115234375 0.782095509375 0.814453125 0.77575419375 0.81640625 0.7292512171875 0.8134765625 0.7229099031249999 0.7939453125 0.7229099031249999 0.791015625 0.7292512171875 0.791015625 0.77575419375 0.7919921875 0.7778679656249999 0.8115234375 0.782095509375
1 0.8291015625 0.7863230515625 0.830078125 0.7842092796875 0.83203125 0.7546164765625 0.83203125 0.7334787609375 0.8193359375 0.7271374453125 0.81640625 0.7334787609375 0.814453125 0.77575419375 0.8173828125 0.782095509375 0.8232421875 0.7863230515625 0.8291015625 0.7863230515625
1 0.8486328125 0.7863230515625 0.8515625 0.7672991078125 0.8515625 0.7334787609375 0.8505859375 0.7313649890625 0.8330078125 0.7313649890625 0.83203125 0.7334787609375 0.830078125 0.7630715640625 0.830078125 0.7842092796875 0.8310546875 0.7863230515625 0.8486328125 0.7863230515625
1 0.869140625 0.7799817375 0.87109375 0.7377063046875 0.8583984375 0.7313649890625 0.8544921875 0.7313649890625 0.8515625 0.7377063046875 0.849609375 0.7799817375 0.8525390625 0.7863230515625 0.8662109375 0.7863230515625 0.869140625 0.7799817375
0 0 0.5263291390625 0.046875 0.864532603125 0.0537109375 0.8751014609375 0.0595703125 0.8751014609375 0.0625 0.8687601468749999 0.0625 0.864532603125 0.052734375 0.7799817375 0.00390625 0.3825926671875 0.0009765625 0.376251353125 0 0.378365125 0 0.5263291390625
0 0 0.3656824953125 0.05859375 0.8433948859375 0.0625 0.8687601468749999 0.0654296875 0.8793290046875001 0.0712890625 0.883556546875 0.0849609375 0.883556546875 0.091796875 0.8729876890625 0.095703125 0.289586715625 0.0947265625 0.28747294375 0.0615234375 0.3001555734375 0.0146484375 0.3297483765625 0.0048828125 0.3382034625 0 0.34877232187499996 0 0.3656824953125
0 0.0947265625 0.883556546875 0.1142578125 0.883556546875 0.115234375 0.8814427765625 0.115234375 0.8729876890625 0.103515625 0.7672991078125 0.060546875 0.4206405578125 0.0556640625 0.40584415625 0.0458984375 0.40584415625 0.0400390625 0.4100716984375 0.0390625 0.41218547031249997 0.0390625 0.4248681 0.091796875 0.8772152328124999 0.0947265625 0.883556546875
0 0.115234375 0.8772152328124999 0.1220703125 0.892011634375 0.1552734375 0.892011634375 0.15625 0.8898978625 0.15625 0.8476224296874999 0.126953125 0.53901176875 0.111328125 0.38682021093749996 0.10546875 0.340317234375 0.099609375 0.314951975 0.0986328125 0.312838203125 0.0927734375 0.312838203125 0.0595703125 0.3339759203125 0.052734375 0.344544778125 0.05078125 0.3529998640625 0.05078125 0.36145495156249996 0.11328125 0.8687601468749999 0.115234375 0.8772152328124999
0 0.1630859375 0.896239178125 0.1728515625 0.9004667203125001 0.1865234375 0.9004667203125001 0.193359375 0.8898978625 0.255859375 0.21771847968750002 0.255859375 0.1923532203125 0.2275390625 0.17755681875 0.2158203125 0.17755681875 0.1201171875 0.236742425 0.0986328125 0.25365259687499997 0.09765625 0.25576636875 0.09765625 0.281131628125 0.158203125 0.8814427765625 0.1630859375 0.896239178125
0 0.2001953125 0.896239178125 0.2314453125 0.896239178125 0.234375 0.8898978625 0.234375 0.8814427765625 0.23046875 0.25999391250000004 0.2294921875 0.25788014062500003 0.2236328125 0.25788014062500003 0.2041015625 0.26633522656249997 0.1630859375 0.2917004875 0.1494140625 0.3043831171875 0.146484375 0.31072443125000004 0.1484375 0.344544778125 0.1953125 0.8856703187500001 0.2001953125 0.896239178125
0 0.2353515625 0.892011634375 0.2412109375 0.892011634375 0.2421875 0.8898978625 0.2421875 0.8687601468749999 0.203125 0.38682021093749996 0.2001953125 0.376251353125 0.1923828125 0.376251353125 0.1884765625 0.380478896875 0.1875 0.3825926671875 0.1875 0.3910477546875 0.234375 0.8898978625 0.2353515625 0.892011634375
0 0.2470703125 0.9004667203125001 0.2705078125 0.9004667203125001 0.271484375 0.8983529484374999 0.271484375 0.8687601468749999 0.23046875 0.289586715625 0.2294921875 0.28747294375 0.2197265625 0.28747294375 0.2001953125 0.3043831171875 0.1953125 0.314951975 0.1953125 0.31917951875 0.2421875 0.8898978625 0.2470703125 0.9004667203125001
0 0.2734375 0.89412540625 0.2783203125 0.9004667203125001 0.2978515625 0.9004667203125001 0.30078125 0.8898978625 0.35546875 0.2134909359375 0.3525390625 0.202922078125 0.3291015625 0.198694534375 0.2802734375 0.22405979375 0.2333984375 0.262107684375 0.23046875 0.2684489984375 0.23046875 0.31917951875 0.271484375 0.8814427765625 0.2734375 0.89412540625
0 0.298828125 0.8814427765625 0.3037109375 0.896239178125 0.3251953125 0.896239178125 0.328125 0.8898978625 0.328125 0.8856703187500001 0.32421875 0.7672991078125 0.294921875 0.31072443125000004 0.2919921875 0.3043831171875 0.2861328125 0.3043831171875 0.2802734375 0.3086106609375 0.26953125 0.3276346046875 0.267578125 0.3360896921875 0.26953125 0.395275296875 0.287109375 0.7081135015625 0.298828125 0.8814427765625
0 0.3330078125 0.9089218078125001 0.3466796875 0.9089218078125001 0.34765625 0.9068080359374999 0.34765625 0.864532603125 0.345703125 0.8138020828125001 0.32421875 0.3656824953125 0.322265625 0.34877232187499996 0.3173828125 0.3382034625 0.3037109375 0.34243100625 0.30078125 0.34877232187499996 0.30078125 0.3572274078125 0.330078125 0.8983529484374999 0.3330078125 0.9089218078125001
0 0.3779296875 0.9089218078125001 0.3857421875 0.9004667203125001 0.388671875 0.89412540625 0.388671875 0.83071225625 0.38671875 0.7630715640625 0.3583984375 0.74404761875 0.35546875 0.746161390625 0.353515625 0.7588440203125 0.359375 0.89412540625 0.3681640625 0.9089218078125001 0.3779296875 0.9089218078125001
0 0.3720703125 0.739820075 0.3740234375 0.739820075 0.384765625 0.7081135015625 0.392578125 0.29804180156250004 0.3876953125 0.2917004875 0.3798828125 0.2917004875 0.3369140625 0.3339759203125 0.333984375 0.340317234375 0.333984375 0.38682021093749996 0.349609375 0.7081135015625 0.3720703125 0.739820075
0 0.392578125 0.9110355796875 0.3955078125 0.91737689375 0.4111328125 0.9216044374999999 0.4365234375 0.9216044374999999 0.439453125 0.915263121875 0.439453125 0.8856703187500001 0.423828125 0.29804180156250004 0.421875 0.28535917187500004 0.4189453125 0.2790178578125 0.4111328125 0.2832454 0.3876953125 0.3086106609375 0.3720703125 0.3297483765625 0.37109375 0.3318621484375 0.37109375 0.36145495156249996 0.390625 0.8856703187500001 0.392578125 0.9110355796875
0 0.439453125 0.9110355796875 0.4423828125 0.91737689375 0.4501953125 0.91737689375 0.451171875 0.915263121875 0.451171875 0.8264847124999999 0.4375 0.171215503125 0.4345703125 0.1648741890625 0.4287109375 0.1648741890625 0.423828125 0.171215503125 0.421875 0.1796705890625 0.423828125 0.3234070609375 0.4375 0.8687601468749999 0.439453125 0.9110355796875
0 0.453125 0.9110355796875 0.4560546875 0.91737689375 0.4697265625 0.92583198125 0.4833984375 0.92583198125 0.490234375 0.915263121875 0.4921875 0.8856703187500001 0.49609375 0.107802353125 0.4833984375 0.1014610390625 0.4560546875 0.1014610390625 0.4443359375 0.11414366875 0.439453125 0.12471252656250001 0.4375 0.1331676140625 0.4375 0.1838981328125 0.451171875 0.8729876890625 0.453125 0.9110355796875
0 0.494140625 0.9110355796875 0.5009765625 0.92583198125 0.5087890625 0.9300595234375001 0.5205078125 0.9300595234375001 0.52734375 0.923718209375 0.529296875 0.915263121875 0.53125 0.89412540625 0.568359375 0.1627604171875 0.568359375 0.12471252656250001 0.5615234375 0.1056885828125 0.5556640625 0.1014610390625 0.5166015625 0.109916125 0.5009765625 0.1183712125 0.4873046875 0.1310538421875 0.486328125 0.1331676140625 0.486328125 0.226173565625 0.4921875 0.8983529484374999 0.494140625 0.9110355796875
0 0.5419921875 0.91314935 0.54296875 0.9110355796875 0.576171875 0.21771847968750002 0.576171875 0.1965807625 0.5751953125 0.194466990625 0.5732421875 0.194466990625 0.5595703125 0.2113771640625 0.546875 0.2388561953125 0.537109375 0.26422145625 0.53515625 0.27267654218750004 0.533203125 0.45446090312500004 0.53125 0.72079613125 0.53125 0.9110355796875 0.5322265625 0.91314935 0.5419921875 0.91314935
0 0.55859375 0.9110355796875 0.583984375 0.23040110937499997 0.583984375 0.2219460234375 0.5830078125 0.21983225156250003 0.5615234375 0.2494250546875 0.55078125 0.27267654218750004 0.548828125 0.281131628125 0.544921875 0.6108800046875 0.54296875 0.9110355796875 0.5478515625 0.9216044374999999 0.5537109375 0.9216044374999999 0.55859375 0.9110355796875
0 0.578125 0.915263121875 0.5859375 0.3699100375 0.5859375 0.26422145625 0.5830078125 0.25788014062500003 0.5771484375 0.262107684375 0.568359375 0.28535917187500004 0.56640625 0.293814259375 0.564453125 0.314951975 0.560546875 0.6447003515625 0.55859375 0.9194906656249999 0.5615234375 0.92583198125 0.5751953125 0.92583198125 0.578125 0.915263121875
0 0.578125 0.915263121875 0.5859375 0.37413758124999996 0.5859375 0.2684489984375 0.5830078125 0.262107684375 0.5771484375 0.26633522656249997 0.572265625 0.2769040859375 0.56640625 0.293814259375 0.564453125 0.314951975 0.560546875 0.6447003515625 0.55859375 0.9194906656249999 0.5615234375 0.92583198125 0.5751953125 0.92583198125 0.578125 0.915263121875
0 0.6015625 0.9194906656249999 0.626953125 0.21771847968750002 0.626953125 0.20503585000000002 0.6240234375 0.198694534375 0.6064453125 0.198694534375 0.599609375 0.2134909359375 0.58984375 0.251538825 0.5859375 0.27267654218750004 0.580078125 0.695430871875 0.578125 0.915263121875 0.5849609375 0.92583198125 0.5966796875 0.92583198125 0.6015625 0.9194906656249999
0 0.64453125 0.915263121875 0.646484375 0.8518499734375 0.66015625 0.31917951875 0.66015625 0.234628653125 0.6572265625 0.22405979375 0.6337890625 0.22405979375 0.6298828125 0.2282873375 0.623046875 0.2473112828125 0.61328125 0.293814259375 0.611328125 0.314951975 0.603515625 0.7292512171875 0.6015625 0.9110355796875 0.6064453125 0.92583198125 0.6416015625 0.92583198125 0.64453125 0.915263121875
0 0.666015625 0.915263121875 0.6796875 0.3656824953125 0.6796875 0.25576636875 0.6728515625 0.23251488125000003 0.6708984375 0.23251488125000003 0.666015625 0.24308373906249997 0.662109375 0.2684489984375 0.658203125 0.3360896921875 0.646484375 0.7968919109375 0.64453125 0.9194906656249999 0.6494140625 0.9300595234375001 0.6630859375 0.9300595234375001 0.666015625 0.915263121875
0 0.69140625 0.9279457515624999 0.693359375 0.89412540625 0.712890625 0.3022693453125 0.712890625 0.23040110937499997 0.70703125 0.1881256765625 0.705078125 0.1796705890625 0.7001953125 0.173329275 0.6884765625 0.17755681875 0.68359375 0.1881256765625 0.681640625 0.23040110937499997 0.66796875 0.7968919109375 0.666015625 0.9279457515624999 0.6689453125 0.9342870671875 0.6845703125 0.9385146109375 0.69140625 0.9279457515624999
0 0.7177734375 0.9342870671875 0.720703125 0.9279457515624999 0.72265625 0.9068080359374999 0.744140625 0.37413758124999996 0.744140625 0.3234070609375 0.73828125 0.293814259375 0.7294921875 0.2790178578125 0.7255859375 0.2790178578125 0.71484375 0.289586715625 0.712890625 0.29804180156250004 0.708984375 0.340317234375 0.693359375 0.8433948859375 0.69140625 0.915263121875 0.693359375 0.9279457515624999 0.7001953125 0.9342870671875 0.7177734375 0.9342870671875
0 0.7392578125 0.9342870671875 0.744140625 0.9279457515624999 0.767578125 0.3276346046875 0.767578125 0.281131628125 0.751953125 0.226173565625 0.7470703125 0.2156047078125 0.7431640625 0.2156047078125 0.740234375 0.2219460234375 0.736328125 0.2473112828125 0.72265625 0.8687601468749999 0.72265625 0.9279457515624999 0.7275390625 0.9342870671875 0.7392578125 0.9342870671875
0 0.7568359375 0.9342870671875 0.759765625 0.9279457515624999 0.76171875 0.8983529484374999 0.787109375 0.314951975 0.787109375 0.289586715625 0.771484375 0.23040110937499997 0.7666015625 0.21983225156250003 0.7587890625 0.21983225156250003 0.7578125 0.2219460234375 0.744140625 0.8856703187500001 0.744140625 0.9279457515624999 0.7490234375 0.9342870671875 0.7568359375 0.9342870671875
0 0.783203125 0.9321732953125 0.787109375 0.864532603125 0.8125 0.293814259375 0.8125 0.2473112828125 0.80859375 0.234628653125 0.7890625 0.1881256765625 0.7822265625 0.17755681875 0.7763671875 0.17755681875 0.76953125 0.1881256765625 0.759765625 0.9279457515624999 0.7646484375 0.9385146109375 0.7802734375 0.9385146109375 0.783203125 0.9321732953125
0 0.806640625 0.9364008390624999 0.80859375 0.9194906656249999 0.833984375 0.3529998640625 0.833984375 0.3318621484375 0.83203125 0.31917951875 0.8212890625 0.2917004875 0.8154296875 0.2917004875 0.814453125 0.293814259375 0.8125 0.3022693453125 0.80859375 0.340317234375 0.798828125 0.54746685625 0.787109375 0.83916734375 0.78515625 0.9321732953125 0.7880859375 0.9385146109375 0.8037109375 0.942742153125 0.806640625 0.9364008390624999
0 0.8388671875 0.942742153125 0.84375 0.9279457515624999 0.8828125 0.107802353125 0.8828125 0.0697544640625 0.8818359375 0.06764069218749999 0.8583984375 0.06764069218749999 0.85546875 0.0739820078125 0.849609375 0.1416227 0.845703125 0.21771847968750002 0.826171875 0.8814427765625 0.826171875 0.9364008390624999 0.8291015625 0.942742153125 0.8388671875 0.942742153125
0 0.8583984375 0.9511972406250001 0.861328125 0.944855925 0.908203125 0.0739820078125 0.908203125 0.061299378125000005 0.9072265625 0.05918560625 0.8876953125 0.05918560625 0.884765625 0.0697544640625 0.845703125 0.8518499734375 0.841796875 0.9364008390624999 0.84375 0.944855925 0.8486328125 0.9511972406250001 0.8583984375 0.9511972406250001