1 0.1337890625 0.769412878125 0.146484375 0.7630715640625 0.1484375 0.746161390625 0.1484375 0.7038859578125 0.1474609375 0.7017721859375 0.0849609375 0.7017721859375 0.08203125 0.7081135015625 0.080078125 0.7419338468750001 0.080078125 0.7672991078125 0.0810546875 0.769412878125 0.1337890625 0.769412878125
1 0.1943359375 0.7609577921875 0.1953125 0.7588440203125 0.197265625 0.746161390625 0.197265625 0.6996584140625 0.1962890625 0.6975446421875 0.1611328125 0.6975446421875 0.16015625 0.6996584140625 0.158203125 0.7165685875000001 0.158203125 0.7588440203125 0.1591796875 0.7609577921875 0.1943359375 0.7609577921875
1 0.2568359375 0.7651853359375 0.259765625 0.7546164765625 0.26171875 0.7081135015625 0.2587890625 0.7017721859375 0.2412109375 0.6975446421875 0.2001953125 0.6975446421875 0.19921875 0.6996584140625 0.197265625 0.7165685875000001 0.197265625 0.7630715640625 0.1982421875 0.7651853359375 0.2568359375 0.7651853359375
1 0.2861328125 0.769412878125 0.2978515625 0.769412878125 0.298828125 0.7672991078125 0.30078125 0.7377063046875 0.30078125 0.7038859578125 0.2998046875 0.7017721859375 0.2646484375 0.7017721859375 0.263671875 0.7038859578125 0.26171875 0.7165685875000001 0.26171875 0.7630715640625 0.2626953125 0.7651853359375 0.2861328125 0.769412878125
1 0.341796875 0.7630715640625 0.345703125 0.7081135015625 0.3447265625 0.7059997296875 0.3408203125 0.7017721859375 0.3037109375 0.7017721859375 0.30078125 0.7081135015625 0.298828125 0.7588440203125 0.2998046875 0.7651853359375 0.3388671875 0.769412878125 0.341796875 0.7630715640625
1 0.375 0.7630715640625 0.376953125 0.750388934375 0.37890625 0.7165685875000001 0.37890625 0.7081135015625 0.3759765625 0.7017721859375 0.3525390625 0.6975446421875 0.349609375 0.72079613125 0.34765625 0.7588440203125 0.3505859375 0.7651853359375 0.3720703125 0.769412878125 0.375 0.7630715640625
1 0.4111328125 0.7736404218749999 0.4267578125 0.7736404218749999 0.4296875 0.7672991078125 0.431640625 0.7377063046875 0.431640625 0.71234104375 0.4306640625 0.7102272734375 0.3876953125 0.6975446421875 0.3818359375 0.6975446421875 0.37890625 0.7081135015625 0.376953125 0.7377063046875 0.376953125 0.7630715640625 0.3779296875 0.7651853359375 0.4111328125 0.7736404218749999
1 0.455078125 0.7672991078125 0.45703125 0.7419338468750001 0.45703125 0.71234104375 0.4443359375 0.7059997296875 0.4345703125 0.7059997296875 0.431640625 0.72079613125 0.4296875 0.7672991078125 0.4404296875 0.7736404218749999 0.4521484375 0.7736404218749999 0.455078125 0.7672991078125
1 0.4716796875 0.7736404218749999 0.474609375 0.7672991078125 0.4765625 0.7377063046875 0.4765625 0.71234104375 0.4755859375 0.7102272734375 0.4599609375 0.7102272734375 0.458984375 0.71234104375 0.45703125 0.7334787609375 0.45703125 0.77152665 0.4580078125 0.7736404218749999 0.4716796875 0.7736404218749999
1 0.4990234375 0.782095509375 0.5107421875 0.782095509375 0.513671875 0.77575419375 0.515625 0.746161390625 0.515625 0.7292512171875 0.5146484375 0.7271374453125 0.4892578125 0.718682359375 0.4833984375 0.718682359375 0.48046875 0.725023675 0.478515625 0.750388934375 0.478515625 0.77152665 0.4814453125 0.7778679656249999 0.4990234375 0.782095509375
1 0.5537109375 0.7736404218749999 0.5546875 0.77152665 0.556640625 0.7630715640625 0.556640625 0.71234104375 0.5556640625 0.7102272734375 0.5458984375 0.7059997296875 0.5205078125 0.7059997296875 0.51953125 0.7081135015625 0.517578125 0.7630715640625 0.5205078125 0.769412878125 0.5439453125 0.7736404218749999 0.5537109375 0.7736404218749999
1 0.5712890625 0.7778679656249999 0.572265625 0.77575419375 0.572265625 0.7165685875000001 0.5712890625 0.714454815625 0.5634765625 0.714454815625 0.5625 0.7165685875000001 0.560546875 0.7292512171875 0.560546875 0.77575419375 0.5615234375 0.7778679656249999 0.5712890625 0.7778679656249999
1 0.5986328125 0.7778679656249999 0.6123046875 0.7778679656249999 0.61328125 0.77575419375 0.615234375 0.7588440203125 0.615234375 0.7165685875000001 0.6142578125 0.714454815625 0.5986328125 0.7102272734375 0.5751953125 0.7102272734375 0.57421875 0.71234104375 0.57421875 0.77152665 0.5751953125 0.7736404218749999 0.5986328125 0.7778679656249999
1 0.6298828125 0.7778679656249999 0.6328125 0.750388934375 0.6328125 0.7165685875000001 0.6298828125 0.7102272734375 0.6181640625 0.7102272734375 0.615234375 0.7165685875000001 0.615234375 0.77575419375 0.6162109375 0.7778679656249999 0.6298828125 0.7778679656249999
1 0.67578125 0.77575419375 0.67578125 0.7165685875000001 0.6748046875 0.714454815625 0.6357421875 0.7102272734375 0.6328125 0.7165685875000001 0.630859375 0.77152665 0.6337890625 0.7778679656249999 0.6728515625 0.782095509375 0.67578125 0.77575419375
1 0.6884765625 0.782095509375 0.7177734375 0.782095509375 0.71875 0.7799817375 0.720703125 0.725023675 0.7177734375 0.718682359375 0.6943359375 0.714454815625 0.6787109375 0.714454815625 0.677734375 0.7165685875000001 0.67578125 0.750388934375 0.67578125 0.77575419375 0.6767578125 0.7778679656249999 0.6884765625 0.782095509375
1 0.7255859375 0.7736404218749999 0.7548828125 0.7778679656249999 0.7607421875 0.7778679656249999 0.76171875 0.77575419375 0.763671875 0.7419338468750001 0.763671875 0.7165685875000001 0.7626953125 0.714454815625 0.7529296875 0.7102272734375 0.7236328125 0.7059997296875 0.720703125 0.71234104375 0.720703125 0.7672991078125 0.7216796875 0.769412878125 0.7255859375 0.7736404218749999
1 0.7783203125 0.782095509375 0.7822265625 0.7863230515625 0.8251953125 0.7863230515625 0.826171875 0.7842092796875 0.826171875 0.725023675 0.8251953125 0.7229099031249999 0.7939453125 0.718682359375 0.7783203125 0.718682359375 0.77734375 0.72079613125 0.775390625 0.7292512171875 0.775390625 0.7419338468750001 0.77734375 0.7799817375 0.7783203125 0.782095509375
1 0.8564453125 0.782095509375 0.857421875 0.7799817375 0.857421875 0.725023675 0.8544921875 0.718682359375 0.8271484375 0.718682359375 0.826171875 0.72079613125 0.826171875 0.77575419375 0.8291015625 0.782095509375 0.8564453125 0.782095509375
1 0.8837890625 0.782095509375 0.884765625 0.7799817375 0.884765625 0.725023675 0.8818359375 0.718682359375 0.8583984375 0.718682359375 0.857421875 0.72079613125 0.857421875 0.77575419375 0.8603515625 0.782095509375 0.8837890625 0.782095509375
1 0.8876953125 0.782095509375 0.9130859375 0.7863230515625 0.9140625 0.7842092796875 0.9140625 0.7292512171875 0.9111328125 0.7229099031249999 0.9052734375 0.718682359375 0.8857421875 0.718682359375 0.884765625 0.72079613125 0.884765625 0.7630715640625 0.88671875 0.7799817375 0.8876953125 0.782095509375
1 0.9345703125 0.7863230515625 0.9375 0.7799817375 0.935546875 0.7292512171875 0.9326171875 0.7229099031249999 0.9150390625 0.7229099031249999 0.9140625 0.725023675 0.9140625 0.7799817375 0.9169921875 0.7863230515625 0.9345703125 0.7863230515625
1 1 0.725023675 0.9990234375 0.7229099031249999 0.9365234375 0.7229099031249999 0.935546875 0.725023675 0.935546875 0.77152665 0.9384765625 0.7863230515625 0.9658203125 0.7863230515625 0.9990234375 0.782095509375 1 0.7799817375 1 0.725023675
0 0.1396484375 0.9638798703125 0.14453125 0.9533110125 0.146484375 0.944855925 0.1875 0.2769040859375 0.1875 0.27267654218750004 0.1826171875 0.262107684375 0.1689453125 0.2409699671875 0.1201171875 0.2409699671875 0.115234375 0.251538825 0.111328125 0.27267654218750004 0.10546875 0.3276346046875 0.068359375 0.915263121875 0.064453125 0.9829038156250001 0.0693359375 0.9934726734374999 0.1298828125 0.9723349562499999 0.1396484375 0.9638798703125
0 0.1572265625 0.9638798703125 0.1806640625 0.9638798703125 0.185546875 0.9575385546874999 0.1875 0.944855925 0.21484375 0.3360896921875 0.21484375 0.28535917187500004 0.2138671875 0.2832454 0.1787109375 0.28747294375 0.177734375 0.289586715625 0.17578125 0.3064968890625 0.16015625 0.6531554390625 0.1484375 0.915263121875 0.1484375 0.9533110125 0.1513671875 0.9596523265625001 0.1572265625 0.9638798703125
0 0.2001953125 0.9723349562499999 0.2431640625 0.9723349562499999 0.248046875 0.9617660984375 0.251953125 0.9110355796875 0.28515625 0.289586715625 0.28515625 0.28535917187500004 0.28125 0.27267654218750004 0.2763671875 0.262107684375 0.2705078125 0.25788014062500003 0.2392578125 0.25365259687499997 0.2236328125 0.25365259687499997 0.21875 0.25999391250000004 0.2109375 0.395275296875 0.1953125 0.750388934375 0.1875 0.9321732953125 0.1875 0.9617660984375 0.1904296875 0.9681074140625 0.2001953125 0.9723349562499999
0 0.2783203125 0.9723349562499999 0.2861328125 0.9681074140625 0.291015625 0.9575385546874999 0.318359375 0.3234070609375 0.318359375 0.3064968890625 0.3154296875 0.3001555734375 0.3037109375 0.2959280296875 0.2900390625 0.2959280296875 0.2861328125 0.3001555734375 0.28125 0.31072443125000004 0.271484375 0.4967363359375 0.251953125 0.9279457515624999 0.25390625 0.9659936421875001 0.2587890625 0.9723349562499999 0.2783203125 0.9723349562499999
0 0.3134765625 0.9723349562499999 0.3310546875 0.9723349562499999 0.3359375 0.9575385546874999 0.373046875 0.3529998640625 0.373046875 0.344544778125 0.37109375 0.3360896921875 0.3583984375 0.317065746875 0.3369140625 0.312838203125 0.3212890625 0.312838203125 0.318359375 0.31917951875 0.294921875 0.83071225625 0.291015625 0.9279457515624999 0.291015625 0.9617660984375 0.2939453125 0.9681074140625 0.3134765625 0.9723349562499999
0 0.3544921875 0.9765625 0.3603515625 0.9723349562499999 0.36328125 0.9617660984375 0.400390625 0.395275296875 0.408203125 0.251538825 0.408203125 0.2134909359375 0.4052734375 0.20714962187500002 0.3837890625 0.20714962187500002 0.37890625 0.2134909359375 0.3359375 0.9364008390624999 0.3359375 0.9617660984375 0.3408203125 0.9723349562499999 0.3544921875 0.9765625
0 0.4052734375 0.9850175859375 0.4091796875 0.9807900437500001 0.416015625 0.9659936421875001 0.505859375 0.293814259375 0.505859375 0.28535917187500004 0.50390625 0.27267654218750004 0.48046875 0.1585328734375 0.4658203125 0.1352813859375 0.4208984375 0.1310538421875 0.412109375 0.1416227 0.408203125 0.1543053296875 0.40625 0.166987959375 0.365234375 0.9110355796875 0.36328125 0.9617660984375 0.3681640625 0.9723349562499999 0.3837890625 0.9807900437500001 0.4052734375 0.9850175859375
0 0.4306640625 0.9723349562499999 0.4384765625 0.9723349562499999 0.443359375 0.9575385546874999 0.4453125 0.9364008390624999 0.478515625 0.4164130140625 0.478515625 0.38682021093749996 0.4755859375 0.380478896875 0.4677734375 0.376251353125 0.4599609375 0.376251353125 0.455078125 0.39950284062499997 0.421875 0.864532603125 0.41796875 0.9321732953125 0.41796875 0.9617660984375 0.4228515625 0.9681074140625 0.4306640625 0.9723349562499999
0 0.4599609375 0.9723349562499999 0.462890625 0.9575385546874999 0.498046875 0.38682021093749996 0.5 0.3276346046875 0.4970703125 0.321293290625 0.4873046875 0.321293290625 0.484375 0.3276346046875 0.45703125 0.7334787609375 0.4453125 0.9321732953125 0.4453125 0.9659936421875001 0.4501953125 0.9723349562499999 0.4599609375 0.9723349562499999
0 0.4287109375 0.9723349562499999 0.4365234375 0.9723349562499999 0.4423828125 0.9681074140625 0.4453125 0.9575385546874999 0.478515625 0.4206405578125 0.478515625 0.3825926671875 0.4697265625 0.376251353125 0.4599609375 0.376251353125 0.458984375 0.378365125 0.453125 0.4206405578125 0.421875 0.8560775156249999 0.41796875 0.9194906656249999 0.41796875 0.9617660984375 0.4208984375 0.9681074140625 0.4287109375 0.9723349562499999
0 0.4599609375 0.9723349562499999 0.4609375 0.9702211843749999 0.46484375 0.9321732953125 0.498046875 0.38682021093749996 0.5 0.3276346046875 0.4970703125 0.321293290625 0.4873046875 0.321293290625 0.484375 0.3276346046875 0.45703125 0.7334787609375 0.4453125 0.9364008390624999 0.4453125 0.9659936421875001 0.4501953125 0.9723349562499999 0.4599609375 0.9723349562499999
0 0.5009765625 0.9723349562499999 0.50390625 0.9659936421875001 0.5078125 0.944855925 0.53125 0.41218547031249997 0.533203125 0.3529998640625 0.533203125 0.314951975 0.5322265625 0.312838203125 0.5205078125 0.3086106609375 0.5029296875 0.3086106609375 0.5 0.3276346046875 0.470703125 0.8898978625 0.46875 0.9617660984375 0.4755859375 0.9681074140625 0.4873046875 0.9723349562499999 0.5009765625 0.9723349562499999
0 0.548828125 0.9575385546874999 0.55859375 0.7292512171875 0.572265625 0.3276346046875 0.572265625 0.281131628125 0.5693359375 0.2747903140625 0.5419921875 0.2705627703125 0.53515625 0.281131628125 0.517578125 0.7292512171875 0.509765625 0.9575385546874999 0.5146484375 0.9681074140625 0.5439453125 0.9723349562499999 0.548828125 0.9575385546874999
0 0.5947265625 0.9807900437500001 0.6064453125 0.9807900437500001 0.609375 0.974448728125 0.611328125 0.9533110125 0.62109375 0.3656824953125 0.62109375 0.3360896921875 0.619140625 0.3276346046875 0.6103515625 0.321293290625 0.5888671875 0.321293290625 0.583984375 0.3318621484375 0.58203125 0.3699100375 0.572265625 0.7588440203125 0.5703125 0.8814427765625 0.5703125 0.9659936421875001 0.5791015625 0.9765625 0.5947265625 0.9807900437500001
0 0.5654296875 0.9723349562499999 0.568359375 0.9659936421875001 0.5703125 0.944855925 0.583984375 0.3276346046875 0.583984375 0.281131628125 0.5810546875 0.2747903140625 0.5751953125 0.2747903140625 0.572265625 0.281131628125 0.55078125 0.9194906656249999 0.55078125 0.9659936421875001 0.5576171875 0.9723349562499999 0.5654296875 0.9723349562499999
0 0.62890625 0.974448728125 0.630859375 0.8729876890625 0.63671875 0.4248681 0.63671875 0.3276346046875 0.6337890625 0.321293290625 0.6240234375 0.321293290625 0.62109375 0.3276346046875 0.61328125 0.7926643671875 0.611328125 0.9702211843749999 0.6142578125 0.9765625 0.6279296875 0.9765625 0.62890625 0.974448728125
0 0.6455078125 0.9807900437500001 0.6689453125 0.9807900437500001 0.673828125 0.974448728125 0.67578125 0.9617660984375 0.6796875 0.4460058171875 0.6796875 0.3360896921875 0.6787109375 0.3339759203125 0.6572265625 0.3297483765625 0.6416015625 0.3297483765625 0.638671875 0.3360896921875 0.63671875 0.3529998640625 0.6328125 0.6151075484375 0.630859375 0.7968919109375 0.630859375 0.9659936421875001 0.6357421875 0.9765625 0.6455078125 0.9807900437500001
0 0.7119140625 0.9807900437500001 0.716796875 0.9702211843749999 0.71875 0.9194906656249999 0.724609375 0.34877232187499996 0.7197265625 0.3382034625 0.7041015625 0.3339759203125 0.6865234375 0.3339759203125 0.681640625 0.340317234375 0.6796875 0.3529998640625 0.67578125 0.7630715640625 0.677734375 0.974448728125 0.6884765625 0.9807900437500001 0.7119140625 0.9807900437500001
0 0.720703125 0.9702211843749999 0.7255859375 0.9765625 0.7548828125 0.9807900437500001 0.7578125 0.974448728125 0.759765625 0.9617660984375 0.767578125 0.4460058171875 0.767578125 0.289586715625 0.7646484375 0.2832454 0.7275390625 0.2790178578125 0.716796875 0.3064968890625 0.712890625 0.31917951875 0.712890625 0.3276346046875 0.71875 0.9617660984375 0.720703125 0.9702211843749999
0 0.7822265625 0.9807900437500001 0.7919921875 0.9850175859375 0.8310546875 0.9850175859375 0.833984375 0.978676271875 0.833984375 0.9702211843749999 0.8203125 0.31072443125000004 0.8173828125 0.3001555734375 0.7919921875 0.28747294375 0.7763671875 0.28747294375 0.771484375 0.293814259375 0.76953125 0.3022693453125 0.76953125 0.40373038437500003 0.77734375 0.9659936421875001 0.7822265625 0.9807900437500001
0 0.8623046875 0.9807900437500001 0.8876953125 0.9765625 0.888671875 0.974448728125 0.888671875 0.8898978625 0.88671875 0.8053469968750001 0.873046875 0.3022693453125 0.87109375 0.2769040859375 0.8681640625 0.2705627703125 0.8388671875 0.262107684375 0.8193359375 0.262107684375 0.8056640625 0.2747903140625 0.802734375 0.281131628125 0.833984375 0.974448728125 0.8369140625 0.9807900437500001 0.8623046875 0.9807900437500001
0 0.890625 0.9617660984375 0.8935546875 0.9765625 0.8974609375 0.9807900437500001 0.9169921875 0.9807900437500001 0.923828125 0.974448728125 0.923828125 0.944855925 0.904296875 0.41218547031249997 0.8994140625 0.39738906875 0.8837890625 0.39738906875 0.876953125 0.41218547031249997 0.876953125 0.458688446875 0.888671875 0.9279457515624999 0.890625 0.9617660984375
0 0.9267578125 0.9765625 0.9423828125 0.9765625 0.943359375 0.974448728125 0.943359375 0.9490834687499999 0.939453125 0.8264847124999999 0.931640625 0.6193350921875 0.919921875 0.3572274078125 0.9169921875 0.34243100625 0.8955078125 0.34243100625 0.8779296875 0.3593411796875 0.875 0.3656824953125 0.875 0.3910477546875 0.923828125 0.9702211843749999 0.9267578125 0.9765625