1 0.0576171875 0.75250270625 0.05859375 0.750388934375 0.05859375 0.72079613125 0.056640625 0.695430871875 0.0537109375 0.68908955625 0.0166015625 0.6933171 0.015625 0.695430871875 0.015625 0.746161390625 0.0185546875 0.75250270625 0.0576171875 0.75250270625
1 0.0595703125 0.75250270625 0.0810546875 0.75250270625 0.083984375 0.746161390625 0.083984375 0.695430871875 0.0791015625 0.68908955625 0.0576171875 0.6933171 0.056640625 0.695430871875 0.056640625 0.7081135015625 0.05859375 0.750388934375 0.0595703125 0.75250270625
1 0.0869140625 0.75250270625 0.1025390625 0.75250270625 0.103515625 0.750388934375 0.103515625 0.7081135015625 0.1015625 0.695430871875 0.1005859375 0.6933171 0.0849609375 0.6933171 0.083984375 0.695430871875 0.083984375 0.7292512171875 0.0859375 0.750388934375 0.0869140625 0.75250270625
1 0.1064453125 0.75250270625 0.1201171875 0.75250270625 0.1279296875 0.7482751624999999 0.130859375 0.7419338468750001 0.12890625 0.6912033281250001 0.1279296875 0.68908955625 0.1025390625 0.68908955625 0.1015625 0.6912033281250001 0.1015625 0.7165685875000001 0.103515625 0.746161390625 0.1064453125 0.75250270625
1 0.1357421875 0.75250270625 0.1396484375 0.75250270625 0.1611328125 0.7482751624999999 0.16796875 0.7419338468750001 0.16796875 0.6996584140625 0.1650390625 0.6848620125 0.1298828125 0.68908955625 0.12890625 0.6912033281250001 0.12890625 0.7334787609375 0.1318359375 0.7482751624999999 0.1357421875 0.75250270625
1 0.1923828125 0.7482751624999999 0.193359375 0.746161390625 0.193359375 0.6869757843750001 0.1923828125 0.6848620125 0.1708984375 0.6848620125 0.16796875 0.6912033281250001 0.169921875 0.7419338468750001 0.1728515625 0.7482751624999999 0.1923828125 0.7482751624999999
1 0.2158203125 0.75250270625 0.2333984375 0.7482751624999999 0.234375 0.746161390625 0.234375 0.6996584140625 0.2314453125 0.68908955625 0.1943359375 0.68908955625 0.193359375 0.6912033281250001 0.193359375 0.7419338468750001 0.1962890625 0.7482751624999999 0.2158203125 0.75250270625
1 0.2568359375 0.7567302484375 0.2646484375 0.75250270625 0.267578125 0.746161390625 0.265625 0.695430871875 0.2626953125 0.68908955625 0.2353515625 0.6933171 0.234375 0.695430871875 0.234375 0.750388934375 0.2373046875 0.7567302484375 0.2568359375 0.7567302484375
1 0.2685546875 0.7482751624999999 0.2744140625 0.75250270625 0.2861328125 0.75250270625 0.2998046875 0.7482751624999999 0.30078125 0.746161390625 0.30078125 0.7081135015625 0.2978515625 0.68908955625 0.2685546875 0.68908955625 0.265625 0.695430871875 0.265625 0.71234104375 0.267578125 0.746161390625 0.2685546875 0.7482751624999999
1 0.3056640625 0.75250270625 0.3212890625 0.75250270625 0.3310546875 0.7482751624999999 0.333984375 0.7419338468750001 0.33203125 0.6912033281250001 0.3310546875 0.68908955625 0.3017578125 0.68908955625 0.30078125 0.6912033281250001 0.30078125 0.72079613125 0.302734375 0.746161390625 0.3056640625 0.75250270625
1 0.3349609375 0.7482751624999999 0.3623046875 0.7482751624999999 0.365234375 0.7419338468750001 0.365234375 0.6912033281250001 0.3623046875 0.6848620125 0.3349609375 0.6848620125 0.33203125 0.6912033281250001 0.33203125 0.7165685875000001 0.333984375 0.746161390625 0.3349609375 0.7482751624999999
1 0.3681640625 0.75250270625 0.3857421875 0.75250270625 0.3896484375 0.7482751624999999 0.390625 0.746161390625 0.390625 0.6912033281250001 0.3896484375 0.68908955625 0.3662109375 0.68908955625 0.365234375 0.6912033281250001 0.365234375 0.7292512171875 0.3671875 0.750388934375 0.3681640625 0.75250270625
1 0.3935546875 0.75250270625 0.4169921875 0.75250270625 0.421875 0.746161390625 0.421875 0.7292512171875 0.419921875 0.6912033281250001 0.4189453125 0.68908955625 0.3935546875 0.68908955625 0.390625 0.695430871875 0.390625 0.7165685875000001 0.392578125 0.750388934375 0.3935546875 0.75250270625
1 0.4423828125 0.7482751624999999 0.443359375 0.746161390625 0.443359375 0.7292512171875 0.44140625 0.6912033281250001 0.4404296875 0.68908955625 0.4228515625 0.68908955625 0.421875 0.6912033281250001 0.421875 0.746161390625 0.4228515625 0.7482751624999999 0.4423828125 0.7482751624999999
1 0.4462890625 0.75250270625 0.4501953125 0.75250270625 0.453125 0.7419338468750001 0.451171875 0.6912033281250001 0.4501953125 0.68908955625 0.4423828125 0.68908955625 0.44140625 0.6912033281250001 0.44140625 0.71234104375 0.443359375 0.746161390625 0.4462890625 0.75250270625
1 0.4619140625 0.7482751624999999 0.4951171875 0.7482751624999999 0.5087890625 0.74404761875 0.509765625 0.7419338468750001 0.509765625 0.682748240625 0.5087890625 0.6806344703125 0.4560546875 0.6848620125 0.455078125 0.6869757843750001 0.455078125 0.7419338468750001 0.4560546875 0.74404761875 0.4619140625 0.7482751624999999
1 0.5361328125 0.7482751624999999 0.537109375 0.746161390625 0.537109375 0.6869757843750001 0.5361328125 0.6848620125 0.5107421875 0.6848620125 0.509765625 0.6869757843750001 0.509765625 0.7419338468750001 0.5126953125 0.7482751624999999 0.5361328125 0.7482751624999999
1 0.5732421875 0.74404761875 0.578125 0.7334787609375 0.578125 0.7165685875000001 0.576171875 0.682748240625 0.5751953125 0.6806344703125 0.5400390625 0.6848620125 0.5390625 0.6869757843750001 0.5390625 0.7292512171875 0.5419921875 0.74404761875 0.5732421875 0.74404761875
1 0.5810546875 0.74404761875 0.6025390625 0.74404761875 0.603515625 0.7419338468750001 0.603515625 0.682748240625 0.6025390625 0.6806344703125 0.5791015625 0.6806344703125 0.578125 0.682748240625 0.578125 0.7334787609375 0.580078125 0.7419338468750001 0.5810546875 0.74404761875
1 0.6669921875 0.7482751624999999 0.66796875 0.746161390625 0.66796875 0.6869757843750001 0.6669921875 0.6848620125 0.6064453125 0.6806344703125 0.603515625 0.6869757843750001 0.603515625 0.7377063046875 0.6064453125 0.7482751624999999 0.6669921875 0.7482751624999999
1 0.6982421875 0.7482751624999999 0.7119140625 0.74404761875 0.71484375 0.7377063046875 0.71484375 0.682748240625 0.7138671875 0.6806344703125 0.6748046875 0.6806344703125 0.673828125 0.682748240625 0.673828125 0.7419338468750001 0.6767578125 0.7482751624999999 0.6982421875 0.7482751624999999
1 0.7470703125 0.74404761875 0.7509765625 0.7482751624999999 0.7607421875 0.7482751624999999 0.7744140625 0.74404761875 0.78515625 0.7377063046875 0.78515625 0.7165685875000001 0.783203125 0.6785206984375 0.7822265625 0.6764069265625 0.7451171875 0.6806344703125 0.744140625 0.682748240625 0.744140625 0.71234104375 0.74609375 0.7419338468750001 0.7470703125 0.74404761875
1 0.8232421875 0.7355925328125 0.82421875 0.7334787609375 0.82421875 0.6742931546875 0.8212890625 0.6679518390625 0.7919921875 0.6721793828125 0.791015625 0.6742931546875 0.791015625 0.725023675 0.7939453125 0.7355925328125 0.8232421875 0.7355925328125
1 0.8271484375 0.739820075 0.8427734375 0.739820075 0.84375 0.7377063046875 0.84375 0.6785206984375 0.8427734375 0.6764069265625 0.8251953125 0.6764069265625 0.82421875 0.6785206984375 0.82421875 0.7292512171875 0.826171875 0.7377063046875 0.8271484375 0.739820075
1 0.8701171875 0.739820075 0.873046875 0.7334787609375 0.873046875 0.7081135015625 0.87109375 0.6742931546875 0.8701171875 0.6721793828125 0.8466796875 0.6721793828125 0.84375 0.6785206984375 0.84375 0.7334787609375 0.8466796875 0.739820075 0.8701171875 0.739820075
1 0.8798828125 0.74404761875 0.9013671875 0.74404761875 0.9140625 0.7377063046875 0.916015625 0.682748240625 0.9130859375 0.6721793828125 0.8740234375 0.6764069265625 0.87109375 0.682748240625 0.873046875 0.7377063046875 0.8740234375 0.739820075 0.8798828125 0.74404761875
0 0 0.3064968890625 0.021484375 0.9194906656249999 0.0244140625 0.9300595234375001 0.0615234375 0.9300595234375001 0.064453125 0.923718209375 0.1171875 0.2473112828125 0.1142578125 0.2409699671875 0.1044921875 0.236742425 0.0556640625 0.22405979375 0.0009765625 0.22405979375 0 0.226173565625 0 0.3064968890625
0 0.064453125 0.923718209375 0.0673828125 0.9300595234375001 0.0869140625 0.9300595234375001 0.091796875 0.9194906656249999 0.091796875 0.915263121875 0.0859375 0.2769040859375 0.0810546875 0.2705627703125 0.0693359375 0.26633522656249997 0.0517578125 0.26633522656249997 0.044921875 0.27267654218750004 0.04296875 0.28535917187500004 0.044921875 0.3656824953125 0.0625 0.8898978625 0.064453125 0.923718209375
0 0.0869140625 0.6933171 0.0947265625 0.6933171 0.1015625 0.6869757843750001 0.09765625 0.289586715625 0.0927734375 0.2832454 0.0751953125 0.2832454 0.072265625 0.289586715625 0.072265625 0.3360896921875 0.083984375 0.6869757843750001 0.0869140625 0.6933171
0 0.109375 0.8983529484374999 0.111328125 0.9279457515624999 0.1123046875 0.9300595234375001 0.1318359375 0.9300595234375001 0.134765625 0.923718209375 0.134765625 0.8560775156249999 0.115234375 0.293814259375 0.1142578125 0.2917004875 0.0927734375 0.2917004875 0.08984375 0.29804180156250004 0.08984375 0.3276346046875 0.1015625 0.72079613125 0.109375 0.8983529484374999
0 0.13671875 0.923718209375 0.1416015625 0.9342870671875 0.1611328125 0.9342870671875 0.1689453125 0.92583198125 0.171875 0.9194906656249999 0.171875 0.8772152328124999 0.16796875 0.71234104375 0.15234375 0.25999391250000004 0.1494140625 0.25365259687499997 0.1162109375 0.25788014062500003 0.115234375 0.25999391250000004 0.115234375 0.31072443125000004 0.134765625 0.9025804921875 0.13671875 0.923718209375
0 0.173828125 0.915263121875 0.1806640625 0.92583198125 0.1982421875 0.92583198125 0.201171875 0.9194906656249999 0.19921875 0.8264847124999999 0.177734375 0.31072443125000004 0.1748046875 0.3043831171875 0.1611328125 0.3043831171875 0.15625 0.314951975 0.15625 0.36145495156249996 0.169921875 0.83071225625 0.173828125 0.915263121875
0 0.2060546875 0.9300595234375001 0.2275390625 0.9342870671875 0.2373046875 0.9300595234375001 0.2421875 0.915263121875 0.287109375 0.25999391250000004 0.2822265625 0.25365259687499997 0.2216796875 0.22405979375 0.2001953125 0.22405979375 0.1767578125 0.2282873375 0.17578125 0.23040110937499997 0.17578125 0.29804180156250004 0.201171875 0.915263121875 0.2060546875 0.9300595234375001
0 0.2353515625 0.6933171 0.2587890625 0.6933171 0.263671875 0.6869757843750001 0.265625 0.6742931546875 0.25 0.281131628125 0.2470703125 0.2747903140625 0.2294921875 0.2747903140625 0.2177734375 0.2790178578125 0.216796875 0.281131628125 0.216796875 0.3234070609375 0.232421875 0.6869757843750001 0.2353515625 0.6933171
0 0.2783203125 0.9342870671875 0.3037109375 0.9342870671875 0.30859375 0.9279457515624999 0.30859375 0.8772152328124999 0.287109375 0.2769040859375 0.2861328125 0.2747903140625 0.2646484375 0.2747903140625 0.2529296875 0.2790178578125 0.25 0.28535917187500004 0.25 0.31072443125000004 0.275390625 0.9279457515624999 0.2783203125 0.9342870671875
0 0.30859375 0.915263121875 0.310546875 0.9321732953125 0.3134765625 0.9385146109375 0.3330078125 0.9385146109375 0.33984375 0.9279457515624999 0.33984375 0.8983529484374999 0.318359375 0.28535917187500004 0.3134765625 0.2790178578125 0.3076171875 0.2790178578125 0.2900390625 0.28747294375 0.287109375 0.293814259375 0.2890625 0.36145495156249996 0.30078125 0.7165685875000001 0.30859375 0.915263121875
0 0.33984375 0.923718209375 0.3447265625 0.9342870671875 0.3681640625 0.9342870671875 0.37109375 0.9279457515624999 0.37109375 0.8772152328124999 0.353515625 0.293814259375 0.3505859375 0.2705627703125 0.3212890625 0.2705627703125 0.318359375 0.2769040859375 0.3203125 0.3699100375 0.330078125 0.6700656109375001 0.33984375 0.923718209375
0 0.373046875 0.9279457515624999 0.3779296875 0.9385146109375 0.3916015625 0.9385146109375 0.396484375 0.9279457515624999 0.396484375 0.9110355796875 0.37890625 0.251538825 0.3759765625 0.23251488125000003 0.3583984375 0.23251488125000003 0.3525390625 0.236742425 0.3515625 0.2388561953125 0.3515625 0.27267654218750004 0.3671875 0.7926643671875 0.373046875 0.9279457515624999
0 0.3984375 0.9321732953125 0.4091796875 0.9511972406250001 0.4150390625 0.9511972406250001 0.4248046875 0.9385146109375 0.427734375 0.923718209375 0.42578125 0.2473112828125 0.4189453125 0.236742425 0.4091796875 0.23251488125000003 0.3857421875 0.23251488125000003 0.3798828125 0.236742425 0.37890625 0.2388561953125 0.37890625 0.28535917187500004 0.396484375 0.923718209375 0.3984375 0.9321732953125
0 0.4306640625 0.9342870671875 0.4482421875 0.9342870671875 0.455078125 0.9279457515624999 0.453125 0.83916734375 0.431640625 0.289586715625 0.4296875 0.27267654218750004 0.4248046875 0.26633522656249997 0.4072265625 0.2747903140625 0.404296875 0.281131628125 0.404296875 0.28535917187500004 0.427734375 0.9279457515624999 0.4306640625 0.9342870671875
0 0.4453125 0.8772152328124999 0.447265625 0.9321732953125 0.4521484375 0.9385146109375 0.458984375 0.9279457515624999 0.458984375 0.9194906656249999 0.443359375 0.378365125 0.4375 0.21771847968750002 0.4365234375 0.2156047078125 0.4287109375 0.2156047078125 0.427734375 0.21771847968750002 0.427734375 0.2473112828125 0.4296875 0.3276346046875 0.4453125 0.8772152328124999
0 0.4609375 0.9194906656249999 0.4658203125 0.9342870671875 0.4755859375 0.9385146109375 0.4990234375 0.9385146109375 0.5087890625 0.9342870671875 0.513671875 0.923718209375 0.513671875 0.860305059375 0.50390625 0.1838981328125 0.501953125 0.171215503125 0.4990234375 0.1648741890625 0.4697265625 0.1648741890625 0.4384765625 0.173329275 0.4375 0.175443046875 0.4375 0.226173565625 0.453125 0.7334787609375 0.4609375 0.9194906656249999
0 0.515625 0.9321732953125 0.5185546875 0.9385146109375 0.5361328125 0.9385146109375 0.5390625 0.9321732953125 0.5390625 0.7334787609375 0.53125 0.23040110937499997 0.5283203125 0.22405979375 0.5107421875 0.22405979375 0.5068359375 0.2282873375 0.50390625 0.234628653125 0.50390625 0.36145495156249996 0.513671875 0.9068080359374999 0.515625 0.9321732953125
0 0.54296875 0.9279457515624999 0.5458984375 0.9342870671875 0.5537109375 0.9385146109375 0.5673828125 0.9385146109375 0.5751953125 0.9342870671875 0.578125 0.9279457515624999 0.578125 0.7292512171875 0.57421875 0.314951975 0.572265625 0.2092633921875 0.5693359375 0.198694534375 0.5380859375 0.198694534375 0.5341796875 0.202922078125 0.53125 0.2092633921875 0.53125 0.251538825 0.5390625 0.77575419375 0.54296875 0.9279457515624999
0 0.5830078125 0.9300595234375001 0.6005859375 0.9300595234375001 0.60546875 0.923718209375 0.60546875 0.7926643671875 0.599609375 0.2473112828125 0.5966796875 0.2409699671875 0.5869140625 0.2409699671875 0.5771484375 0.24519751093750003 0.57421875 0.251538825 0.57421875 0.2769040859375 0.580078125 0.923718209375 0.5830078125 0.9300595234375001
0 0.6083984375 0.9342870671875 0.6240234375 0.942742153125 0.6669921875 0.9385146109375 0.669921875 0.9321732953125 0.671875 0.7672991078125 0.669921875 0.2219460234375 0.6650390625 0.2156047078125 0.6494140625 0.2156047078125 0.6083984375 0.21983225156250003 0.603515625 0.226173565625 0.6015625 0.234628653125 0.6015625 0.522101596875 0.60546875 0.923718209375 0.6083984375 0.9342870671875
0 0.6787109375 0.9385146109375 0.7060546875 0.9385146109375 0.712890625 0.9321732953125 0.71484375 0.809574540625 0.71484375 0.1881256765625 0.7138671875 0.1860119046875 0.6728515625 0.1860119046875 0.6640625 0.20503585000000002 0.6640625 0.2092633921875 0.673828125 0.9279457515624999 0.6787109375 0.9385146109375
0 0.740234375 0.8476224296874999 0.75390625 0.9194906656249999 0.7607421875 0.9342870671875 0.7666015625 0.9385146109375 0.7919921875 0.9342870671875 0.79296875 0.9321732953125 0.79296875 0.8814427765625 0.76171875 0.20503585000000002 0.7587890625 0.198694534375 0.7548828125 0.198694534375 0.7392578125 0.202922078125 0.7294921875 0.20714962187500002 0.7255859375 0.2113771640625 0.724609375 0.2134909359375 0.724609375 0.25576636875 0.736328125 0.8180296265625 0.740234375 0.8476224296874999