1 0.0546875 0.6066524624999999 0.0537109375 0.600311146875 0.0126953125 0.600311146875 0.009765625 0.6066524624999999 0.009765625 0.6742931546875 0.0107421875 0.6764069265625 0.0517578125 0.6764069265625 0.052734375 0.6742931546875 0.0546875 0.6700656109375001 0.0546875 0.6151075484375 0.056640625 0.6108800046875 0.0546875 0.6066524624999999
1 0.0810546875 0.608766234375 0.0791015625 0.6129937765625 0.0634765625 0.6129937765625 0.0615234375 0.608766234375 0.0576171875 0.608766234375 0.056640625 0.6108800046875 0.056640625 0.6193350921875 0.0546875 0.6235626359374999 0.0546875 0.682748240625 0.0556640625 0.6848620125 0.0888671875 0.6848620125 0.08984375 0.682748240625 0.091796875 0.6785206984375 0.091796875 0.6108800046875 0.0908203125 0.608766234375 0.0810546875 0.608766234375
1 0.1240234375 0.6806344703125 0.126953125 0.6742931546875 0.126953125 0.6066524624999999 0.1259765625 0.604538690625 0.0947265625 0.604538690625 0.091796875 0.6108800046875 0.091796875 0.6869757843750001 0.0927734375 0.68908955625 0.09375 0.6869757843750001 0.0947265625 0.6848620125 0.1103515625 0.6848620125 0.1123046875 0.6806344703125 0.1240234375 0.6806344703125
1 0.173828125 0.6024249187499999 0.1708984375 0.5960836031250001 0.1318359375 0.5960836031250001 0.12890625 0.6024249187499999 0.12890625 0.6151075484375 0.126953125 0.6193350921875 0.126953125 0.6742931546875 0.1279296875 0.6764069265625 0.1376953125 0.6764069265625 0.1396484375 0.6806344703125 0.1455078125 0.6806344703125 0.1474609375 0.6764069265625 0.1669921875 0.6764069265625 0.1689453125 0.6806344703125 0.169921875 0.6785206984375 0.171875 0.6742931546875 0.171875 0.6531554390625 0.173828125 0.6489278953125 0.173828125 0.6024249187499999
1 0.1767578125 0.604538690625 0.173828125 0.6108800046875 0.173828125 0.6785206984375 0.1748046875 0.6806344703125 0.2080078125 0.6806344703125 0.208984375 0.6785206984375 0.2109375 0.6742931546875 0.2109375 0.6066524624999999 0.2099609375 0.604538690625 0.1767578125 0.604538690625
1 0.2109375 0.6108800046875 0.2109375 0.6785206984375 0.2119140625 0.6806344703125 0.2333984375 0.6806344703125 0.234375 0.6785206984375 0.234375 0.6108800046875 0.2333984375 0.608766234375 0.2119140625 0.608766234375 0.2109375 0.6108800046875
1 0.2353515625 0.608766234375 0.234375 0.6108800046875 0.234375 0.6785206984375 0.2373046875 0.6848620125 0.2529296875 0.6848620125 0.25390625 0.682748240625 0.255859375 0.6785206984375 0.255859375 0.6108800046875 0.2548828125 0.608766234375 0.2353515625 0.608766234375
1 0.2568359375 0.608766234375 0.255859375 0.6108800046875 0.255859375 0.6785206984375 0.2587890625 0.6848620125 0.2900390625 0.6848620125 0.291015625 0.682748240625 0.29296875 0.6785206984375 0.29296875 0.6108800046875 0.2919921875 0.608766234375 0.2568359375 0.608766234375
1 0.3193359375 0.604538690625 0.2958984375 0.604538690625 0.29296875 0.6108800046875 0.29296875 0.6785206984375 0.2939453125 0.6806344703125 0.3193359375 0.6806344703125 0.3203125 0.6785206984375 0.3203125 0.6320177218749999 0.322265625 0.6277901781249999 0.322265625 0.6108800046875 0.3193359375 0.604538690625
1 0.322265625 0.6108800046875 0.322265625 0.682748240625 0.3232421875 0.6848620125 0.3486328125 0.6848620125 0.349609375 0.682748240625 0.349609375 0.6151075484375 0.3466796875 0.608766234375 0.3232421875 0.608766234375 0.322265625 0.6108800046875
1 0.3583984375 0.608766234375 0.3564453125 0.6129937765625 0.3525390625 0.6129937765625 0.349609375 0.6193350921875 0.349609375 0.682748240625 0.3525390625 0.68908955625 0.3818359375 0.68908955625 0.3828125 0.6869757843750001 0.3828125 0.6151075484375 0.3818359375 0.6129937765625 0.3603515625 0.6129937765625 0.3583984375 0.608766234375
1 0.384765625 0.6151075484375 0.384765625 0.6869757843750001 0.3857421875 0.68908955625 0.4482421875 0.68908955625 0.44921875 0.6869757843750001 0.44921875 0.6151075484375 0.4482421875 0.6129937765625 0.3857421875 0.6129937765625 0.384765625 0.6151075484375
1 0.451171875 0.6193350921875 0.451171875 0.6912033281250001 0.4521484375 0.6933171 0.5166015625 0.6933171 0.517578125 0.6912033281250001 0.517578125 0.6193350921875 0.5166015625 0.6172213203125 0.4521484375 0.6172213203125 0.451171875 0.6193350921875
1 0.5205078125 0.6172213203125 0.517578125 0.6235626359374999 0.51953125 0.6277901781249999 0.51953125 0.6912033281250001 0.5205078125 0.6933171 0.5771484375 0.6933171 0.578125 0.6912033281250001 0.578125 0.6193350921875 0.5751953125 0.6129937765625 0.5732421875 0.6172213203125 0.5205078125 0.6172213203125
1 0.6005859375 0.6129937765625 0.5986328125 0.6172213203125 0.5810546875 0.6172213203125 0.580078125 0.6193350921875 0.580078125 0.6912033281250001 0.5810546875 0.6933171 0.6181640625 0.6933171 0.619140625 0.6912033281250001 0.619140625 0.6235626359374999 0.6162109375 0.6172213203125 0.6025390625 0.6172213203125 0.6005859375 0.6129937765625
1 0.6689453125 0.6214488640625 0.6669921875 0.62567640625 0.6591796875 0.62567640625 0.6572265625 0.6214488640625 0.6455078125 0.6214488640625 0.6435546875 0.62567640625 0.6240234375 0.62567640625 0.623046875 0.6277901781249999 0.623046875 0.6912033281250001 0.625 0.695430871875 0.6259765625 0.7017721859375 0.7001953125 0.7017721859375 0.701171875 0.6996584140625 0.703125 0.695430871875 0.703125 0.6277901781249999 0.7001953125 0.6214488640625 0.6689453125 0.6214488640625
1 0.767578125 0.6235626359374999 0.7666015625 0.6214488640625 0.7470703125 0.6214488640625 0.7451171875 0.62567640625 0.7412109375 0.62567640625 0.7392578125 0.6214488640625 0.7373046875 0.6214488640625 0.7353515625 0.62567640625 0.7041015625 0.62567640625 0.703125 0.6277901781249999 0.703125 0.6531554390625 0.705078125 0.6573829812499999 0.705078125 0.6996584140625 0.7060546875 0.7017721859375 0.7666015625 0.7017721859375 0.767578125 0.6996584140625 0.76953125 0.695430871875 0.76953125 0.6869757843750001 0.767578125 0.682748240625 0.767578125 0.6235626359374999
1 0.767578125 0.6193350921875 0.767578125 0.6573829812499999 0.76953125 0.6616105250000001 0.76953125 0.6912033281250001 0.7724609375 0.6975446421875 0.8271484375 0.6975446421875 0.828125 0.695430871875 0.828125 0.6235626359374999 0.8251953125 0.6172213203125 0.7685546875 0.6172213203125 0.767578125 0.6193350921875
1 0.875 0.6193350921875 0.8740234375 0.6172213203125 0.8310546875 0.6172213203125 0.828125 0.6235626359374999 0.828125 0.6912033281250001 0.8310546875 0.6975446421875 0.8740234375 0.6975446421875 0.875 0.695430871875 0.876953125 0.6912033281250001 0.876953125 0.6404728078125 0.875 0.6362452656250001 0.875 0.6193350921875
1 0.876953125 0.6193350921875 0.876953125 0.695430871875 0.8779296875 0.6975446421875 0.9384765625 0.6975446421875 0.939453125 0.695430871875 0.939453125 0.6193350921875 0.9384765625 0.6172213203125 0.8779296875 0.6172213203125 0.876953125 0.6193350921875
1 0.9853515625 0.6129937765625 0.9404296875 0.6129937765625 0.939453125 0.6151075484375 0.939453125 0.6869757843750001 0.9423828125 0.6933171 0.9873046875 0.6933171 0.98828125 0.6912033281250001 0.98828125 0.6573829812499999 0.986328125 0.6531554390625 0.986328125 0.6151075484375 0.9853515625 0.6129937765625
0 0.0244140625 0 0.021484375 0.006341315625000001 0.017578125 0.12894007031250002 0.005859375 0.7884368234375 0.005859375 0.9110355796875 0.0107421875 0.91737689375 0.0400390625 0.9216044374999999 0.0458984375 0.91737689375 0.048828125 0.9110355796875 0.05078125 0.8856703187500001 0.107421875 0.031706575 0.1044921875 0.025365259374999997 0.0908203125 0.008455085937499999 0.0810546875 0 0.0244140625 0
0 0.0810546875 0.92583198125 0.0849609375 0.9216044374999999 0.087890625 0.9110355796875 0.1015625 0.107802353125 0.1015625 0.0993472671875 0.0966796875 0.088778409375 0.0888671875 0.084550865625 0.0751953125 0.084550865625 0.0673828125 0.088778409375 0.064453125 0.0993472671875 0.0625 0.12894007031250002 0.0546875 0.5897422890625 0.05078125 0.8222571703125 0.05078125 0.923718209375 0.0517578125 0.92583198125 0.0810546875 0.92583198125
0 0.1142578125 0.92583198125 0.12109375 0.915263121875 0.123046875 0.8687601468749999 0.126953125 0.6742931546875 0.13671875 0.052844290625 0.1318359375 0.0422754328125 0.1064453125 0.0422754328125 0.103515625 0.0486167484375 0.1015625 0.08243709375 0.099609375 0.171215503125 0.091796875 0.6235626359374999 0.087890625 0.8518499734375 0.087890625 0.9194906656249999 0.0927734375 0.92583198125 0.1142578125 0.92583198125
0 0.1650390625 0.92583198125 0.16796875 0.9194906656249999 0.21484375 0.0951197234375 0.21484375 0.09089218125000001 0.2119140625 0.084550865625 0.1943359375 0.05918560625 0.1767578125 0.0380478890625 0.1396484375 0.0380478890625 0.13671875 0.0486167484375 0.1328125 0.2134909359375 0.125 0.72079613125 0.123046875 0.9194906656249999 0.1298828125 0.9300595234375001 0.1552734375 0.9300595234375001 0.1650390625 0.92583198125
0 0.20703125 0.915263121875 0.2578125 0.20080830624999998 0.2578125 0.1585328734375 0.2490234375 0.139508928125 0.2236328125 0.1014610390625 0.2138671875 0.093005953125 0.1826171875 0.0972334953125 0.181640625 0.0993472671875 0.1796875 0.12894007031250002 0.173828125 0.49250879375 0.169921875 0.9194906656249999 0.1748046875 0.92583198125 0.2001953125 0.92583198125 0.20703125 0.915263121875
0 0.232421875 0.9194906656249999 0.234375 0.7926643671875 0.23828125 0.2473112828125 0.23828125 0.23040110937499997 0.2353515625 0.22405979375 0.2197265625 0.22405979375 0.216796875 0.23040110937499997 0.2109375 0.5939698328125 0.20703125 0.9194906656249999 0.2099609375 0.92583198125 0.2294921875 0.92583198125 0.232421875 0.9194906656249999
0 0.2548828125 0.608766234375 0.255859375 0.6066524624999999 0.2578125 0.462915990625 0.2578125 0.38682021093749996 0.2548828125 0.380478896875 0.2373046875 0.3847064390625 0.236328125 0.38682021093749996 0.236328125 0.6066524624999999 0.2373046875 0.608766234375 0.2548828125 0.608766234375
0 0.2841796875 0.9342870671875 0.291015625 0.923718209375 0.29296875 0.89412540625 0.322265625 0.12471252656250001 0.3203125 0.11625744062500001 0.3056640625 0.084550865625 0.2958984375 0.06764069218749999 0.2900390625 0.06341315 0.2666015625 0.06341315 0.259765625 0.0739820078125 0.255859375 0.48405370625 0.25390625 0.915263121875 0.255859375 0.9279457515624999 0.2607421875 0.9342870671875 0.2841796875 0.9342870671875
0 0.3173828125 0.9342870671875 0.3203125 0.9279457515624999 0.322265625 0.7334787609375 0.32421875 0.1923532203125 0.322265625 0.13739515625 0.3212890625 0.1352813859375 0.3076171875 0.1310538421875 0.2998046875 0.1310538421875 0.2958984375 0.1352813859375 0.29296875 0.1416227 0.29296875 0.9279457515624999 0.2958984375 0.9342870671875 0.3173828125 0.9342870671875
0 0.3466796875 0.9385146109375 0.349609375 0.9321732953125 0.3515625 0.45446090312500004 0.3515625 0.27267654218750004 0.349609375 0.07820955156250001 0.3427734375 0.0718682359375 0.3349609375 0.0718682359375 0.3271484375 0.0760957796875 0.32421875 0.08243709375 0.3203125 0.6235626359374999 0.3203125 0.9279457515624999 0.3251953125 0.9385146109375 0.3466796875 0.9385146109375
0 0.3798828125 0.942742153125 0.3828125 0.9364008390624999 0.392578125 0.0655269203125 0.38671875 0.0443892046875 0.3818359375 0.033820346875000004 0.3525390625 0.033820346875000004 0.3515625 0.035934117187499996 0.349609375 0.052844290625 0.349609375 0.9321732953125 0.3525390625 0.942742153125 0.3798828125 0.942742153125
0 0.44921875 0.9364008390624999 0.451171875 0.682748240625 0.451171875 0.08243709375 0.4482421875 0.0760957796875 0.3876953125 0.0760957796875 0.384765625 0.0866646375 0.3828125 0.9364008390624999 0.3857421875 0.942742153125 0.4462890625 0.942742153125 0.44921875 0.9364008390624999
0 0.517578125 0.944855925 0.51953125 0.07820955156250001 0.5185546875 0.0760957796875 0.4677734375 0.0760957796875 0.4541015625 0.08032332187499999 0.451171875 0.107802353125 0.44921875 0.944855925 0.4541015625 0.9511972406250001 0.5146484375 0.9511972406250001 0.517578125 0.944855925
0 0.5693359375 0.9554247828125 0.5732421875 0.9511972406250001 0.578125 0.9406283828124999 0.580078125 0.6869757843750001 0.580078125 0.0993472671875 0.578125 0.0697544640625 0.5771484375 0.06764069218749999 0.5517578125 0.06764069218749999 0.5263671875 0.0718682359375 0.5224609375 0.0760957796875 0.51953125 0.0866646375 0.517578125 0.5516943999999999 0.517578125 0.9406283828124999 0.5205078125 0.9511972406250001 0.5693359375 0.9554247828125
0 0.5888671875 0.9511972406250001 0.6103515625 0.9511972406250001 0.6162109375 0.946969696875 0.619140625 0.9406283828124999 0.619140625 0.040161660937499996 0.6171875 0.02747903125 0.6123046875 0.016910173437500002 0.5927734375 0.016910173437500002 0.5869140625 0.0211377171875 0.580078125 0.031706575 0.578125 0.040161660937499996 0.578125 0.9364008390624999 0.5810546875 0.946969696875 0.5888671875 0.9511972406250001
0 0.625 0.944855925 0.6318359375 0.9596523265625001 0.6962890625 0.9638798703125 0.7021484375 0.9596523265625001 0.705078125 0.9533110125 0.705078125 0.8433948859375 0.697265625 0.0739820078125 0.6904296875 0.06341315 0.6240234375 0.06764069218749999 0.62109375 0.0739820078125 0.619140625 0.08243709375 0.619140625 0.2219460234375 0.62109375 0.5897422890625 0.625 0.944855925
0 0.705078125 0.9068080359374999 0.70703125 0.9490834687499999 0.7119140625 0.9596523265625001 0.7236328125 0.9638798703125 0.7666015625 0.9638798703125 0.7734375 0.9533110125 0.7734375 0.915263121875 0.76171875 0.0655269203125 0.7568359375 0.0549580625 0.7451171875 0.0549580625 0.7021484375 0.06341315 0.697265625 0.0739820078125 0.697265625 0.08243709375 0.703125 0.7588440203125 0.705078125 0.9068080359374999
0 0.7734375 0.9490834687499999 0.7783203125 0.9596523265625001 0.8271484375 0.9596523265625001 0.830078125 0.9533110125 0.830078125 0.7842092796875 0.822265625 0.0655269203125 0.8173828125 0.0549580625 0.7646484375 0.06341315 0.76171875 0.0697544640625 0.76171875 0.0993472671875 0.76953125 0.801119453125 0.7734375 0.9490834687499999