1 0.03125 0.581287203125 0.03125 0.572832115625 0.0283203125 0.5664908015625 0.0185546875 0.5664908015625 0.017578125 0.568604571875 0.017578125 0.5897422890625 0.01953125 0.5939698328125 0.01953125 0.6066524624999999 0.021484375 0.6108800046875 0.021484375 0.6151075484375 0.0224609375 0.6172213203125 0.0341796875 0.6172213203125 0.03515625 0.6151075484375 0.03515625 0.6024249187499999 0.033203125 0.598197375 0.033203125 0.5855147453125 0.03125 0.581287203125
1 0.072265625 0.5939698328125 0.0703125 0.5897422890625 0.0703125 0.581287203125 0.0693359375 0.57917343125 0.0654296875 0.57917343125 0.0634765625 0.5834009734375 0.0478515625 0.5834009734375 0.044921875 0.5897422890625 0.046875 0.5939698328125 0.046875 0.6066524624999999 0.048828125 0.6108800046875 0.048828125 0.6235626359374999 0.05078125 0.6277901781249999 0.05078125 0.6320177218749999 0.0537109375 0.6383590375 0.0673828125 0.6383590375 0.068359375 0.6362452656250001 0.07421875 0.6320177218749999 0.07421875 0.6151075484375 0.072265625 0.6108800046875 0.072265625 0.5939698328125
1 0.1015625 0.6193350921875 0.1015625 0.6066524624999999 0.099609375 0.6024249187499999 0.099609375 0.5939698328125 0.0986328125 0.5918560609375 0.0927734375 0.5918560609375 0.0908203125 0.5960836031250001 0.0810546875 0.5960836031250001 0.0791015625 0.5918560609375 0.0732421875 0.5918560609375 0.072265625 0.5939698328125 0.072265625 0.6066524624999999 0.07421875 0.6108800046875 0.07421875 0.6277901781249999 0.076171875 0.6320177218749999 0.076171875 0.6404728078125 0.0791015625 0.6468141234375 0.0830078125 0.6468141234375 0.0849609375 0.6510416671875 0.1005859375 0.6510416671875 0.1015625 0.6489278953125 0.10546875 0.6447003515625 0.103515625 0.6404728078125 0.103515625 0.6235626359374999 0.1015625 0.6193350921875
1 0.1171875 0.6066524624999999 0.1171875 0.598197375 0.1142578125 0.5918560609375 0.1005859375 0.5918560609375 0.099609375 0.5939698328125 0.099609375 0.6024249187499999 0.1015625 0.6066524624999999 0.1015625 0.6193350921875 0.103515625 0.6235626359374999 0.103515625 0.6404728078125 0.1064453125 0.6468141234375 0.1201171875 0.6468141234375 0.12109375 0.6447003515625 0.12109375 0.6362452656250001 0.119140625 0.6320177218749999 0.119140625 0.6108800046875 0.1171875 0.6066524624999999
1 0.142578125 0.6235626359374999 0.142578125 0.6066524624999999 0.1416015625 0.604538690625 0.1337890625 0.604538690625 0.1318359375 0.600311146875 0.1181640625 0.600311146875 0.1171875 0.6024249187499999 0.1171875 0.6066524624999999 0.119140625 0.6108800046875 0.119140625 0.6277901781249999 0.12109375 0.6320177218749999 0.12109375 0.6489278953125 0.123046875 0.6531554390625 0.1240234375 0.659496753125 0.1455078125 0.659496753125 0.146484375 0.6573829812499999 0.146484375 0.6447003515625 0.14453125 0.6404728078125 0.14453125 0.6277901781249999 0.142578125 0.6235626359374999
1 0.162109375 0.6193350921875 0.16015625 0.6151075484375 0.16015625 0.6066524624999999 0.1572265625 0.600311146875 0.1552734375 0.604538690625 0.1494140625 0.604538690625 0.1474609375 0.600311146875 0.1455078125 0.600311146875 0.142578125 0.6066524624999999 0.142578125 0.6193350921875 0.14453125 0.6235626359374999 0.14453125 0.6404728078125 0.146484375 0.6447003515625 0.146484375 0.6573829812499999 0.1474609375 0.659496753125 0.1572265625 0.659496753125 0.1591796875 0.663724296875 0.162109375 0.6616105250000001 0.1640625 0.6573829812499999 0.1640625 0.6489278953125 0.162109375 0.6447003515625 0.162109375 0.6193350921875
1 0.20703125 0.6193350921875 0.2041015625 0.6129937765625 0.1689453125 0.6129937765625 0.16796875 0.6151075484375 0.169921875 0.6193350921875 0.169921875 0.6362452656250001 0.171875 0.6404728078125 0.171875 0.6616105250000001 0.173828125 0.6658380687500001 0.1748046875 0.6721793828125 0.1845703125 0.6721793828125 0.1865234375 0.6764069265625 0.2021484375 0.6764069265625 0.203125 0.6742931546875 0.208984375 0.6700656109375001 0.208984375 0.6447003515625 0.20703125 0.6404728078125 0.20703125 0.6193350921875
1 0.255859375 0.6320177218749999 0.2529296875 0.62567640625 0.2509765625 0.62567640625 0.2490234375 0.62990395 0.2373046875 0.62990395 0.2353515625 0.62567640625 0.2197265625 0.62567640625 0.2177734375 0.6214488640625 0.2080078125 0.6214488640625 0.20703125 0.6235626359374999 0.20703125 0.6362452656250001 0.208984375 0.6404728078125 0.208984375 0.6616105250000001 0.2109375 0.6658380687500001 0.2109375 0.6785206984375 0.2119140625 0.6806344703125 0.2216796875 0.6806344703125 0.2236328125 0.6848620125 0.2353515625 0.6848620125 0.2373046875 0.68908955625 0.2548828125 0.68908955625 0.255859375 0.6869757843750001 0.2578125 0.682748240625 0.2578125 0.6573829812499999 0.255859375 0.6531554390625 0.255859375 0.6320177218749999
1 0.287109375 0.6404728078125 0.28515625 0.6362452656250001 0.2841796875 0.62990395 0.2607421875 0.62990395 0.2578125 0.6362452656250001 0.2578125 0.6658380687500001 0.259765625 0.6700656109375001 0.259765625 0.682748240625 0.2646484375 0.6933171 0.2861328125 0.6933171 0.287109375 0.6912033281250001 0.2890625 0.6869757843750001 0.2890625 0.6742931546875 0.287109375 0.6700656109375001 0.287109375 0.6404728078125
1 0.318359375 0.6447003515625 0.3173828125 0.6383590375 0.3095703125 0.6383590375 0.3076171875 0.6425865796875 0.2978515625 0.6425865796875 0.2958984375 0.6383590375 0.2880859375 0.6383590375 0.287109375 0.6404728078125 0.287109375 0.6616105250000001 0.2890625 0.6658380687500001 0.2890625 0.6912033281250001 0.291015625 0.695430871875 0.2919921875 0.7017721859375 0.3212890625 0.7017721859375 0.322265625 0.6996584140625 0.322265625 0.6869757843750001 0.3203125 0.682748240625 0.3203125 0.6489278953125 0.318359375 0.6447003515625
1 0.34765625 0.6573829812499999 0.345703125 0.6531554390625 0.345703125 0.6489278953125 0.3447265625 0.6468141234375 0.3251953125 0.6468141234375 0.3232421875 0.6425865796875 0.3212890625 0.6425865796875 0.3203125 0.6447003515625 0.3203125 0.6785206984375 0.322265625 0.682748240625 0.322265625 0.7038859578125 0.3251953125 0.7102272734375 0.3271484375 0.7102272734375 0.3291015625 0.714454815625 0.3427734375 0.714454815625 0.3447265625 0.718682359375 0.34765625 0.7165685875000001 0.349609375 0.71234104375 0.349609375 0.682748240625 0.34765625 0.6785206984375 0.34765625 0.6573829812499999
1 0.375 0.6616105250000001 0.3720703125 0.655269209375 0.3486328125 0.655269209375 0.34765625 0.6573829812499999 0.34765625 0.682748240625 0.349609375 0.6869757843750001 0.349609375 0.71234104375 0.3525390625 0.718682359375 0.3544921875 0.718682359375 0.3564453125 0.7229099031249999 0.3701171875 0.7229099031249999 0.37109375 0.72079613125 0.376953125 0.7165685875000001 0.376953125 0.6912033281250001 0.375 0.6869757843750001 0.375 0.6616105250000001
1 0.41015625 0.6742931546875 0.408203125 0.6700656109375001 0.408203125 0.6616105250000001 0.4072265625 0.659496753125 0.3837890625 0.659496753125 0.3818359375 0.655269209375 0.3779296875 0.655269209375 0.375 0.6616105250000001 0.375 0.6742931546875 0.376953125 0.6785206984375 0.376953125 0.71234104375 0.3818359375 0.7229099031249999 0.3896484375 0.7229099031249999 0.3916015625 0.7271374453125 0.4091796875 0.7271374453125 0.41015625 0.725023675 0.412109375 0.72079613125 0.412109375 0.7165685875000001 0.41015625 0.71234104375 0.41015625 0.6742931546875
1 0.4326171875 0.6721793828125 0.4169921875 0.6721793828125 0.4150390625 0.6679518390625 0.4111328125 0.6679518390625 0.41015625 0.6700656109375001 0.41015625 0.7081135015625 0.412109375 0.71234104375 0.412109375 0.7292512171875 0.4150390625 0.7355925328125 0.4169921875 0.7355925328125 0.4189453125 0.739820075 0.4345703125 0.739820075 0.435546875 0.7377063046875 0.435546875 0.6869757843750001 0.43359375 0.682748240625 0.43359375 0.6742931546875 0.4326171875 0.6721793828125
1 0.4462890625 0.6764069265625 0.4365234375 0.6764069265625 0.435546875 0.6785206984375 0.435546875 0.725023675 0.4375 0.7292512171875 0.4375 0.7419338468750001 0.4384765625 0.74404761875 0.4482421875 0.74404761875 0.44921875 0.7419338468750001 0.44921875 0.71234104375 0.447265625 0.7081135015625 0.447265625 0.6785206984375 0.4462890625 0.6764069265625
1 0.501953125 0.682748240625 0.4990234375 0.6764069265625 0.4970703125 0.6764069265625 0.4951171875 0.6806344703125 0.4892578125 0.6806344703125 0.4873046875 0.6764069265625 0.4755859375 0.6764069265625 0.4736328125 0.6721793828125 0.4697265625 0.6721793828125 0.466796875 0.6785206984375 0.466796875 0.682748240625 0.46875 0.6869757843750001 0.46875 0.71234104375 0.470703125 0.7165685875000001 0.470703125 0.7377063046875 0.4736328125 0.74404761875 0.4833984375 0.74404761875 0.4853515625 0.7482751624999999 0.5009765625 0.7482751624999999 0.501953125 0.746161390625 0.50390625 0.7419338468750001 0.50390625 0.7334787609375 0.501953125 0.7292512171875 0.501953125 0.682748240625
1 0.54296875 0.6912033281250001 0.5419921875 0.68908955625 0.5126953125 0.68908955625 0.5107421875 0.6848620125 0.5048828125 0.6848620125 0.501953125 0.6912033281250001 0.501953125 0.695430871875 0.50390625 0.6996584140625 0.50390625 0.746161390625 0.5087890625 0.7567302484375 0.5126953125 0.7567302484375 0.5146484375 0.7609577921875 0.5400390625 0.7609577921875 0.541015625 0.7588440203125 0.544921875 0.750388934375 0.544921875 0.7419338468750001 0.54296875 0.7377063046875 0.54296875 0.6912033281250001
1 0.5615234375 0.6975446421875 0.5556640625 0.6975446421875 0.5537109375 0.6933171 0.5439453125 0.6933171 0.54296875 0.6996584140625 0.544921875 0.7038859578125 0.544921875 0.7081135015625 0.54296875 0.71234104375 0.544921875 0.7165685875000001 0.544921875 0.7588440203125 0.5478515625 0.7651853359375 0.5537109375 0.7651853359375 0.5556640625 0.769412878125 0.5634765625 0.769412878125 0.564453125 0.7672991078125 0.564453125 0.7334787609375 0.5625 0.7292512171875 0.5625 0.6996584140625 0.5615234375 0.6975446421875
1 0.6376953125 0.714454815625 0.6083984375 0.714454815625 0.6064453125 0.7102272734375 0.5927734375 0.7102272734375 0.5908203125 0.7059997296875 0.5751953125 0.7059997296875 0.5732421875 0.7017721859375 0.5654296875 0.7017721859375 0.564453125 0.7038859578125 0.5625 0.7165685875000001 0.564453125 0.72079613125 0.564453125 0.77152665 0.5654296875 0.7736404218749999 0.5712890625 0.7736404218749999 0.5732421875 0.7778679656249999 0.5830078125 0.7778679656249999 0.5849609375 0.782095509375 0.6005859375 0.782095509375 0.6025390625 0.7863230515625 0.6181640625 0.7863230515625 0.6201171875 0.7905505953125 0.6357421875 0.7905505953125 0.63671875 0.7884368234375 0.640625 0.7842092796875 0.640625 0.725023675 0.638671875 0.72079613125 0.6376953125 0.714454815625
1 0.67578125 0.7799817375 0.677734375 0.77575419375 0.67578125 0.77152665 0.67578125 0.725023675 0.6728515625 0.7229099031249999 0.6708984375 0.7271374453125 0.6630859375 0.7271374453125 0.6611328125 0.7229099031249999 0.6494140625 0.7229099031249999 0.6474609375 0.718682359375 0.6416015625 0.718682359375 0.640625 0.72079613125 0.640625 0.7884368234375 0.6435546875 0.7947781390624999 0.6513671875 0.7947781390624999 0.6533203125 0.7990056812499999 0.6650390625 0.7990056812499999 0.6669921875 0.8032332249999999 0.6748046875 0.8032332249999999 0.67578125 0.801119453125 0.67578125 0.7968919109375 0.677734375 0.7926643671875 0.677734375 0.7842092796875 0.67578125 0.7799817375
1 0.73828125 0.7968919109375 0.73828125 0.7419338468750001 0.7353515625 0.7355925328125 0.7333984375 0.739820075 0.7294921875 0.739820075 0.7275390625 0.7355925328125 0.7060546875 0.7355925328125 0.7041015625 0.7313649890625 0.6923828125 0.7313649890625 0.6904296875 0.7271374453125 0.6826171875 0.7271374453125 0.6806640625 0.7229099031249999 0.677734375 0.725023675 0.677734375 0.7926643671875 0.6826171875 0.8032332249999999 0.6884765625 0.8032332249999999 0.6904296875 0.8074607687500001 0.7021484375 0.8074607687500001 0.7041015625 0.8116883109374999 0.7158203125 0.8116883109374999 0.7177734375 0.8159158546875 0.7353515625 0.8159158546875 0.736328125 0.8138020828125001 0.736328125 0.809574540625 0.73828125 0.8053469968750001 0.736328125 0.801119453125 0.73828125 0.7968919109375
1 0.767578125 0.7419338468750001 0.7666015625 0.739820075 0.7646484375 0.74404761875 0.7587890625 0.74404761875 0.7568359375 0.739820075 0.7470703125 0.739820075 0.7451171875 0.7355925328125 0.7412109375 0.7355925328125 0.73828125 0.7419338468750001 0.73828125 0.8138020828125001 0.7412109375 0.8159158546875 0.7431640625 0.8201433984375001 0.7470703125 0.8201433984375001 0.7490234375 0.8243709421875 0.7626953125 0.8243709421875 0.763671875 0.8222571703125 0.765625 0.8180296265625 0.765625 0.809574540625 0.767578125 0.8053469968750001 0.767578125 0.7419338468750001
1 0.7939453125 0.74404761875 0.7822265625 0.74404761875 0.7802734375 0.739820075 0.7744140625 0.739820075 0.7724609375 0.7355925328125 0.76953125 0.7377063046875 0.76953125 0.7419338468750001 0.767578125 0.746161390625 0.767578125 0.809574540625 0.7724609375 0.8201433984375001 0.7783203125 0.8201433984375001 0.7802734375 0.8243709421875 0.7939453125 0.8243709421875 0.7958984375 0.828598484375 0.8193359375 0.828598484375 0.8203125 0.8264847124999999 0.8203125 0.750388934375 0.8193359375 0.7482751624999999 0.7958984375 0.7482751624999999 0.7939453125 0.74404761875
1 0.87890625 0.7799817375 0.87890625 0.7672991078125 0.8759765625 0.7609577921875 0.8740234375 0.7651853359375 0.8466796875 0.7651853359375 0.8447265625 0.7609577921875 0.8349609375 0.7609577921875 0.8330078125 0.7567302484375 0.8271484375 0.7567302484375 0.8251953125 0.75250270625 0.822265625 0.7546164765625 0.822265625 0.77152665 0.8203125 0.77575419375 0.8203125 0.8264847124999999 0.822265625 0.83071225625 0.8232421875 0.8370535718750001 0.8271484375 0.8370535718750001 0.8291015625 0.8412811140625 0.8330078125 0.8412811140625 0.8349609375 0.8455086578125 0.8447265625 0.8455086578125 0.8466796875 0.8497362015625001 0.8701171875 0.8497362015625001 0.87109375 0.8476224296874999 0.8740234375 0.8455086578125 0.876953125 0.83916734375 0.876953125 0.7842092796875 0.87890625 0.7799817375
1 0.939453125 0.7968919109375 0.94140625 0.7926643671875 0.94140625 0.7799817375 0.9404296875 0.7778679656249999 0.9326171875 0.7778679656249999 0.9306640625 0.782095509375 0.9189453125 0.782095509375 0.9169921875 0.7778679656249999 0.9013671875 0.7778679656249999 0.8994140625 0.7736404218749999 0.8896484375 0.7736404218749999 0.8876953125 0.769412878125 0.8837890625 0.769412878125 0.8818359375 0.7651853359375 0.87890625 0.7672991078125 0.87890625 0.801119453125 0.876953125 0.8053469968750001 0.876953125 0.8433948859375 0.8818359375 0.8539637453125 0.8857421875 0.8539637453125 0.8876953125 0.8581912875000001 0.8955078125 0.8581912875000001 0.8974609375 0.86241883125 0.9091796875 0.86241883125 0.9111328125 0.866646375 0.9326171875 0.866646375 0.93359375 0.864532603125 0.9365234375 0.86241883125 0.9375 0.8560775156249999 0.939453125 0.8518499734375 0.939453125 0.7968919109375
1 0.994140625 0.83916734375 0.99609375 0.8349398000000001 0.99609375 0.801119453125 0.9951171875 0.7990056812499999 0.9697265625 0.7990056812499999 0.9677734375 0.7947781390624999 0.9521484375 0.7947781390624999 0.9501953125 0.7905505953125 0.9482421875 0.7905505953125 0.9443359375 0.782095509375 0.94140625 0.7842092796875 0.94140625 0.8138020828125001 0.939453125 0.8180296265625 0.939453125 0.860305059375 0.94140625 0.864532603125 0.94140625 0.8687601468749999 0.9462890625 0.8793290046875001 0.9521484375 0.8793290046875001 0.9541015625 0.883556546875 0.9814453125 0.883556546875 0.9833984375 0.8877840906250001 0.9853515625 0.883556546875 0.9873046875 0.8877840906250001 0.990234375 0.8856703187500001 0.9921875 0.8814427765625 0.9921875 0.8729876890625 0.994140625 0.8687601468749999 0.994140625 0.83916734375
0 0 0.4333231875 0.03515625 0.7672991078125 0.0380859375 0.7778679656249999 0.0439453125 0.782095509375 0.0517578125 0.782095509375 0.052734375 0.7799817375 0.052734375 0.7546164765625 0.013671875 0.41218547031249997 0.005859375 0.34877232187499996 0.0009765625 0.3255208328125 0 0.3276346046875 0 0.4333231875
0 0 0.314951975 0.052734375 0.7799817375 0.0556640625 0.7905505953125 0.0654296875 0.7905505953125 0.06640625 0.7884368234375 0.06640625 0.77152665 0.046875 0.5897422890625 0.0078125 0.28535917187500004 0.0009765625 0.24519751093750003 0 0.2473112828125 0 0.314951975
0 0 0.23040110937499997 0.06640625 0.7926643671875 0.0732421875 0.8074607687500001 0.0908203125 0.8074607687500001 0.091796875 0.8053469968750001 0.091796875 0.77575419375 0.087890625 0.7334787609375 0.05859375 0.45446090312500004 0.029296875 0.1965807625 0.02734375 0.1838981328125 0.0244140625 0.17755681875 0.0029296875 0.1860119046875 0 0.1923532203125 0 0.23040110937499997
0 0.09375 0.8053469968750001 0.095703125 0.8138020828125001 0.1005859375 0.8201433984375001 0.1142578125 0.8201433984375001 0.119140625 0.8138020828125001 0.119140625 0.7926643671875 0.115234375 0.746161390625 0.0625 0.2092633921875 0.060546875 0.1965807625 0.0556640625 0.1902394484375 0.0458984375 0.1902394484375 0.0341796875 0.194466990625 0.03125 0.20080830624999998 0.033203125 0.23040110937499997 0.07421875 0.6320177218749999 0.09375 0.8053469968750001
0 0.12109375 0.8138020828125001 0.1259765625 0.8243709421875 0.1337890625 0.8243709421875 0.138671875 0.8138020828125001 0.13671875 0.7884368234375 0.078125 0.20080830624999998 0.076171875 0.1881256765625 0.0703125 0.166987959375 0.0673828125 0.1606466453125 0.0634765625 0.1606466453125 0.060546875 0.166987959375 0.060546875 0.1965807625 0.119140625 0.801119453125 0.12109375 0.8138020828125001
0 0.138671875 0.8180296265625 0.1455078125 0.828598484375 0.1611328125 0.828598484375 0.162109375 0.8264847124999999 0.162109375 0.8138020828125001 0.111328125 0.107802353125 0.1103515625 0.1056885828125 0.0791015625 0.1056885828125 0.0732421875 0.109916125 0.0703125 0.11625744062500001 0.060546875 0.1416227 0.060546875 0.14585024375 0.13671875 0.8053469968750001 0.138671875 0.8180296265625
0 0.1669921875 0.8370535718750001 0.1767578125 0.8370535718750001 0.177734375 0.8349398000000001 0.177734375 0.809574540625 0.17578125 0.7842092796875 0.1171875 0.14585024375 0.115234375 0.1331676140625 0.1123046875 0.12682629843749998 0.1025390625 0.12682629843749998 0.099609375 0.1331676140625 0.099609375 0.1585328734375 0.162109375 0.8264847124999999 0.1669921875 0.8370535718750001
0 0.1923828125 0.8539637453125 0.2158203125 0.8581912875000001 0.22265625 0.8518499734375 0.22265625 0.8222571703125 0.19140625 0.4248681 0.166015625 0.12471252656250001 0.1650390625 0.12259875468749999 0.1396484375 0.12259875468749999 0.12890625 0.12894007031250002 0.126953125 0.1500777875 0.134765625 0.2473112828125 0.1875 0.8433948859375 0.1923828125 0.8539637453125
0 0.224609375 0.8518499734375 0.2294921875 0.86241883125 0.2529296875 0.8751014609375 0.2646484375 0.8751014609375 0.271484375 0.864532603125 0.271484375 0.8476224296874999 0.26171875 0.12894007031250002 0.2548828125 0.109916125 0.2158203125 0.109916125 0.1689453125 0.1183712125 0.16796875 0.12048498437499999 0.16796875 0.1543053296875 0.22265625 0.83916734375 0.224609375 0.8518499734375
0 0.2734375 0.8687601468749999 0.2763671875 0.8751014609375 0.2880859375 0.883556546875 0.2998046875 0.883556546875 0.302734375 0.8772152328124999 0.302734375 0.8687601468749999 0.283203125 0.1500777875 0.2822265625 0.147964015625 0.2685546875 0.143736471875 0.2587890625 0.143736471875 0.2255859375 0.1521915578125 0.220703125 0.1627604171875 0.220703125 0.171215503125 0.271484375 0.8518499734375 0.2734375 0.8687601468749999
0 0.30078125 0.864532603125 0.3046875 0.8898978625 0.3076171875 0.896239178125 0.3115234375 0.9004667203125001 0.3251953125 0.9004667203125001 0.3330078125 0.896239178125 0.3359375 0.8898978625 0.3359375 0.8856703187500001 0.30078125 0.3360896921875 0.2890625 0.171215503125 0.2802734375 0.1606466453125 0.2724609375 0.1606466453125 0.2607421875 0.1648741890625 0.2578125 0.171215503125 0.2578125 0.21771847968750002 0.259765625 0.25999391250000004 0.30078125 0.864532603125
0 0.3359375 0.89412540625 0.3408203125 0.9046942640625 0.3466796875 0.9089218078125001 0.3583984375 0.9089218078125001 0.359375 0.9068080359374999 0.359375 0.8476224296874999 0.31640625 0.1543053296875 0.3134765625 0.1310538421875 0.3017578125 0.1310538421875 0.2919921875 0.1352813859375 0.2890625 0.1416227 0.2890625 0.1796705890625 0.333984375 0.8814427765625 0.3359375 0.89412540625
0 0.3681640625 0.9216044374999999 0.3798828125 0.9216044374999999 0.38671875 0.9110355796875 0.38671875 0.8560775156249999 0.34375 0.112029896875 0.3427734375 0.109916125 0.31640625 0.1331676140625 0.314453125 0.1416227 0.31640625 0.1923532203125 0.361328125 0.9068080359374999 0.3681640625 0.9216044374999999
0 0.390625 0.915263121875 0.3955078125 0.92583198125 0.4013671875 0.9300595234375001 0.4189453125 0.9300595234375001 0.421875 0.923718209375 0.421875 0.8983529484374999 0.388671875 0.0951197234375 0.3857421875 0.088778409375 0.3818359375 0.088778409375 0.3447265625 0.1014610390625 0.341796875 0.107802353125 0.33984375 0.12048498437499999 0.33984375 0.1331676140625 0.38671875 0.8898978625 0.390625 0.915263121875
0 0.4267578125 0.9385146109375 0.4326171875 0.942742153125 0.4443359375 0.942742153125 0.4453125 0.9406283828124999 0.4453125 0.8983529484374999 0.435546875 0.6869757843750001 0.404296875 0.0866646375 0.4033203125 0.084550865625 0.3916015625 0.084550865625 0.380859375 0.09089218125000001 0.37890625 0.0993472671875 0.37890625 0.11625744062500001 0.421875 0.923718209375 0.4267578125 0.9385146109375
0 0.4501953125 0.946969696875 0.4541015625 0.946969696875 0.455078125 0.944855925 0.45703125 0.9068080359374999 0.45703125 0.8687601468749999 0.443359375 0.1543053296875 0.44140625 0.10357481093750001 0.439453125 0.0739820078125 0.4384765625 0.0718682359375 0.4228515625 0.0718682359375 0.4052734375 0.08032332187499999 0.40234375 0.0866646375 0.40234375 0.0951197234375 0.4453125 0.9406283828124999 0.4501953125 0.946969696875
0 0.4599609375 0.9596523265625001 0.4677734375 0.9681074140625 0.4736328125 0.9681074140625 0.4814453125 0.9638798703125 0.486328125 0.9533110125 0.486328125 0.9490834687499999 0.4453125 0.1965807625 0.4443359375 0.194466990625 0.4326171875 0.194466990625 0.4267578125 0.198694534375 0.423828125 0.20503585000000002 0.421875 0.21771847968750002 0.421875 0.24308373906249997 0.455078125 0.944855925 0.4599609375 0.9596523265625001
0 0.482421875 0.9364008390624999 0.4892578125 0.9511972406250001 0.5107421875 0.9554247828125 0.51171875 0.9533110125 0.51171875 0.9068080359374999 0.48046875 0.10357481093750001 0.478515625 0.07820955156250001 0.4755859375 0.0718682359375 0.4541015625 0.0718682359375 0.4443359375 0.0760957796875 0.44140625 0.08243709375 0.44140625 0.1331676140625 0.478515625 0.923718209375 0.482421875 0.9364008390624999
0 0.51171875 0.9364008390624999 0.513671875 0.9617660984375 0.5185546875 0.9765625 0.5244140625 0.9807900437500001 0.5439453125 0.9807900437500001 0.5478515625 0.9765625 0.552734375 0.9659936421875001 0.548828125 0.12894007031250002 0.546875 0.0739820078125 0.544921875 0.057071834375 0.5419921875 0.050730518749999995 0.4873046875 0.05918560625 0.48046875 0.0655269203125 0.478515625 0.0739820078125 0.48046875 0.14585024375 0.50390625 0.7926643671875 0.51171875 0.9364008390624999
0 0.552734375 0.9659936421875001 0.5576171875 0.9807900437500001 0.5634765625 0.9850175859375 0.5693359375 0.9850175859375 0.5703125 0.9829038156250001 0.5703125 0.9575385546874999 0.548828125 0.1585328734375 0.5478515625 0.1564191015625 0.5380859375 0.1564191015625 0.5302734375 0.1606466453125 0.52734375 0.166987959375 0.52734375 0.21771847968750002 0.54296875 0.7038859578125 0.552734375 0.9659936421875001
0 0.56640625 0.9025804921875 0.5703125 0.9829038156250001 0.5751953125 0.9977002171875 0.6396484375 0.9977002171875 0.640625 0.9955864453125001 0.716796875 0.061299378125000005 0.716796875 0.019023945312500002 0.7138671875 0.012682629687499999 0.7060546875 0.012682629687499999 0.5595703125 0.033820346875000004 0.548828125 0.040161660937499996 0.546875 0.0486167484375 0.546875 0.0739820078125 0.5546875 0.45023336093750005 0.56640625 0.9025804921875
0 0.642578125 0.9913589015625 0.6455078125 0.9977002171875 0.6748046875 0.9977002171875 0.677734375 0.9913589015625 0.6953125 0.0951197234375 0.6923828125 0.088778409375 0.6904296875 0.088778409375 0.6572265625 0.093005953125 0.6376953125 0.1014610390625 0.6328125 0.112029896875 0.6328125 0.25576636875 0.640625 0.944855925 0.642578125 0.9913589015625
0 0.7333984375 0.9977002171875 0.736328125 0.9913589015625 0.763671875 0.10357481093750001 0.7626953125 0.1014610390625 0.7587890625 0.1014610390625 0.6826171875 0.109916125 0.677734375 0.11625744062500001 0.67578125 0.12894007031250002 0.677734375 0.978676271875 0.6806640625 0.9977002171875 0.7333984375 0.9977002171875
0 0.7626953125 0.9977002171875 0.763671875 0.9955864453125001 0.767578125 0.809574540625 0.775390625 0.24308373906249997 0.775390625 0.12048498437499999 0.7744140625 0.1183712125 0.7626953125 0.1183712125 0.7568359375 0.12259875468749999 0.7490234375 0.1310538421875 0.74609375 0.1416227 0.740234375 0.54746685625 0.736328125 0.8898978625 0.736328125 0.9955864453125001 0.7373046875 0.9977002171875 0.7626953125 0.9977002171875
0 0.8134765625 0.9977002171875 0.81640625 0.9913589015625 0.818359375 0.944855925 0.845703125 0.0232514875 0.845703125 0.0147964015625 0.8388671875 0.00422754375 0.7880859375 0.012682629687499999 0.7802734375 0.016910173437500002 0.77734375 0.0232514875 0.76953125 0.6277901781249999 0.767578125 0.7968919109375 0.767578125 0.9955864453125001 0.7685546875 0.9977002171875 0.8134765625 0.9977002171875
0 0.87109375 0.9955864453125001 0.873046875 0.9659936421875001 0.900390625 0.0655269203125 0.900390625 0.052844290625 0.8935546875 0.0422754328125 0.8466796875 0.0380478890625 0.8408203125 0.0422754328125 0.8359375 0.057071834375 0.830078125 0.281131628125 0.8203125 0.7630715640625 0.818359375 0.9913589015625 0.8212890625 0.9977002171875 0.8701171875 0.9977002171875 0.87109375 0.9955864453125001
0 0.931640625 0.9955864453125001 0.93359375 0.9871313578124999 0.9375 0.8983529484374999 0.966796875 0.171215503125 0.970703125 0.031706575 0.9658203125 0.025365259374999997 0.9130859375 0.029592803125 0.9052734375 0.033820346875000004 0.900390625 0.0486167484375 0.875 0.8856703187500001 0.873046875 0.9913589015625 0.8759765625 0.9977002171875 0.9306640625 0.9977002171875 0.931640625 0.9955864453125001
0 1 0.0147964015625 0.9990234375 0.012682629687499999 0.9736328125 0.016910173437500002 0.970703125 0.0232514875 0.939453125 0.8180296265625 0.935546875 0.9575385546874999 0.935546875 0.9913589015625 0.9384765625 0.9977002171875 0.9853515625 0.9977002171875 0.98828125 0.9871313578124999 0.99609375 0.83916734375 1 0.7334787609375 1 0.0147964015625