1 0.0478515625 0.6721793828125 0.056640625 0.6658380687500001 0.056640625 0.6447003515625 0.0546875 0.6066524624999999 0.0537109375 0.604538690625 0.0341796875 0.604538690625 0.0146484375 0.608766234375 0.013671875 0.6108800046875 0.013671875 0.6742931546875 0.0146484375 0.6764069265625 0.0478515625 0.6721793828125
1 0.0751953125 0.6764069265625 0.076171875 0.6742931546875 0.076171875 0.6108800046875 0.0751953125 0.608766234375 0.0712890625 0.608766234375 0.0576171875 0.6129937765625 0.056640625 0.6151075484375 0.056640625 0.6742931546875 0.0595703125 0.6806344703125 0.0751953125 0.6764069265625
1 0.1162109375 0.6679518390625 0.126953125 0.6616105250000001 0.126953125 0.6024249187499999 0.1259765625 0.600311146875 0.1025390625 0.600311146875 0.0791015625 0.604538690625 0.076171875 0.6108800046875 0.076171875 0.6658380687500001 0.0791015625 0.6721793828125 0.1162109375 0.6679518390625
1 0.1650390625 0.6764069265625 0.169921875 0.6700656109375001 0.169921875 0.6151075484375 0.1669921875 0.608766234375 0.1474609375 0.608766234375 0.1279296875 0.6129937765625 0.126953125 0.6151075484375 0.126953125 0.6742931546875 0.1298828125 0.68908955625 0.1650390625 0.6764069265625
1 0.1884765625 0.6764069265625 0.189453125 0.6742931546875 0.189453125 0.6151075484375 0.1884765625 0.6129937765625 0.1748046875 0.6129937765625 0.173828125 0.6151075484375 0.173828125 0.6742931546875 0.1748046875 0.6764069265625 0.1884765625 0.6764069265625
1 0.2236328125 0.6764069265625 0.2412109375 0.6721793828125 0.2421875 0.6700656109375001 0.2421875 0.6108800046875 0.2412109375 0.608766234375 0.2099609375 0.608766234375 0.1904296875 0.6129937765625 0.189453125 0.6151075484375 0.189453125 0.6742931546875 0.1904296875 0.6764069265625 0.2236328125 0.6764069265625
1 0.2685546875 0.6721793828125 0.271484375 0.6658380687500001 0.271484375 0.6151075484375 0.2685546875 0.608766234375 0.2470703125 0.608766234375 0.24609375 0.6108800046875 0.24609375 0.6700656109375001 0.2470703125 0.6721793828125 0.2685546875 0.6721793828125
1 0.3154296875 0.6764069265625 0.318359375 0.6700656109375001 0.31640625 0.6108800046875 0.3154296875 0.608766234375 0.2724609375 0.6129937765625 0.271484375 0.6151075484375 0.271484375 0.6742931546875 0.2724609375 0.6764069265625 0.3154296875 0.6764069265625
1 0.3369140625 0.6764069265625 0.337890625 0.6742931546875 0.337890625 0.6151075484375 0.3369140625 0.6129937765625 0.3193359375 0.6129937765625 0.318359375 0.6151075484375 0.318359375 0.6742931546875 0.3193359375 0.6764069265625 0.3369140625 0.6764069265625
1 0.3505859375 0.6806344703125 0.353515625 0.6742931546875 0.353515625 0.6151075484375 0.3525390625 0.6129937765625 0.3388671875 0.6129937765625 0.337890625 0.6151075484375 0.337890625 0.6742931546875 0.3408203125 0.6806344703125 0.3505859375 0.6806344703125
1 0.3564453125 0.6806344703125 0.3759765625 0.6806344703125 0.37890625 0.6742931546875 0.37890625 0.6235626359374999 0.376953125 0.6151075484375 0.3759765625 0.6129937765625 0.3564453125 0.6129937765625 0.353515625 0.6193350921875 0.353515625 0.6700656109375001 0.35546875 0.6785206984375 0.3564453125 0.6806344703125
1 0.4052734375 0.6806344703125 0.416015625 0.6742931546875 0.416015625 0.6193350921875 0.4130859375 0.6129937765625 0.3994140625 0.6129937765625 0.3798828125 0.6172213203125 0.37890625 0.6193350921875 0.37890625 0.6742931546875 0.3818359375 0.6806344703125 0.4052734375 0.6806344703125
1 0.4423828125 0.6806344703125 0.4580078125 0.6806344703125 0.458984375 0.6785206984375 0.458984375 0.6193350921875 0.4560546875 0.6129937765625 0.4404296875 0.6172213203125 0.439453125 0.6193350921875 0.439453125 0.6573829812499999 0.44140625 0.6785206984375 0.4423828125 0.6806344703125
1 0.4189453125 0.6806344703125 0.4384765625 0.6806344703125 0.439453125 0.6785206984375 0.439453125 0.6193350921875 0.4384765625 0.6172213203125 0.4169921875 0.6172213203125 0.416015625 0.6193350921875 0.416015625 0.6573829812499999 0.41796875 0.6785206984375 0.4189453125 0.6806344703125
1 0.4619140625 0.6806344703125 0.4833984375 0.6806344703125 0.486328125 0.6742931546875 0.486328125 0.6362452656250001 0.484375 0.6151075484375 0.4833984375 0.6129937765625 0.4794921875 0.6129937765625 0.4599609375 0.6172213203125 0.458984375 0.6193350921875 0.458984375 0.6489278953125 0.4609375 0.6785206984375 0.4619140625 0.6806344703125
1 0.4912109375 0.6806344703125 0.5166015625 0.6764069265625 0.517578125 0.6742931546875 0.517578125 0.6193350921875 0.515625 0.6108800046875 0.5146484375 0.608766234375 0.5107421875 0.608766234375 0.4892578125 0.6129937765625 0.486328125 0.6193350921875 0.486328125 0.6447003515625 0.48828125 0.6742931546875 0.4912109375 0.6806344703125
1 0.5224609375 0.6806344703125 0.5380859375 0.6806344703125 0.541015625 0.6742931546875 0.541015625 0.6489278953125 0.5390625 0.6235626359374999 0.5361328125 0.6172213203125 0.5205078125 0.6214488640625 0.51953125 0.6235626359374999 0.51953125 0.6700656109375001 0.521484375 0.6785206984375 0.5224609375 0.6806344703125
1 0.5634765625 0.6806344703125 0.57421875 0.6742931546875 0.57421875 0.6235626359374999 0.5712890625 0.6129937765625 0.5419921875 0.6172213203125 0.541015625 0.6193350921875 0.541015625 0.6700656109375001 0.5439453125 0.6806344703125 0.5634765625 0.6806344703125
1 0.5771484375 0.6806344703125 0.5947265625 0.6806344703125 0.6005859375 0.6764069265625 0.6015625 0.6742931546875 0.6015625 0.6447003515625 0.599609375 0.6151075484375 0.5986328125 0.6129937765625 0.5751953125 0.6129937765625 0.57421875 0.6151075484375 0.57421875 0.6531554390625 0.576171875 0.6785206984375 0.5771484375 0.6806344703125
1 0.6259765625 0.6806344703125 0.630859375 0.6742931546875 0.630859375 0.6193350921875 0.6279296875 0.6129937765625 0.6142578125 0.6129937765625 0.6025390625 0.6172213203125 0.599609375 0.6235626359374999 0.6015625 0.6742931546875 0.6044921875 0.6806344703125 0.6259765625 0.6806344703125
1 0.6533203125 0.6806344703125 0.654296875 0.6785206984375 0.654296875 0.6193350921875 0.6513671875 0.6129937765625 0.6416015625 0.6129937765625 0.6318359375 0.6172213203125 0.630859375 0.6193350921875 0.630859375 0.6742931546875 0.6337890625 0.6806344703125 0.6533203125 0.6806344703125
1 0.6845703125 0.6806344703125 0.6875 0.6742931546875 0.6875 0.6235626359374999 0.6845703125 0.6172213203125 0.6669921875 0.6129937765625 0.6552734375 0.6129937765625 0.654296875 0.6151075484375 0.654296875 0.6700656109375001 0.6591796875 0.6806344703125 0.6845703125 0.6806344703125
1 0.7021484375 0.6806344703125 0.705078125 0.6700656109375001 0.703125 0.6193350921875 0.7001953125 0.6129937765625 0.6884765625 0.6172213203125 0.6875 0.6193350921875 0.6875 0.6742931546875 0.6904296875 0.6806344703125 0.7021484375 0.6806344703125
1 0.7451171875 0.6764069265625 0.74609375 0.6742931546875 0.74609375 0.6193350921875 0.7431640625 0.608766234375 0.7041015625 0.6129937765625 0.703125 0.6151075484375 0.703125 0.6531554390625 0.7060546875 0.6764069265625 0.7451171875 0.6764069265625
1 0.7626953125 0.6806344703125 0.7783203125 0.6764069265625 0.78125 0.6700656109375001 0.779296875 0.6193350921875 0.7763671875 0.6129937765625 0.7470703125 0.6172213203125 0.74609375 0.6193350921875 0.74609375 0.6742931546875 0.7490234375 0.6806344703125 0.7626953125 0.6806344703125
1 0.7841796875 0.6806344703125 0.8037109375 0.6806344703125 0.8095703125 0.6764069265625 0.8125 0.6700656109375001 0.810546875 0.6193350921875 0.8095703125 0.6172213203125 0.8056640625 0.6129937765625 0.7802734375 0.6172213203125 0.779296875 0.6193350921875 0.779296875 0.6573829812499999 0.78125 0.6742931546875 0.7841796875 0.6806344703125
1 0.8642578125 0.6764069265625 0.865234375 0.6742931546875 0.865234375 0.6573829812499999 0.86328125 0.6151075484375 0.8623046875 0.6129937765625 0.8505859375 0.6129937765625 0.8427734375 0.6172213203125 0.841796875 0.6193350921875 0.841796875 0.6742931546875 0.8447265625 0.6806344703125 0.8642578125 0.6764069265625
1 0.8662109375 0.6806344703125 0.8857421875 0.6806344703125 0.888671875 0.6742931546875 0.888671875 0.6447003515625 0.88671875 0.6193350921875 0.8857421875 0.6172213203125 0.8642578125 0.6172213203125 0.86328125 0.6193350921875 0.86328125 0.6489278953125 0.865234375 0.6785206984375 0.8662109375 0.6806344703125
1 0.9033203125 0.6806344703125 0.9150390625 0.6764069265625 0.916015625 0.6742931546875 0.916015625 0.6235626359374999 0.9140625 0.6151075484375 0.9130859375 0.6129937765625 0.8916015625 0.6129937765625 0.888671875 0.6193350921875 0.888671875 0.6700656109375001 0.8935546875 0.6806344703125 0.9033203125 0.6806344703125
1 0.9384765625 0.6806344703125 0.939453125 0.6785206984375 0.939453125 0.6193350921875 0.9384765625 0.6172213203125 0.9169921875 0.6172213203125 0.916015625 0.6193350921875 0.916015625 0.6742931546875 0.9189453125 0.6806344703125 0.9384765625 0.6806344703125
1 0.9560546875 0.6764069265625 0.95703125 0.6742931546875 0.95703125 0.6362452656250001 0.955078125 0.6151075484375 0.9541015625 0.6129937765625 0.9482421875 0.6129937765625 0.9384765625 0.6172213203125 0.9375 0.6235626359374999 0.939453125 0.6742931546875 0.9423828125 0.6806344703125 0.9560546875 0.6764069265625
1 0.9580078125 0.6764069265625 0.9716796875 0.6764069265625 0.974609375 0.6700656109375001 0.974609375 0.6151075484375 0.9697265625 0.608766234375 0.9560546875 0.6129937765625 0.955078125 0.6151075484375 0.955078125 0.6362452656250001 0.95703125 0.6742931546875 0.9580078125 0.6764069265625
1 1 0.6573829812499999 0.998046875 0.6108800046875 0.9970703125 0.608766234375 0.9755859375 0.608766234375 0.974609375 0.6108800046875 0.974609375 0.6658380687500001 0.9775390625 0.6721793828125 0.9873046875 0.6721793828125 0.9990234375 0.6679518390625 1 0.6658380687500001 1 0.6573829812499999
0 0.0576171875 0.8751014609375 0.05859375 0.8729876890625 0.05859375 0.77575419375 0.052734375 0.3699100375 0.05078125 0.31072443125000004 0.0498046875 0.3086106609375 0.0146484375 0.3086106609375 0.009765625 0.31917951875 0.013671875 0.8729876890625 0.0166015625 0.8793290046875001 0.0576171875 0.8751014609375
0 0.05859375 0.8433948859375 0.060546875 0.8772152328124999 0.0615234375 0.8793290046875001 0.0751953125 0.8793290046875001 0.078125 0.8729876890625 0.078125 0.8433948859375 0.076171875 0.581287203125 0.072265625 0.3064968890625 0.0693359375 0.3001555734375 0.0537109375 0.3001555734375 0.05078125 0.3064968890625 0.05078125 0.31917951875 0.056640625 0.7672991078125 0.05859375 0.8433948859375
0 0.0810546875 0.8793290046875001 0.1162109375 0.8793290046875001 0.1240234375 0.8751014609375 0.126953125 0.864532603125 0.126953125 0.4967363359375 0.125 0.171215503125 0.1220703125 0.1521915578125 0.0732421875 0.1521915578125 0.0703125 0.1585328734375 0.0703125 0.2388561953125 0.078125 0.8729876890625 0.0810546875 0.8793290046875001
0 0.1298828125 0.883556546875 0.1416015625 0.883556546875 0.1708984375 0.8793290046875001 0.171875 0.8772152328124999 0.185546875 0.13739515625 0.1669921875 0.1056885828125 0.1630859375 0.1014610390625 0.1259765625 0.1014610390625 0.125 0.10357481093750001 0.125 0.31917951875 0.12890625 0.8814427765625 0.1298828125 0.883556546875
0 0.173828125 0.8772152328124999 0.1748046875 0.8793290046875001 0.1904296875 0.8793290046875001 0.19140625 0.8772152328124999 0.19140625 0.864532603125 0.1875 0.1796705890625 0.1845703125 0.16910173125 0.1708984375 0.16910173125 0.169921875 0.171215503125 0.169921875 0.31072443125000004 0.171875 0.8264847124999999 0.173828125 0.8772152328124999
0 0.19140625 0.8729876890625 0.1943359375 0.8793290046875001 0.2333984375 0.8793290046875001 0.2412109375 0.8751014609375 0.244140625 0.8687601468749999 0.24609375 0.12471252656250001 0.2412109375 0.11414366875 0.2353515625 0.109916125 0.1923828125 0.109916125 0.1884765625 0.11414366875 0.1875 0.11625744062500001 0.1875 0.344544778125 0.189453125 0.8138020828125001 0.19140625 0.8729876890625
0 0.2490234375 0.8793290046875001 0.2666015625 0.8793290046875001 0.271484375 0.8687601468749999 0.29296875 0.1923532203125 0.2705078125 0.143736471875 0.2587890625 0.1352813859375 0.2451171875 0.1352813859375 0.244140625 0.13739515625 0.2421875 0.14585024375 0.2421875 0.234628653125 0.24609375 0.8729876890625 0.2490234375 0.8793290046875001
0 0.3115234375 0.8793290046875001 0.318359375 0.8687601468749999 0.3203125 0.20503585000000002 0.3154296875 0.198694534375 0.2744140625 0.198694534375 0.26953125 0.2092633921875 0.271484375 0.864532603125 0.2744140625 0.8793290046875001 0.3115234375 0.8793290046875001
0 0.3349609375 0.8751014609375 0.337890625 0.8560775156249999 0.341796875 0.234628653125 0.3369140625 0.22405979375 0.3212890625 0.22405979375 0.318359375 0.23040110937499997 0.318359375 0.8687601468749999 0.3212890625 0.8751014609375 0.3349609375 0.8751014609375
0 0.3544921875 0.8793290046875001 0.35546875 0.8772152328124999 0.359375 0.26422145625 0.357421875 0.25576636875 0.3525390625 0.24519751093750003 0.3388671875 0.24519751093750003 0.3359375 0.251538825 0.3359375 0.8729876890625 0.3388671875 0.8793290046875001 0.3544921875 0.8793290046875001
0 0.357421875 0.8729876890625 0.3603515625 0.8793290046875001 0.3740234375 0.8793290046875001 0.37890625 0.8729876890625 0.37890625 0.6277901781249999 0.376953125 0.3064968890625 0.3701171875 0.2917004875 0.3564453125 0.2917004875 0.353515625 0.29804180156250004 0.353515625 0.6320177218749999 0.35546875 0.8518499734375 0.357421875 0.8729876890625
0 0.380859375 0.8687601468749999 0.3837890625 0.8751014609375 0.4150390625 0.8751014609375 0.41796875 0.864532603125 0.416015625 0.251538825 0.4130859375 0.24519751093750003 0.4013671875 0.2409699671875 0.3759765625 0.24519751093750003 0.373046875 0.251538825 0.373046875 0.27267654218750004 0.37890625 0.7968919109375 0.380859375 0.8687601468749999
0 0.4208984375 0.6172213203125 0.4365234375 0.6172213203125 0.439453125 0.6108800046875 0.439453125 0.5516943999999999 0.435546875 0.31917951875 0.4326171875 0.3086106609375 0.4150390625 0.3086106609375 0.4140625 0.31072443125000004 0.4140625 0.5051914234375 0.416015625 0.6108800046875 0.4208984375 0.6172213203125
0 0.4462890625 0.8793290046875001 0.4580078125 0.8793290046875001 0.462890625 0.8729876890625 0.462890625 0.809574540625 0.451171875 0.175443046875 0.4443359375 0.1648741890625 0.4365234375 0.1648741890625 0.431640625 0.171215503125 0.4296875 0.1796705890625 0.4296875 0.20080830624999998 0.443359375 0.8729876890625 0.4462890625 0.8793290046875001
0 0.46484375 0.8729876890625 0.4658203125 0.8751014609375 0.4736328125 0.8793290046875001 0.4853515625 0.8793290046875001 0.4921875 0.8729876890625 0.4921875 0.83071225625 0.4765625 0.2473112828125 0.4736328125 0.236742425 0.4560546875 0.236742425 0.453125 0.24308373906249997 0.451171875 0.251538825 0.451171875 0.27267654218750004 0.462890625 0.8349398000000001 0.46484375 0.8729876890625
0 0.494140625 0.8687601468749999 0.4970703125 0.8751014609375 0.5205078125 0.8751014609375 0.5234375 0.8687601468749999 0.5234375 0.8180296265625 0.505859375 0.1543053296875 0.5009765625 0.139508928125 0.4775390625 0.139508928125 0.474609375 0.14585024375 0.474609375 0.21771847968750002 0.4921875 0.8560775156249999 0.494140625 0.8687601468749999
0 0.5283203125 0.8751014609375 0.5439453125 0.8751014609375 0.544921875 0.8729876890625 0.544921875 0.7926643671875 0.541015625 0.6320177218749999 0.52734375 0.20080830624999998 0.5244140625 0.194466990625 0.5087890625 0.21983225156250003 0.5078125 0.2219460234375 0.5078125 0.26422145625 0.5234375 0.860305059375 0.5283203125 0.8751014609375
0 0.5517578125 0.8751014609375 0.5771484375 0.8751014609375 0.580078125 0.8687601468749999 0.580078125 0.801119453125 0.5625 0.1923532203125 0.560546875 0.175443046875 0.5556640625 0.1648741890625 0.5341796875 0.1648741890625 0.5302734375 0.16910173125 0.525390625 0.1796705890625 0.525390625 0.1923532203125 0.546875 0.860305059375 0.5517578125 0.8751014609375
0 0.58203125 0.8729876890625 0.5849609375 0.8793290046875001 0.6044921875 0.8793290046875001 0.607421875 0.8729876890625 0.607421875 0.8349398000000001 0.6015625 0.6277901781249999 0.587890625 0.234628653125 0.5859375 0.20503585000000002 0.5830078125 0.198694534375 0.5654296875 0.198694534375 0.5625 0.20503585000000002 0.560546875 0.2134909359375 0.560546875 0.2219460234375 0.57421875 0.6658380687500001 0.58203125 0.8729876890625
0 0.611328125 0.8729876890625 0.6142578125 0.8793290046875001 0.6298828125 0.8793290046875001 0.63671875 0.8687601468749999 0.63671875 0.8180296265625 0.6171875 0.21771847968750002 0.6142578125 0.202922078125 0.5908203125 0.198694534375 0.587890625 0.20503585000000002 0.5859375 0.2134909359375 0.603515625 0.7334787609375 0.609375 0.860305059375 0.611328125 0.8729876890625
0 0.6435546875 0.8793290046875001 0.6474609375 0.8793290046875001 0.6572265625 0.8751014609375 0.66015625 0.8687601468749999 0.66015625 0.8518499734375 0.64453125 0.2134909359375 0.6396484375 0.202922078125 0.6220703125 0.202922078125 0.619140625 0.2092633921875 0.619140625 0.27267654218750004 0.63671875 0.8687601468749999 0.6435546875 0.8793290046875001
0 0.65234375 0.6066524624999999 0.6552734375 0.6129937765625 0.6845703125 0.6129937765625 0.685546875 0.6108800046875 0.685546875 0.54746685625 0.677734375 0.226173565625 0.67578125 0.2092633921875 0.6708984375 0.198694534375 0.6455078125 0.198694534375 0.642578125 0.20503585000000002 0.642578125 0.2092633921875 0.6484375 0.4798261640625 0.65234375 0.6066524624999999
0 0.7060546875 0.8751014609375 0.70703125 0.8729876890625 0.70703125 0.7968919109375 0.69921875 0.4460058171875 0.69140625 0.1627604171875 0.689453125 0.1543053296875 0.6845703125 0.147964015625 0.6767578125 0.1521915578125 0.65625 0.1965807625 0.693359375 0.8687601468749999 0.6962890625 0.8751014609375 0.7060546875 0.8751014609375
0 0.70703125 0.8349398000000001 0.708984375 0.8687601468749999 0.7119140625 0.8751014609375 0.7470703125 0.8751014609375 0.751953125 0.864532603125 0.751953125 0.8433948859375 0.734375 0.175443046875 0.7314453125 0.1648741890625 0.6982421875 0.1648741890625 0.6943359375 0.16910173125 0.69140625 0.175443046875 0.69140625 0.1965807625 0.703125 0.6912033281250001 0.70703125 0.8349398000000001
0 0.751953125 0.864532603125 0.7587890625 0.8751014609375 0.7724609375 0.8751014609375 0.7861328125 0.8708739171875 0.787109375 0.8687601468749999 0.787109375 0.8433948859375 0.76953125 0.281131628125 0.7685546875 0.2790178578125 0.7392578125 0.2790178578125 0.736328125 0.28535917187500004 0.736328125 0.31917951875 0.748046875 0.7546164765625 0.751953125 0.864532603125
0 0.787109375 0.860305059375 0.7939453125 0.8708739171875 0.8154296875 0.8708739171875 0.81640625 0.8687601468749999 0.81640625 0.7926643671875 0.80078125 0.3276346046875 0.7958984375 0.321293290625 0.7841796875 0.317065746875 0.7724609375 0.321293290625 0.771484375 0.3234070609375 0.771484375 0.38682021093749996 0.77734375 0.5897422890625 0.787109375 0.860305059375
0 0.8291015625 0.8751014609375 0.8466796875 0.8708739171875 0.849609375 0.864532603125 0.849609375 0.8518499734375 0.830078125 0.2219460234375 0.8251953125 0.2113771640625 0.8095703125 0.2113771640625 0.7998046875 0.2156047078125 0.7646484375 0.25788014062500003 0.76171875 0.26422145625 0.76171875 0.2684489984375 0.82421875 0.8687601468749999 0.8291015625 0.8751014609375
0 0.849609375 0.864532603125 0.8525390625 0.8708739171875 0.8681640625 0.8708739171875 0.87109375 0.864532603125 0.87109375 0.8433948859375 0.853515625 0.251538825 0.8515625 0.226173565625 0.8486328125 0.21983225156250003 0.8330078125 0.21983225156250003 0.83203125 0.2219460234375 0.830078125 0.23040110937499997 0.830078125 0.289586715625 0.84765625 0.8476224296874999 0.849609375 0.864532603125
0 0.865234375 0.72079613125 0.87109375 0.864532603125 0.8740234375 0.8708739171875 0.8935546875 0.8708739171875 0.896484375 0.8560775156249999 0.876953125 0.21771847968750002 0.8740234375 0.2113771640625 0.8662109375 0.2113771640625 0.8544921875 0.21983225156250003 0.8515625 0.226173565625 0.8515625 0.23040110937499997 0.857421875 0.4671435328125 0.865234375 0.72079613125
0 0.896484375 0.8518499734375 0.8984375 0.8729876890625 0.9072265625 0.8793290046875001 0.9111328125 0.8793290046875001 0.923828125 0.8729876890625 0.923828125 0.8264847124999999 0.904296875 0.21771847968750002 0.9013671875 0.2113771640625 0.8837890625 0.20714962187500002 0.87890625 0.21771847968750002 0.87890625 0.2769040859375 0.888671875 0.6616105250000001 0.896484375 0.8518499734375
0 0.923828125 0.8729876890625 0.9306640625 0.8793290046875001 0.9443359375 0.8793290046875001 0.9453125 0.8772152328124999 0.947265625 0.83916734375 0.9296875 0.226173565625 0.9267578125 0.21983225156250003 0.9091796875 0.21983225156250003 0.90625 0.226173565625 0.908203125 0.38682021093749996 0.916015625 0.6700656109375001 0.923828125 0.8729876890625
0 0.9453125 0.864532603125 0.9482421875 0.8708739171875 0.9599609375 0.8708739171875 0.962890625 0.864532603125 0.962890625 0.83071225625 0.9453125 0.2219460234375 0.9384765625 0.2156047078125 0.9345703125 0.2156047078125 0.9296875 0.2219460234375 0.927734375 0.23040110937499997 0.9296875 0.344544778125 0.939453125 0.72079613125 0.9453125 0.864532603125
0 0.9638671875 0.866646375 0.9775390625 0.866646375 0.98046875 0.860305059375 0.98046875 0.8349398000000001 0.962890625 0.226173565625 0.9599609375 0.21983225156250003 0.9541015625 0.21983225156250003 0.9453125 0.226173565625 0.943359375 0.24308373906249997 0.958984375 0.7672991078125 0.962890625 0.864532603125 0.9638671875 0.866646375
0 1 0.6658380687500001 0.98828125 0.226173565625 0.9833984375 0.2156047078125 0.9619140625 0.2156047078125 0.9609375 0.2219460234375 0.98046875 0.8518499734375 0.9853515625 0.866646375 0.9990234375 0.866646375 1 0.864532603125 1 0.6658380687500001