1 0.005859375 0.6658380687500001 0.0068359375 0.6679518390625 0.0224609375 0.6679518390625 0.0234375 0.6658380687500001 0.0234375 0.6362452656250001 0.021484375 0.6108800046875 0.0205078125 0.608766234375 0.0029296875 0.608766234375 0.001953125 0.6108800046875 0.001953125 0.6235626359374999 0.00390625 0.6531554390625 0.005859375 0.6658380687500001
1 0.0263671875 0.6721793828125 0.0361328125 0.6721793828125 0.037109375 0.6700656109375001 0.037109375 0.6277901781249999 0.03515625 0.6151075484375 0.0322265625 0.608766234375 0.0224609375 0.6129937765625 0.021484375 0.6151075484375 0.021484375 0.6320177218749999 0.0234375 0.6616105250000001 0.0263671875 0.6721793828125
1 0.0390625 0.6700656109375001 0.0400390625 0.6721793828125 0.0556640625 0.6721793828125 0.0634765625 0.6679518390625 0.064453125 0.6658380687500001 0.064453125 0.6489278953125 0.0625 0.6151075484375 0.0595703125 0.608766234375 0.0380859375 0.608766234375 0.03515625 0.6151075484375 0.03515625 0.6235626359374999 0.037109375 0.6616105250000001 0.0390625 0.6700656109375001
1 0.0673828125 0.6721793828125 0.0908203125 0.6721793828125 0.09375 0.6658380687500001 0.091796875 0.6193350921875 0.0888671875 0.608766234375 0.0634765625 0.608766234375 0.0625 0.6108800046875 0.0625 0.6320177218749999 0.064453125 0.6658380687500001 0.0673828125 0.6721793828125
1 0.0966796875 0.6764069265625 0.1044921875 0.6764069265625 0.10546875 0.6742931546875 0.10546875 0.6362452656250001 0.103515625 0.6151075484375 0.1025390625 0.6129937765625 0.0927734375 0.6129937765625 0.091796875 0.6151075484375 0.091796875 0.6404728078125 0.09375 0.6700656109375001 0.0966796875 0.6764069265625
1 0.1083984375 0.6806344703125 0.1181640625 0.6806344703125 0.1220703125 0.6764069265625 0.123046875 0.6742931546875 0.123046875 0.6362452656250001 0.12109375 0.6193350921875 0.1201171875 0.6172213203125 0.1044921875 0.6172213203125 0.103515625 0.6193350921875 0.103515625 0.6447003515625 0.10546875 0.6742931546875 0.1083984375 0.6806344703125
1 0.1376953125 0.6806344703125 0.140625 0.6742931546875 0.138671875 0.6193350921875 0.1376953125 0.6172213203125 0.1240234375 0.6172213203125 0.123046875 0.6193350921875 0.123046875 0.6700656109375001 0.1259765625 0.6806344703125 0.1376953125 0.6806344703125
1 0.1416015625 0.6806344703125 0.1513671875 0.6806344703125 0.15234375 0.6785206984375 0.15234375 0.6573829812499999 0.150390625 0.6193350921875 0.1494140625 0.6172213203125 0.1396484375 0.6172213203125 0.138671875 0.6193350921875 0.138671875 0.6616105250000001 0.140625 0.6785206984375 0.1416015625 0.6806344703125
1 0.1533203125 0.6806344703125 0.1708984375 0.6806344703125 0.171875 0.6785206984375 0.171875 0.6404728078125 0.169921875 0.6193350921875 0.1689453125 0.6172213203125 0.1513671875 0.6172213203125 0.150390625 0.6193350921875 0.150390625 0.6700656109375001 0.15234375 0.6785206984375 0.1533203125 0.6806344703125
1 0.1748046875 0.6806344703125 0.1982421875 0.6806344703125 0.19921875 0.6785206984375 0.19921875 0.6320177218749999 0.197265625 0.6193350921875 0.1962890625 0.6172213203125 0.1728515625 0.6172213203125 0.171875 0.6193350921875 0.171875 0.6658380687500001 0.173828125 0.6785206984375 0.1748046875 0.6806344703125
1 0.2216796875 0.6806344703125 0.22265625 0.6785206984375 0.22265625 0.6447003515625 0.220703125 0.6235626359374999 0.2177734375 0.6172213203125 0.2001953125 0.6172213203125 0.19921875 0.6193350921875 0.19921875 0.6742931546875 0.2021484375 0.6806344703125 0.2216796875 0.6806344703125
1 0.2353515625 0.6848620125 0.2431640625 0.6848620125 0.244140625 0.682748240625 0.244140625 0.6235626359374999 0.2431640625 0.6214488640625 0.2236328125 0.6172213203125 0.22265625 0.6193350921875 0.22265625 0.6616105250000001 0.224609375 0.6785206984375 0.2353515625 0.6848620125
1 0.2568359375 0.68908955625 0.2626953125 0.6848620125 0.263671875 0.682748240625 0.263671875 0.6362452656250001 0.26171875 0.6277901781249999 0.2607421875 0.62567640625 0.2451171875 0.62567640625 0.244140625 0.6277901781249999 0.244140625 0.6573829812499999 0.24609375 0.682748240625 0.2568359375 0.68908955625
1 0.2666015625 0.6806344703125 0.2822265625 0.6806344703125 0.283203125 0.6785206984375 0.283203125 0.6235626359374999 0.2822265625 0.6214488640625 0.2666015625 0.6172213203125 0.263671875 0.6235626359374999 0.263671875 0.6658380687500001 0.265625 0.6785206984375 0.2666015625 0.6806344703125
1 0.2861328125 0.68908955625 0.3037109375 0.68908955625 0.306640625 0.682748240625 0.3046875 0.6277901781249999 0.3037109375 0.62567640625 0.2841796875 0.62567640625 0.283203125 0.6277901781249999 0.283203125 0.6785206984375 0.28515625 0.6869757843750001 0.2861328125 0.68908955625
1 0.3095703125 0.68908955625 0.3232421875 0.68908955625 0.32421875 0.6869757843750001 0.32421875 0.6277901781249999 0.3232421875 0.62567640625 0.3056640625 0.62567640625 0.3046875 0.6277901781249999 0.3046875 0.6489278953125 0.306640625 0.682748240625 0.3095703125 0.68908955625
1 0.3271484375 0.68908955625 0.3388671875 0.68908955625 0.33984375 0.6869757843750001 0.33984375 0.6320177218749999 0.3369140625 0.62567640625 0.3251953125 0.62567640625 0.32421875 0.6277901781249999 0.32421875 0.6616105250000001 0.326171875 0.6869757843750001 0.3271484375 0.68908955625
1 0.3642578125 0.68908955625 0.365234375 0.6869757843750001 0.365234375 0.6320177218749999 0.3623046875 0.62567640625 0.3408203125 0.62567640625 0.33984375 0.6277901781249999 0.33984375 0.6869757843750001 0.3408203125 0.68908955625 0.3642578125 0.68908955625
1 0.3876953125 0.6933171 0.388671875 0.6912033281250001 0.388671875 0.6320177218749999 0.3876953125 0.62990395 0.3681640625 0.62567640625 0.365234375 0.6320177218749999 0.365234375 0.6869757843750001 0.3701171875 0.6933171 0.3876953125 0.6933171
1 0.4072265625 0.6975446421875 0.41015625 0.6912033281250001 0.41015625 0.6362452656250001 0.4072265625 0.62990395 0.3916015625 0.62990395 0.388671875 0.6362452656250001 0.390625 0.695430871875 0.3916015625 0.6975446421875 0.4072265625 0.6975446421875
1 0.4267578125 0.6933171 0.4296875 0.6869757843750001 0.4296875 0.6531554390625 0.427734375 0.6320177218749999 0.4267578125 0.62990395 0.4111328125 0.62990395 0.41015625 0.6320177218749999 0.41015625 0.6869757843750001 0.4130859375 0.6933171 0.4267578125 0.6933171
1 0.4462890625 0.714454815625 0.447265625 0.71234104375 0.447265625 0.6573829812499999 0.4462890625 0.655269209375 0.4306640625 0.655269209375 0.4296875 0.6573829812499999 0.4296875 0.71234104375 0.4306640625 0.714454815625 0.4462890625 0.714454815625
1 0.4638671875 0.6975446421875 0.46484375 0.695430871875 0.46484375 0.6362452656250001 0.4638671875 0.63413149375 0.4482421875 0.63413149375 0.447265625 0.6362452656250001 0.447265625 0.6912033281250001 0.4501953125 0.6975446421875 0.4638671875 0.6975446421875
1 0.4951171875 0.7017721859375 0.49609375 0.6996584140625 0.49609375 0.6404728078125 0.4951171875 0.6383590375 0.4658203125 0.63413149375 0.46484375 0.6362452656250001 0.46484375 0.695430871875 0.4677734375 0.7017721859375 0.4951171875 0.7017721859375
1 0.5146484375 0.7059997296875 0.515625 0.7038859578125 0.515625 0.6404728078125 0.5146484375 0.6383590375 0.4990234375 0.6383590375 0.498046875 0.6404728078125 0.498046875 0.7038859578125 0.4990234375 0.7059997296875 0.5146484375 0.7059997296875
1 0.5322265625 0.7102272734375 0.5517578125 0.7102272734375 0.55859375 0.7038859578125 0.55859375 0.6447003515625 0.5576171875 0.6425865796875 0.5185546875 0.6383590375 0.515625 0.6447003515625 0.515625 0.6996584140625 0.5185546875 0.7059997296875 0.5322265625 0.7102272734375
1 0.5810546875 0.7059997296875 0.5986328125 0.7059997296875 0.599609375 0.7038859578125 0.599609375 0.682748240625 0.59765625 0.6447003515625 0.5947265625 0.6383590375 0.5771484375 0.6425865796875 0.576171875 0.6447003515625 0.576171875 0.6573829812499999 0.578125 0.6996584140625 0.5810546875 0.7059997296875
1 0.6240234375 0.7059997296875 0.626953125 0.6996584140625 0.626953125 0.6573829812499999 0.625 0.6404728078125 0.6220703125 0.63413149375 0.6005859375 0.6383590375 0.59765625 0.6447003515625 0.599609375 0.6996584140625 0.6025390625 0.7059997296875 0.6240234375 0.7059997296875
1 0.6337890625 0.7102272734375 0.6494140625 0.7059997296875 0.65234375 0.6996584140625 0.65234375 0.6912033281250001 0.650390625 0.6489278953125 0.6484375 0.6404728078125 0.6474609375 0.6383590375 0.6376953125 0.6383590375 0.6279296875 0.6425865796875 0.626953125 0.6447003515625 0.626953125 0.6700656109375001 0.62890625 0.6996584140625 0.6337890625 0.7102272734375
1 0.6572265625 0.7102272734375 0.6748046875 0.7102272734375 0.677734375 0.7038859578125 0.67578125 0.6447003515625 0.6748046875 0.6425865796875 0.6513671875 0.6425865796875 0.650390625 0.6447003515625 0.650390625 0.6658380687500001 0.654296875 0.7038859578125 0.6572265625 0.7102272734375
1 0.6796875 0.7081135015625 0.6826171875 0.714454815625 0.7060546875 0.7102272734375 0.70703125 0.7081135015625 0.70703125 0.6742931546875 0.705078125 0.6447003515625 0.7021484375 0.6383590375 0.6767578125 0.6425865796875 0.67578125 0.6447003515625 0.67578125 0.6531554390625 0.677734375 0.6996584140625 0.6796875 0.7081135015625
1 0.7099609375 0.714454815625 0.7236328125 0.714454815625 0.7265625 0.7081135015625 0.724609375 0.6573829812499999 0.7216796875 0.6468141234375 0.7080078125 0.6468141234375 0.70703125 0.6489278953125 0.70703125 0.695430871875 0.708984375 0.71234104375 0.7099609375 0.714454815625
1 0.7666015625 0.714454815625 0.767578125 0.71234104375 0.767578125 0.6658380687500001 0.7646484375 0.6468141234375 0.7451171875 0.6468141234375 0.7275390625 0.6510416671875 0.7265625 0.6531554390625 0.7265625 0.71234104375 0.7294921875 0.718682359375 0.7666015625 0.714454815625
1 0.8076171875 0.718682359375 0.80859375 0.7165685875000001 0.80859375 0.6573829812499999 0.8076171875 0.655269209375 0.7705078125 0.655269209375 0.76953125 0.6573829812499999 0.76953125 0.71234104375 0.7724609375 0.718682359375 0.8076171875 0.718682359375
1 0.8291015625 0.7313649890625 0.8603515625 0.7313649890625 0.861328125 0.7292512171875 0.86328125 0.71234104375 0.86328125 0.6658380687500001 0.8623046875 0.663724296875 0.8134765625 0.655269209375 0.8125 0.6573829812499999 0.8125 0.7165685875000001 0.8154296875 0.7271374453125 0.8291015625 0.7313649890625
1 0.9033203125 0.7229099031249999 0.90625 0.7165685875000001 0.90625 0.6573829812499999 0.9052734375 0.655269209375 0.8681640625 0.6468141234375 0.865234375 0.6489278953125 0.86328125 0.7081135015625 0.8681640625 0.718682359375 0.8740234375 0.7229099031249999 0.9033203125 0.7229099031249999
0 0 0.5939698328125 0.009765625 0.746161390625 0.015625 0.8349398000000001 0.0205078125 0.8455086578125 0.0341796875 0.8455086578125 0.03515625 0.8433948859375 0.03515625 0.801119453125 0.00390625 0.3572274078125 0.0009765625 0.34243100625 0 0.344544778125 0 0.5939698328125
0 0.037109375 0.8433948859375 0.0439453125 0.8497362015625001 0.046875 0.8433948859375 0.046875 0.801119453125 0.03515625 0.5897422890625 0.01953125 0.344544778125 0.0185546875 0.34243100625 0.0107421875 0.34243100625 0.0068359375 0.34665855 0.00390625 0.3529998640625 0.005859375 0.40373038437500003 0.03515625 0.8222571703125 0.037109375 0.8433948859375
0 0.0498046875 0.8497362015625001 0.0712890625 0.8497362015625001 0.072265625 0.8476224296874999 0.072265625 0.801119453125 0.046875 0.3234070609375 0.0439453125 0.312838203125 0.0322265625 0.312838203125 0.0205078125 0.317065746875 0.01953125 0.31917951875 0.01953125 0.3572274078125 0.048828125 0.8476224296874999 0.0498046875 0.8497362015625001
0 0.103515625 0.8476224296874999 0.1064453125 0.8539637453125 0.1103515625 0.8539637453125 0.11328125 0.8476224296874999 0.11328125 0.83916734375 0.109375 0.746161390625 0.0859375 0.2769040859375 0.08203125 0.21771847968750002 0.0791015625 0.2113771640625 0.0732421875 0.2113771640625 0.0703125 0.21771847968750002 0.0703125 0.226173565625 0.099609375 0.7799817375 0.103515625 0.8476224296874999
0 0.076171875 0.8476224296874999 0.0810546875 0.8539637453125 0.0966796875 0.8539637453125 0.1015625 0.8476224296874999 0.1015625 0.8180296265625 0.072265625 0.25576636875 0.0693359375 0.24519751093750003 0.0517578125 0.24519751093750003 0.0458984375 0.2494250546875 0.04296875 0.25576636875 0.04296875 0.25999391250000004 0.07421875 0.83916734375 0.076171875 0.8476224296874999
0 0.1201171875 0.86241883125 0.1279296875 0.86241883125 0.1328125 0.8560775156249999 0.16015625 0.1923532203125 0.1474609375 0.1860119046875 0.1103515625 0.17755681875 0.0849609375 0.17755681875 0.080078125 0.1881256765625 0.080078125 0.1923532203125 0.11328125 0.8560775156249999 0.1201171875 0.86241883125
0 0.1328125 0.8518499734375 0.1357421875 0.8581912875000001 0.1474609375 0.8581912875000001 0.1484375 0.8560775156249999 0.1484375 0.8180296265625 0.1328125 0.23040110937499997 0.1142578125 0.20714962187500002 0.10546875 0.2134909359375 0.103515625 0.2219460234375 0.103515625 0.2473112828125 0.130859375 0.8349398000000001 0.1328125 0.8518499734375
0 0.1484375 0.8518499734375 0.1533203125 0.86241883125 0.1552734375 0.86241883125 0.15625 0.860305059375 0.15625 0.77152665 0.150390625 0.6024249187499999 0.13671875 0.2769040859375 0.134765625 0.25576636875 0.1337890625 0.25365259687499997 0.1259765625 0.25365259687499997 0.125 0.25576636875 0.125 0.31917951875 0.140625 0.6996584140625 0.1484375 0.8518499734375
0 0.1591796875 0.866646375 0.1728515625 0.866646375 0.177734375 0.860305059375 0.177734375 0.8138020828125001 0.16796875 0.53901176875 0.154296875 0.21771847968750002 0.1513671875 0.2113771640625 0.1357421875 0.2113771640625 0.134765625 0.2134909359375 0.134765625 0.2684489984375 0.158203125 0.864532603125 0.1591796875 0.866646375
0 0.1796875 0.860305059375 0.1826171875 0.866646375 0.1962890625 0.8708739171875 0.203125 0.864532603125 0.205078125 0.3064968890625 0.205078125 0.26422145625 0.203125 0.2092633921875 0.1962890625 0.198694534375 0.1572265625 0.198694534375 0.154296875 0.20503585000000002 0.154296875 0.2388561953125 0.177734375 0.8476224296874999 0.1796875 0.860305059375
0 0.2080078125 0.866646375 0.2119140625 0.8708739171875 0.2216796875 0.8708739171875 0.2265625 0.860305059375 0.2265625 0.7630715640625 0.21484375 0.407957928125 0.2109375 0.3234070609375 0.2080078125 0.317065746875 0.1904296875 0.317065746875 0.1865234375 0.321293290625 0.185546875 0.3234070609375 0.185546875 0.3360896921875 0.205078125 0.8476224296874999 0.2080078125 0.866646375
0 0.2373046875 0.8751014609375 0.2431640625 0.8751014609375 0.25 0.8687601468749999 0.25 0.801119453125 0.236328125 0.34877232187499996 0.234375 0.31917951875 0.2314453125 0.312838203125 0.2138671875 0.317065746875 0.2109375 0.3234070609375 0.2109375 0.344544778125 0.228515625 0.8687601468749999 0.2373046875 0.8751014609375
0 0.251953125 0.864532603125 0.2548828125 0.8708739171875 0.2685546875 0.8708739171875 0.26953125 0.8687601468749999 0.26953125 0.83071225625 0.251953125 0.20503585000000002 0.2490234375 0.17755681875 0.2373046875 0.173329275 0.232421875 0.1796705890625 0.23046875 0.1881256765625 0.23046875 0.20503585000000002 0.25 0.8433948859375 0.251953125 0.864532603125
0 0.2841796875 0.8751014609375 0.287109375 0.8687601468749999 0.2890625 0.8476224296874999 0.28515625 0.695430871875 0.2822265625 0.6806344703125 0.2685546875 0.6806344703125 0.265625 0.6869757843750001 0.265625 0.7081135015625 0.271484375 0.8687601468749999 0.2841796875 0.8751014609375
0 0.2646484375 0.6214488640625 0.2802734375 0.6214488640625 0.283203125 0.6151075484375 0.38671875 0.20080830624999998 0.38671875 0.107802353125 0.3798828125 0.093005953125 0.3720703125 0.084550865625 0.3447265625 0.06764069218749999 0.2880859375 0.033820346875000004 0.2685546875 0.025365259374999997 0.2490234375 0.025365259374999997 0.24609375 0.031706575 0.24609375 0.052844290625 0.26171875 0.598197375 0.2646484375 0.6214488640625
0 0.2890625 0.8687601468749999 0.2939453125 0.8751014609375 0.3056640625 0.8751014609375 0.310546875 0.864532603125 0.37890625 0.1965807625 0.37890625 0.175443046875 0.3759765625 0.16910173125 0.3623046875 0.1606466453125 0.2958984375 0.1352813859375 0.2802734375 0.1352813859375 0.2744140625 0.139508928125 0.271484375 0.14585024375 0.271484375 0.171215503125 0.287109375 0.860305059375 0.2890625 0.8687601468749999
0 0.310546875 0.8687601468749999 0.3134765625 0.8751014609375 0.3271484375 0.8751014609375 0.328125 0.8729876890625 0.328125 0.7630715640625 0.322265625 0.1965807625 0.3193359375 0.1902394484375 0.2998046875 0.1902394484375 0.298828125 0.1923532203125 0.296875 0.20080830624999998 0.298828125 0.3234070609375 0.3046875 0.6404728078125 0.310546875 0.8687601468749999
0 0.3349609375 0.8793290046875001 0.3388671875 0.8793290046875001 0.34375 0.8687601468749999 0.34375 0.8518499734375 0.337890625 0.378365125 0.3359375 0.3276346046875 0.3349609375 0.3255208328125 0.3212890625 0.3255208328125 0.3173828125 0.3297483765625 0.31640625 0.3360896921875 0.328125 0.860305059375 0.3310546875 0.8751014609375 0.3349609375 0.8793290046875001
0 0.341796875 0.8349398000000001 0.34375 0.8772152328124999 0.3525390625 0.883556546875 0.3662109375 0.883556546875 0.3671875 0.8814427765625 0.3671875 0.7292512171875 0.359375 0.3318621484375 0.3564453125 0.321293290625 0.3388671875 0.321293290625 0.3359375 0.3276346046875 0.3359375 0.3360896921875 0.33984375 0.7334787609375 0.341796875 0.8349398000000001
0 0.3720703125 0.883556546875 0.3896484375 0.883556546875 0.392578125 0.8687601468749999 0.39453125 0.3022693453125 0.3916015625 0.2959280296875 0.3623046875 0.2959280296875 0.361328125 0.29804180156250004 0.359375 0.3064968890625 0.359375 0.38682021093749996 0.369140625 0.8772152328124999 0.3720703125 0.883556546875
0 0.392578125 0.8814427765625 0.3935546875 0.883556546875 0.4111328125 0.883556546875 0.412109375 0.8814427765625 0.412109375 0.7588440203125 0.40625 0.3699100375 0.4033203125 0.34665855 0.3876953125 0.34665855 0.384765625 0.3529998640625 0.384765625 0.3910477546875 0.390625 0.809574540625 0.392578125 0.8814427765625
0 0.4140625 0.8772152328124999 0.4169921875 0.883556546875 0.4287109375 0.883556546875 0.431640625 0.8772152328124999 0.431640625 0.7926643671875 0.423828125 0.2684489984375 0.4208984375 0.262107684375 0.4072265625 0.262107684375 0.404296875 0.2684489984375 0.404296875 0.3529998640625 0.412109375 0.864532603125 0.4140625 0.8772152328124999
0 0.4345703125 0.892011634375 0.4482421875 0.892011634375 0.44921875 0.8898978625 0.4609375 0.1416227 0.4521484375 0.1310538421875 0.4404296875 0.12259875468749999 0.4248046875 0.12259875468749999 0.421875 0.12894007031250002 0.421875 0.2092633921875 0.431640625 0.8856703187500001 0.4345703125 0.892011634375
0 0.4521484375 0.8877840906250001 0.4638671875 0.8877840906250001 0.46484375 0.8856703187500001 0.46484375 0.581287203125 0.4609375 0.1923532203125 0.4580078125 0.1860119046875 0.4482421875 0.1860119046875 0.443359375 0.1965807625 0.443359375 0.3276346046875 0.44921875 0.8772152328124999 0.4521484375 0.8877840906250001
0 0.466796875 0.8856703187500001 0.4697265625 0.892011634375 0.4794921875 0.896239178125 0.4931640625 0.896239178125 0.498046875 0.8814427765625 0.49609375 0.1585328734375 0.4892578125 0.1521915578125 0.4619140625 0.1564191015625 0.4609375 0.1585328734375 0.4609375 0.3234070609375 0.46484375 0.77152665 0.466796875 0.8856703187500001
0 0.4990234375 0.896239178125 0.5146484375 0.896239178125 0.515625 0.89412540625 0.517578125 0.1585328734375 0.5146484375 0.1521915578125 0.5009765625 0.147964015625 0.49609375 0.1585328734375 0.49609375 0.6151075484375 0.498046875 0.89412540625 0.4990234375 0.896239178125
0 0.5263671875 0.9089218078125001 0.5498046875 0.9089218078125001 0.556640625 0.8983529484374999 0.55859375 0.809574540625 0.5625 0.3234070609375 0.5625 0.1923532203125 0.5595703125 0.1860119046875 0.5498046875 0.1817843609375 0.5205078125 0.1860119046875 0.517578125 0.1923532203125 0.515625 0.20080830624999998 0.515625 0.8898978625 0.5205078125 0.9046942640625 0.5263671875 0.9089218078125001
0 0.5927734375 0.9046942640625 0.6064453125 0.9046942640625 0.609375 0.8983529484374999 0.609375 0.8772152328124999 0.583984375 0.3656824953125 0.58203125 0.340317234375 0.5791015625 0.3339759203125 0.5751953125 0.3297483765625 0.5634765625 0.3339759203125 0.5625 0.3360896921875 0.5625 0.378365125 0.587890625 0.8898978625 0.5927734375 0.9046942640625
0 0.6123046875 0.9046942640625 0.6337890625 0.9046942640625 0.63671875 0.8983529484374999 0.634765625 0.8222571703125 0.611328125 0.3318621484375 0.609375 0.31917951875 0.6064453125 0.312838203125 0.5830078125 0.317065746875 0.580078125 0.3234070609375 0.580078125 0.3318621484375 0.609375 0.8898978625 0.6123046875 0.9046942640625
0 0.6396484375 0.9004667203125001 0.6591796875 0.9004667203125001 0.66015625 0.8983529484374999 0.66015625 0.8687601468749999 0.658203125 0.8222571703125 0.62890625 0.20503585000000002 0.6259765625 0.194466990625 0.6044921875 0.198694534375 0.6015625 0.20503585000000002 0.6015625 0.226173565625 0.63671875 0.8772152328124999 0.6396484375 0.9004667203125001
0 0.6533203125 0.6425865796875 0.6708984375 0.6425865796875 0.673828125 0.6362452656250001 0.673828125 0.6277901781249999 0.65625 0.234628653125 0.6533203125 0.2282873375 0.6357421875 0.23251488125000003 0.630859375 0.24308373906249997 0.630859375 0.2473112828125 0.650390625 0.6362452656250001 0.6533203125 0.6425865796875
0 0.6904296875 0.9089218078125001 0.6962890625 0.91314935 0.7080078125 0.91314935 0.71484375 0.9068080359374999 0.71484375 0.864532603125 0.685546875 0.14585024375 0.6826171875 0.139508928125 0.6669921875 0.139508928125 0.6572265625 0.147964015625 0.6484375 0.166987959375 0.6484375 0.2134909359375 0.6875 0.8983529484374999 0.6904296875 0.9089218078125001
0 0.7197265625 0.91314935 0.7314453125 0.91314935 0.732421875 0.9110355796875 0.732421875 0.8687601468749999 0.728515625 0.7419338468750001 0.703125 0.112029896875 0.7001953125 0.0972334953125 0.6962890625 0.093005953125 0.6923828125 0.093005953125 0.6806640625 0.1014610390625 0.671875 0.12471252656250001 0.669921875 0.13739515625 0.71484375 0.8856703187500001 0.716796875 0.9068080359374999 0.7197265625 0.91314935
0 0.6904296875 0.9089218078125001 0.6962890625 0.91314935 0.7080078125 0.91314935 0.71484375 0.9068080359374999 0.71484375 0.864532603125 0.685546875 0.14585024375 0.6826171875 0.139508928125 0.6669921875 0.139508928125 0.6572265625 0.147964015625 0.6484375 0.166987959375 0.646484375 0.175443046875 0.646484375 0.2134909359375 0.6875 0.8983529484374999 0.6904296875 0.9089218078125001
0 0.7353515625 0.91737689375 0.7724609375 0.91737689375 0.7734375 0.915263121875 0.7734375 0.8772152328124999 0.759765625 0.2388561953125 0.7578125 0.226173565625 0.7548828125 0.21983225156250003 0.7373046875 0.21983225156250003 0.7197265625 0.22405979375 0.7158203125 0.2282873375 0.712890625 0.234628653125 0.712890625 0.2684489984375 0.732421875 0.9110355796875 0.7353515625 0.91737689375
0 0.7783203125 0.9216044374999999 0.7939453125 0.92583198125 0.8056640625 0.92583198125 0.810546875 0.915263121875 0.806640625 0.112029896875 0.8037109375 0.1056885828125 0.7802734375 0.1056885828125 0.7646484375 0.109916125 0.7353515625 0.143736471875 0.732421875 0.1500777875 0.73046875 0.1585328734375 0.73046875 0.2092633921875 0.7734375 0.9068080359374999 0.7783203125 0.9216044374999999
0 0.8125 0.923718209375 0.8173828125 0.9300595234375001 0.8525390625 0.9342870671875 0.857421875 0.9279457515624999 0.859375 0.8856703187500001 0.876953125 0.107802353125 0.8720703125 0.1014610390625 0.8544921875 0.1014610390625 0.8232421875 0.1056885828125 0.8134765625 0.109916125 0.8095703125 0.11414366875 0.806640625 0.12048498437499999 0.806640625 0.281131628125 0.810546875 0.8898978625 0.8125 0.923718209375
0 0.8662109375 0.91737689375 0.8759765625 0.9216044374999999 0.8994140625 0.9216044374999999 0.900390625 0.9194906656249999 0.90234375 0.8856703187500001 0.90625 0.7334787609375 0.921875 0.07820955156250001 0.921875 0.0105688578125 0.9189453125 0.00422754375 0.8916015625 0.00422754375 0.8779296875 0.012682629687499999 0.853515625 0.040161660937499996 0.8515625 0.052844290625 0.861328125 0.8856703187500001 0.86328125 0.9068080359374999 0.8662109375 0.91737689375