1 0.2548828125 0.62567640625 0.255859375 0.6235626359374999 0.255859375 0.5855147453125 0.2548828125 0.5834009734375 0.2255859375 0.5834009734375 0.224609375 0.5855147453125 0.224609375 0.6235626359374999 0.2255859375 0.62567640625 0.2548828125 0.62567640625
1 0.2822265625 0.63413149375 0.28515625 0.6277901781249999 0.28515625 0.5939698328125 0.2822265625 0.5876285171875 0.2587890625 0.5876285171875 0.255859375 0.5939698328125 0.255859375 0.6320177218749999 0.2568359375 0.63413149375 0.2822265625 0.63413149375
1 0.3095703125 0.62990395 0.310546875 0.6277901781249999 0.310546875 0.5897422890625 0.3076171875 0.5834009734375 0.2958984375 0.5834009734375 0.2880859375 0.5876285171875 0.287109375 0.5897422890625 0.287109375 0.6277901781249999 0.2900390625 0.63413149375 0.3095703125 0.62990395
1 0.3193359375 0.6383590375 0.3330078125 0.63413149375 0.333984375 0.6320177218749999 0.333984375 0.5939698328125 0.3330078125 0.5918560609375 0.3173828125 0.5918560609375 0.3134765625 0.5960836031250001 0.3125 0.598197375 0.3125 0.6362452656250001 0.3134765625 0.6383590375 0.3193359375 0.6383590375
1 0.3779296875 0.6425865796875 0.37890625 0.6404728078125 0.37890625 0.598197375 0.3779296875 0.5960836031250001 0.3642578125 0.5960836031250001 0.36328125 0.598197375 0.361328125 0.6066524624999999 0.36328125 0.6404728078125 0.3642578125 0.6425865796875 0.3779296875 0.6425865796875
1 0.3876953125 0.6468141234375 0.3916015625 0.6468141234375 0.412109375 0.6362452656250001 0.412109375 0.598197375 0.4111328125 0.5960836031250001 0.3876953125 0.5960836031250001 0.3828125 0.6066524624999999 0.380859375 0.6235626359374999 0.380859375 0.6404728078125 0.3818359375 0.6425865796875 0.3876953125 0.6468141234375
1 0.4404296875 0.6468141234375 0.44140625 0.6447003515625 0.44140625 0.6024249187499999 0.4384765625 0.5960836031250001 0.4267578125 0.5960836031250001 0.4189453125 0.600311146875 0.416015625 0.6066524624999999 0.4140625 0.6151075484375 0.4140625 0.6404728078125 0.4169921875 0.6510416671875 0.4404296875 0.6468141234375
1 0.4658203125 0.6510416671875 0.470703125 0.6447003515625 0.46875 0.6066524624999999 0.4658203125 0.600311146875 0.4462890625 0.604538690625 0.443359375 0.6108800046875 0.443359375 0.6447003515625 0.4462890625 0.655269209375 0.4658203125 0.6510416671875
1 0.4951171875 0.655269209375 0.5224609375 0.6468141234375 0.52734375 0.6404728078125 0.52734375 0.6151075484375 0.5244140625 0.5960836031250001 0.5146484375 0.5960836031250001 0.4814453125 0.608766234375 0.478515625 0.6151075484375 0.48046875 0.6447003515625 0.4833984375 0.655269209375 0.4951171875 0.655269209375
1 0.5341796875 0.663724296875 0.5380859375 0.663724296875 0.55859375 0.6531554390625 0.55859375 0.6362452656250001 0.556640625 0.6108800046875 0.5537109375 0.604538690625 0.5302734375 0.6129937765625 0.529296875 0.6151075484375 0.529296875 0.6320177218749999 0.53125 0.6531554390625 0.5341796875 0.663724296875
1 0.5634765625 0.663724296875 0.5732421875 0.663724296875 0.57421875 0.6616105250000001 0.57421875 0.6447003515625 0.572265625 0.6235626359374999 0.5693359375 0.6172213203125 0.5595703125 0.6172213203125 0.55859375 0.6193350921875 0.55859375 0.6362452656250001 0.560546875 0.6573829812499999 0.5634765625 0.663724296875
1 0.5771484375 0.663724296875 0.5810546875 0.663724296875 0.5927734375 0.659496753125 0.59375 0.6573829812499999 0.59375 0.6404728078125 0.591796875 0.6151075484375 0.5888671875 0.608766234375 0.5810546875 0.608766234375 0.5751953125 0.6129937765625 0.572265625 0.6193350921875 0.57421875 0.6489278953125 0.576171875 0.6616105250000001 0.5771484375 0.663724296875
1 0.5986328125 0.663724296875 0.6123046875 0.659496753125 0.615234375 0.6531554390625 0.611328125 0.6151075484375 0.6103515625 0.6129937765625 0.5966796875 0.6129937765625 0.59375 0.6193350921875 0.59375 0.6362452656250001 0.595703125 0.6573829812499999 0.5986328125 0.663724296875
1 0.6318359375 0.6764069265625 0.6435546875 0.6721793828125 0.650390625 0.6658380687500001 0.650390625 0.6447003515625 0.6474609375 0.6214488640625 0.6162109375 0.62990395 0.615234375 0.6320177218749999 0.615234375 0.6447003515625 0.6201171875 0.6764069265625 0.6318359375 0.6764069265625
1 0.6962890625 0.6764069265625 0.7080078125 0.6764069265625 0.7216796875 0.6721793828125 0.724609375 0.6658380687500001 0.724609375 0.6404728078125 0.72265625 0.6235626359374999 0.7197265625 0.6172213203125 0.6943359375 0.62567640625 0.69140625 0.6320177218749999 0.69140625 0.6489278953125 0.693359375 0.6700656109375001 0.6962890625 0.6764069265625
1 0.7294921875 0.6764069265625 0.7431640625 0.6764069265625 0.7568359375 0.6721793828125 0.7578125 0.6700656109375001 0.7578125 0.6447003515625 0.7548828125 0.6214488640625 0.7412109375 0.6214488640625 0.7314453125 0.62567640625 0.7275390625 0.62990395 0.7265625 0.6320177218749999 0.7265625 0.6404728078125 0.728515625 0.6742931546875 0.7294921875 0.6764069265625
1 0.7646484375 0.68908955625 0.7822265625 0.68908955625 0.79296875 0.682748240625 0.791015625 0.6447003515625 0.7880859375 0.63413149375 0.7607421875 0.6383590375 0.7578125 0.6447003515625 0.7578125 0.6531554390625 0.759765625 0.6742931546875 0.7646484375 0.68908955625
1 0.7978515625 0.6848620125 0.8291015625 0.6806344703125 0.8427734375 0.6764069265625 0.84375 0.6742931546875 0.8388671875 0.62567640625 0.8154296875 0.62567640625 0.7939453125 0.62990395 0.791015625 0.6362452656250001 0.791015625 0.6489278953125 0.79296875 0.6700656109375001 0.7978515625 0.6848620125
1 0.8486328125 0.6933171 0.8662109375 0.68908955625 0.87890625 0.682748240625 0.87890625 0.6658380687500001 0.876953125 0.6404728078125 0.8740234375 0.63413149375 0.8505859375 0.6383590375 0.8447265625 0.6425865796875 0.84375 0.6447003515625 0.84375 0.6658380687500001 0.845703125 0.6869757843750001 0.8486328125 0.6933171
1 0.8974609375 0.6975446421875 0.9169921875 0.6975446421875 0.927734375 0.6912033281250001 0.92578125 0.6616105250000001 0.923828125 0.6489278953125 0.9208984375 0.6425865796875 0.9033203125 0.6425865796875 0.8896484375 0.6468141234375 0.88671875 0.6531554390625 0.888671875 0.6742931546875 0.8935546875 0.6933171 0.8974609375 0.6975446421875
0 0.2294921875 0.7651853359375 0.2529296875 0.7651853359375 0.255859375 0.7588440203125 0.255859375 0.251538825 0.2509765625 0.2409699671875 0.2275390625 0.2409699671875 0.224609375 0.2473112828125 0.224609375 0.6658380687500001 0.2265625 0.7588440203125 0.2294921875 0.7651853359375
0 0.2822265625 0.769412878125 0.28515625 0.7630715640625 0.287109375 0.7419338468750001 0.28515625 0.27267654218750004 0.2802734375 0.262107684375 0.2763671875 0.25788014062500003 0.2666015625 0.25788014062500003 0.2568359375 0.262107684375 0.25390625 0.2684489984375 0.255859375 0.7630715640625 0.2587890625 0.769412878125 0.2822265625 0.769412878125
0 0.2919921875 0.769412878125 0.3095703125 0.769412878125 0.3125 0.7630715640625 0.3125 0.695430871875 0.306640625 0.26422145625 0.3056640625 0.262107684375 0.2958984375 0.262107684375 0.2880859375 0.26633522656249997 0.28515625 0.27267654218750004 0.28515625 0.41218547031249997 0.2890625 0.7630715640625 0.2919921875 0.769412878125
0 0.3173828125 0.7778679656249999 0.3271484375 0.7778679656249999 0.337890625 0.77152665 0.3359375 0.25999391250000004 0.3291015625 0.2494250546875 0.3193359375 0.2494250546875 0.3076171875 0.25365259687499997 0.306640625 0.25576636875 0.306640625 0.37413758124999996 0.3125 0.77152665 0.3173828125 0.7778679656249999
0 0.3408203125 0.7778679656249999 0.3583984375 0.7778679656249999 0.36328125 0.77152665 0.3671875 0.293814259375 0.365234375 0.28535917187500004 0.3603515625 0.2747903140625 0.3564453125 0.2705627703125 0.3505859375 0.26633522656249997 0.3369140625 0.2705627703125 0.3359375 0.27267654218750004 0.3359375 0.7419338468750001 0.337890625 0.77152665 0.3408203125 0.7778679656249999
0 0.36328125 0.746161390625 0.365234375 0.77575419375 0.3740234375 0.782095509375 0.3798828125 0.782095509375 0.3828125 0.77575419375 0.3828125 0.6996584140625 0.373046875 0.36145495156249996 0.37109375 0.3234070609375 0.3681640625 0.317065746875 0.3603515625 0.317065746875 0.357421875 0.3234070609375 0.357421875 0.395275296875 0.359375 0.5601494859375 0.36328125 0.746161390625
0 0.3896484375 0.7863230515625 0.4130859375 0.7863230515625 0.419921875 0.77575419375 0.419921875 0.7672991078125 0.4140625 0.6151075484375 0.3984375 0.281131628125 0.3935546875 0.26633522656249997 0.3720703125 0.26633522656249997 0.369140625 0.27267654218750004 0.3671875 0.281131628125 0.3671875 0.289586715625 0.3828125 0.77575419375 0.3896484375 0.7863230515625
0 0.4140625 0.6531554390625 0.421875 0.7799817375 0.4287109375 0.7905505953125 0.4482421875 0.7905505953125 0.451171875 0.7842092796875 0.451171875 0.7672991078125 0.439453125 0.29804180156250004 0.4267578125 0.2705627703125 0.4091796875 0.2705627703125 0.3994140625 0.2790178578125 0.3984375 0.281131628125 0.3984375 0.31917951875 0.40234375 0.4164130140625 0.4140625 0.6531554390625
0 0.4541015625 0.7947781390624999 0.4736328125 0.7947781390624999 0.478515625 0.7842092796875 0.478515625 0.77152665 0.453125 0.31917951875 0.4462890625 0.3043831171875 0.4306640625 0.3086106609375 0.42578125 0.31917951875 0.42578125 0.34877232187499996 0.451171875 0.7884368234375 0.4541015625 0.7947781390624999
0 0.482421875 0.6869757843750001 0.4921875 0.7926643671875 0.4951171875 0.7990056812499999 0.5224609375 0.7990056812499999 0.5322265625 0.7947781390624999 0.5390625 0.7842092796875 0.5390625 0.750388934375 0.50390625 0.2473112828125 0.501953125 0.234628653125 0.4990234375 0.2282873375 0.4716796875 0.23251488125000003 0.4580078125 0.236742425 0.4521484375 0.2409699671875 0.451171875 0.24308373906249997 0.451171875 0.27267654218750004 0.455078125 0.3276346046875 0.482421875 0.6869757843750001
0 0.541015625 0.77575419375 0.54296875 0.7926643671875 0.5458984375 0.8032332249999999 0.5634765625 0.8032332249999999 0.5703125 0.7968919109375 0.5703125 0.77575419375 0.53515625 0.29804180156250004 0.5302734375 0.2747903140625 0.5126953125 0.2747903140625 0.5087890625 0.2790178578125 0.505859375 0.28535917187500004 0.505859375 0.3276346046875 0.529296875 0.6404728078125 0.541015625 0.77575419375
0 0.572265625 0.7968919109375 0.5771484375 0.8074607687500001 0.5810546875 0.8074607687500001 0.5859375 0.7968919109375 0.5859375 0.7926643671875 0.548828125 0.3276346046875 0.544921875 0.293814259375 0.5439453125 0.2917004875 0.5380859375 0.2917004875 0.53515625 0.29804180156250004 0.53515625 0.3276346046875 0.55859375 0.6447003515625 0.572265625 0.7968919109375
0 0.5859375 0.801119453125 0.5908203125 0.8116883109374999 0.6044921875 0.8074607687500001 0.607421875 0.801119453125 0.607421875 0.7842092796875 0.5703125 0.31072443125000004 0.56640625 0.27267654218750004 0.5634765625 0.25365259687499997 0.5517578125 0.25365259687499997 0.5439453125 0.25788014062500003 0.54296875 0.25999391250000004 0.54296875 0.2769040859375 0.56640625 0.572832115625 0.5859375 0.801119453125
0 0.58984375 0.598197375 0.607421875 0.7968919109375 0.609375 0.8053469968750001 0.6142578125 0.8116883109374999 0.6259765625 0.8074607687500001 0.626953125 0.8053469968750001 0.626953125 0.7926643671875 0.62109375 0.7165685875000001 0.587890625 0.31917951875 0.5859375 0.3064968890625 0.5830078125 0.3001555734375 0.5732421875 0.3043831171875 0.5703125 0.31072443125000004 0.5703125 0.3318621484375 0.572265625 0.36145495156249996 0.58984375 0.598197375
0 0.6298828125 0.8159158546875 0.6474609375 0.8159158546875 0.6572265625 0.8116883109374999 0.662109375 0.8053469968750001 0.662109375 0.7799817375 0.6171875 0.25576636875 0.6142578125 0.2494250546875 0.6083984375 0.2494250546875 0.5908203125 0.25365259687499997 0.5849609375 0.25788014062500003 0.583984375 0.25999391250000004 0.583984375 0.293814259375 0.626953125 0.809574540625 0.6298828125 0.8159158546875
0 0.6640625 0.8053469968750001 0.6669921875 0.8159158546875 0.6748046875 0.8201433984375001 0.6943359375 0.8159158546875 0.701171875 0.8053469968750001 0.701171875 0.7926643671875 0.66015625 0.28535917187500004 0.6552734375 0.262107684375 0.6298828125 0.26633522656249997 0.6220703125 0.2705627703125 0.62109375 0.27267654218750004 0.62109375 0.3022693453125 0.623046875 0.3276346046875 0.6640625 0.8053469968750001
0 0.701171875 0.8053469968750001 0.703125 0.8180296265625 0.7060546875 0.8243709421875 0.7255859375 0.8243709421875 0.7353515625 0.8201433984375001 0.73828125 0.8138020828125001 0.73828125 0.8053469968750001 0.6953125 0.2769040859375 0.6904296875 0.262107684375 0.6669921875 0.26633522656249997 0.6611328125 0.2705627703125 0.66015625 0.27267654218750004 0.66015625 0.29804180156250004 0.662109375 0.3276346046875 0.701171875 0.8053469968750001
0 0.7412109375 0.828598484375 0.7666015625 0.8243709421875 0.771484375 0.8180296265625 0.771484375 0.8053469968750001 0.7265625 0.27267654218750004 0.7236328125 0.26633522656249997 0.7138671875 0.26633522656249997 0.7001953125 0.2705627703125 0.697265625 0.2769040859375 0.697265625 0.3064968890625 0.73828125 0.8180296265625 0.7412109375 0.828598484375
0 0.771484375 0.8138020828125001 0.7763671875 0.8243709421875 0.7802734375 0.828598484375 0.8037109375 0.8243709421875 0.8046875 0.8222571703125 0.8046875 0.8053469968750001 0.796875 0.7038859578125 0.765625 0.3572274078125 0.755859375 0.26422145625 0.7548828125 0.262107684375 0.7333984375 0.262107684375 0.7275390625 0.26633522656249997 0.7265625 0.2684489984375 0.7265625 0.293814259375 0.734375 0.39950284062499997 0.771484375 0.8138020828125001
0 0.8115234375 0.8370535718750001 0.8330078125 0.8370535718750001 0.8525390625 0.832826028125 0.85546875 0.8264847124999999 0.85546875 0.7968919109375 0.80078125 0.175443046875 0.798828125 0.1627604171875 0.7958984375 0.1564191015625 0.7861328125 0.1564191015625 0.7666015625 0.1606466453125 0.7548828125 0.16910173125 0.74609375 0.1881256765625 0.73046875 0.2388561953125 0.728515625 0.2473112828125 0.728515625 0.25576636875 0.806640625 0.8264847124999999 0.8115234375 0.8370535718750001
0 0.84765625 0.7292512171875 0.857421875 0.8264847124999999 0.8623046875 0.832826028125 0.8740234375 0.832826028125 0.8876953125 0.828598484375 0.892578125 0.8222571703125 0.890625 0.7842092796875 0.841796875 0.27267654218750004 0.83984375 0.25999391250000004 0.8369140625 0.25365259687499997 0.8232421875 0.25365259687499997 0.8115234375 0.25788014062500003 0.80859375 0.26422145625 0.80859375 0.2769040859375 0.814453125 0.3529998640625 0.84765625 0.7292512171875
0 0.8994140625 0.8412811140625 0.9287109375 0.8412811140625 0.9365234375 0.8370535718750001 0.939453125 0.83071225625 0.939453125 0.809574540625 0.935546875 0.7630715640625 0.8984375 0.3656824953125 0.88671875 0.25999391250000004 0.8818359375 0.2409699671875 0.8759765625 0.2409699671875 0.8505859375 0.25365259687499997 0.8466796875 0.25788014062500003 0.841796875 0.2684489984375 0.845703125 0.3276346046875 0.89453125 0.8264847124999999 0.8994140625 0.8412811140625
0 0.9443359375 0.8497362015625001 0.9580078125 0.8497362015625001 0.96484375 0.83916734375 0.96484375 0.83071225625 0.94921875 0.6531554390625 0.900390625 0.1500777875 0.8955078125 0.143736471875 0.8916015625 0.143736471875 0.8837890625 0.147964015625 0.8759765625 0.1564191015625 0.8603515625 0.1860119046875 0.841796875 0.226173565625 0.837890625 0.2388561953125 0.837890625 0.2473112828125 0.94140625 0.8433948859375 0.9443359375 0.8497362015625001