1 0.1123046875 0.68908955625 0.115234375 0.682748240625 0.11328125 0.6573829812499999 0.1103515625 0.6425865796875 0.0869140625 0.6425865796875 0.0859375 0.6489278953125 0.087890625 0.6742931546875 0.0908203125 0.68908955625 0.1123046875 0.68908955625
1 0.1337890625 0.7059997296875 0.1552734375 0.7059997296875 0.16015625 0.6996584140625 0.16015625 0.6742931546875 0.1572265625 0.655269209375 0.1220703125 0.655269209375 0.1162109375 0.659496753125 0.115234375 0.6616105250000001 0.115234375 0.6869757843750001 0.1181640625 0.7017721859375 0.1337890625 0.7059997296875
1 0.1669921875 0.714454815625 0.1806640625 0.714454815625 0.189453125 0.7081135015625 0.1875 0.6700656109375001 0.1845703125 0.663724296875 0.1611328125 0.663724296875 0.16015625 0.6658380687500001 0.16015625 0.6869757843750001 0.162109375 0.7038859578125 0.1669921875 0.714454815625
1 0.2099609375 0.7017721859375 0.2138671875 0.7059997296875 0.2314453125 0.7059997296875 0.23828125 0.6996584140625 0.23828125 0.6742931546875 0.236328125 0.6573829812499999 0.2333984375 0.6510416671875 0.2060546875 0.6425865796875 0.205078125 0.6447003515625 0.205078125 0.6785206984375 0.20703125 0.695430871875 0.2099609375 0.7017721859375
1 0.2412109375 0.6975446421875 0.2509765625 0.7017721859375 0.2822265625 0.7017721859375 0.283203125 0.6996584140625 0.283203125 0.6700656109375001 0.28125 0.6573829812499999 0.2783203125 0.6510416671875 0.2373046875 0.6510416671875 0.236328125 0.6531554390625 0.236328125 0.6616105250000001 0.23828125 0.6869757843750001 0.2412109375 0.6975446421875
1 0.3427734375 0.7059997296875 0.345703125 0.6996584140625 0.34375 0.6616105250000001 0.3408203125 0.655269209375 0.2919921875 0.655269209375 0.291015625 0.6573829812499999 0.291015625 0.682748240625 0.2939453125 0.7017721859375 0.3427734375 0.7059997296875
1 0.4013671875 0.7059997296875 0.404296875 0.6996584140625 0.404296875 0.682748240625 0.4013671875 0.655269209375 0.3662109375 0.655269209375 0.36328125 0.6616105250000001 0.365234375 0.7038859578125 0.3662109375 0.7059997296875 0.4013671875 0.7059997296875
1 0.4248046875 0.7102272734375 0.4423828125 0.7059997296875 0.4453125 0.6996584140625 0.4453125 0.6616105250000001 0.4423828125 0.655269209375 0.4052734375 0.655269209375 0.404296875 0.6573829812499999 0.404296875 0.7038859578125 0.4072265625 0.7102272734375 0.4248046875 0.7102272734375
1 0.4482421875 0.714454815625 0.4619140625 0.714454815625 0.46484375 0.7081135015625 0.46484375 0.6658380687500001 0.4638671875 0.663724296875 0.4462890625 0.663724296875 0.4453125 0.6658380687500001 0.4453125 0.7038859578125 0.447265625 0.71234104375 0.4482421875 0.714454815625
1 0.5146484375 0.718682359375 0.5166015625 0.718682359375 0.521484375 0.71234104375 0.5234375 0.6996584140625 0.5234375 0.6742931546875 0.5205078125 0.6679518390625 0.4716796875 0.655269209375 0.470703125 0.6573829812499999 0.470703125 0.6996584140625 0.4736328125 0.7059997296875 0.5146484375 0.718682359375
1 0.5576171875 0.714454815625 0.560546875 0.7081135015625 0.560546875 0.6700656109375001 0.5576171875 0.663724296875 0.5283203125 0.663724296875 0.52734375 0.6658380687500001 0.52734375 0.7081135015625 0.5302734375 0.714454815625 0.5576171875 0.714454815625
1 0.6357421875 0.7313649890625 0.63671875 0.7292512171875 0.63671875 0.682748240625 0.6357421875 0.6806344703125 0.6025390625 0.6806344703125 0.6015625 0.682748240625 0.6015625 0.7292512171875 0.6025390625 0.7313649890625 0.6357421875 0.7313649890625
1 0.6689453125 0.7229099031249999 0.669921875 0.72079613125 0.669921875 0.6742931546875 0.6689453125 0.6721793828125 0.6396484375 0.6721793828125 0.638671875 0.6742931546875 0.638671875 0.7165685875000001 0.6416015625 0.7229099031249999 0.6689453125 0.7229099031249999
1 0.6748046875 0.7355925328125 0.6982421875 0.7355925328125 0.69921875 0.7334787609375 0.701171875 0.725023675 0.701171875 0.6869757843750001 0.7001953125 0.6848620125 0.6708984375 0.6848620125 0.669921875 0.6869757843750001 0.669921875 0.7292512171875 0.6708984375 0.7313649890625 0.6748046875 0.7355925328125
1 0.7060546875 0.739820075 0.7294921875 0.739820075 0.73046875 0.7377063046875 0.732421875 0.695430871875 0.7294921875 0.68908955625 0.7021484375 0.68908955625 0.701171875 0.6912033281250001 0.701171875 0.7334787609375 0.7021484375 0.7355925328125 0.7060546875 0.739820075
1 0.7568359375 0.739820075 0.763671875 0.7334787609375 0.765625 0.72079613125 0.765625 0.6912033281250001 0.7646484375 0.68908955625 0.7392578125 0.6848620125 0.7333984375 0.6848620125 0.732421875 0.6869757843750001 0.73046875 0.725023675 0.7333984375 0.7355925328125 0.7451171875 0.739820075 0.7568359375 0.739820075
1 0.7900390625 0.7355925328125 0.8115234375 0.7355925328125 0.8125 0.7334787609375 0.814453125 0.6996584140625 0.814453125 0.6869757843750001 0.8134765625 0.6848620125 0.7939453125 0.6806344703125 0.7705078125 0.6806344703125 0.76953125 0.682748240625 0.767578125 0.6996584140625 0.767578125 0.7292512171875 0.7685546875 0.7313649890625 0.7900390625 0.7355925328125
1 0.8427734375 0.7313649890625 0.8544921875 0.7271374453125 0.857421875 0.72079613125 0.859375 0.6785206984375 0.8564453125 0.6721793828125 0.8193359375 0.6679518390625 0.81640625 0.6742931546875 0.814453125 0.71234104375 0.8154296875 0.718682359375 0.8251953125 0.7271374453125 0.8427734375 0.7313649890625
1 0.884765625 0.7165685875000001 0.884765625 0.6785206984375 0.8759765625 0.6721793828125 0.8603515625 0.6721793828125 0.859375 0.6742931546875 0.857421875 0.72079613125 0.8603515625 0.7271374453125 0.8818359375 0.7271374453125 0.884765625 0.7165685875000001
1 0.9130859375 0.7271374453125 0.9228515625 0.7271374453125 0.9384765625 0.7229099031249999 0.939453125 0.72079613125 0.94140625 0.71234104375 0.943359375 0.682748240625 0.943359375 0.6700656109375001 0.9423828125 0.6679518390625 0.9072265625 0.6721793828125 0.90625 0.6742931546875 0.904296875 0.682748240625 0.904296875 0.72079613125 0.9052734375 0.7229099031249999 0.9130859375 0.7271374453125
0 0.1064453125 0.832826028125 0.1240234375 0.832826028125 0.126953125 0.8264847124999999 0.126953125 0.809574540625 0.08984375 0.3699100375 0.0888671875 0.367796265625 0.0830078125 0.367796265625 0.0751953125 0.372023809375 0.0634765625 0.3847064390625 0.060546875 0.3910477546875 0.0625 0.42909564375000003 0.103515625 0.8264847124999999 0.1064453125 0.832826028125
0 0.1318359375 0.8370535718750001 0.1533203125 0.8370535718750001 0.1669921875 0.832826028125 0.169921875 0.8264847124999999 0.169921875 0.8138020828125001 0.16015625 0.6658380687500001 0.134765625 0.36145495156249996 0.1298828125 0.34665855 0.1240234375 0.34665855 0.0927734375 0.3635687234375 0.08984375 0.3699100375 0.08984375 0.39950284062499997 0.126953125 0.8264847124999999 0.1318359375 0.8370535718750001
0 0.171875 0.8264847124999999 0.1767578125 0.8370535718750001 0.1962890625 0.8370535718750001 0.19921875 0.83071225625 0.19921875 0.8222571703125 0.16015625 0.31072443125000004 0.1572265625 0.2959280296875 0.1494140625 0.2959280296875 0.1357421875 0.3043831171875 0.1328125 0.31072443125000004 0.1328125 0.3360896921875 0.169921875 0.809574540625 0.171875 0.8264847124999999
0 0.19921875 0.83916734375 0.2060546875 0.8497362015625001 0.2119140625 0.8455086578125 0.216796875 0.8349398000000001 0.216796875 0.8138020828125001 0.197265625 0.53901176875 0.17578125 0.281131628125 0.173828125 0.27267654218750004 0.1689453125 0.262107684375 0.1650390625 0.262107684375 0.1611328125 0.26633522656249997 0.158203125 0.27267654218750004 0.158203125 0.3022693453125 0.181640625 0.6108800046875 0.19921875 0.83916734375
0 0.2216796875 0.8412811140625 0.2373046875 0.8412811140625 0.2451171875 0.8370535718750001 0.248046875 0.83071225625 0.248046875 0.8053469968750001 0.212890625 0.2388561953125 0.2119140625 0.236742425 0.1806640625 0.236742425 0.17578125 0.2473112828125 0.171875 0.25999391250000004 0.171875 0.26422145625 0.216796875 0.83071225625 0.2216796875 0.8412811140625
0 0.25 0.8349398000000001 0.2548828125 0.8455086578125 0.2685546875 0.8539637453125 0.2763671875 0.8539637453125 0.2861328125 0.8455086578125 0.2890625 0.83916734375 0.298828125 0.21771847968750002 0.2939453125 0.20714962187500002 0.2900390625 0.20714962187500002 0.2333984375 0.23251488125000003 0.2158203125 0.24519751093750003 0.208984375 0.25999391250000004 0.208984375 0.26422145625 0.248046875 0.8222571703125 0.25 0.8349398000000001
0 0.291015625 0.83916734375 0.2978515625 0.8539637453125 0.3017578125 0.8581912875000001 0.3330078125 0.86241883125 0.3583984375 0.8581912875000001 0.3662109375 0.8497362015625001 0.369140625 0.8433948859375 0.3984375 0.23040110937499997 0.3955078125 0.22405979375 0.3310546875 0.2156047078125 0.2998046875 0.2282873375 0.2705078125 0.25365259687499997 0.263671875 0.26422145625 0.26171875 0.2769040859375 0.26171875 0.293814259375 0.2890625 0.83071225625 0.291015625 0.83916734375
0 0.37109375 0.8433948859375 0.3779296875 0.8539637453125 0.3916015625 0.8539637453125 0.4052734375 0.8497362015625001 0.408203125 0.83916734375 0.40625 0.750388934375 0.392578125 0.281131628125 0.390625 0.26422145625 0.3876953125 0.25788014062500003 0.3642578125 0.2705627703125 0.3544921875 0.2790178578125 0.3515625 0.28535917187500004 0.3515625 0.3276346046875 0.369140625 0.83071225625 0.37109375 0.8433948859375
0 0.4130859375 0.8539637453125 0.4365234375 0.8539637453125 0.4443359375 0.8497362015625001 0.447265625 0.8433948859375 0.470703125 0.226173565625 0.4697265625 0.22405979375 0.4326171875 0.22405979375 0.3955078125 0.2494250546875 0.392578125 0.25576636875 0.392578125 0.3022693453125 0.408203125 0.8433948859375 0.4130859375 0.8539637453125
0 0.44921875 0.8476224296874999 0.4541015625 0.8539637453125 0.4619140625 0.8539637453125 0.46875 0.8433948859375 0.4765625 0.234628653125 0.4697265625 0.22405979375 0.4404296875 0.25365259687499997 0.4375 0.25999391250000004 0.4375 0.3360896921875 0.447265625 0.809574540625 0.44921875 0.8476224296874999
0 0.470703125 0.83916734375 0.4755859375 0.8497362015625001 0.4951171875 0.8539637453125 0.5224609375 0.8539637453125 0.52734375 0.8433948859375 0.52734375 0.72079613125 0.51953125 0.24308373906249997 0.4892578125 0.21983225156250003 0.4599609375 0.25788014062500003 0.458984375 0.25999391250000004 0.458984375 0.3360896921875 0.46875 0.8222571703125 0.470703125 0.83916734375
0 0.5322265625 0.8581912875000001 0.5419921875 0.86241883125 0.5556640625 0.8581912875000001 0.560546875 0.8476224296874999 0.560546875 0.6024249187499999 0.55859375 0.2473112828125 0.556640625 0.23040110937499997 0.5517578125 0.21983225156250003 0.5478515625 0.2156047078125 0.5400390625 0.21983225156250003 0.5244140625 0.24519751093750003 0.521484375 0.251538825 0.521484375 0.31917951875 0.529296875 0.8518499734375 0.5322265625 0.8581912875000001
0 0.564453125 0.8560775156249999 0.5693359375 0.86241883125 0.5830078125 0.866646375 0.6083984375 0.866646375 0.6318359375 0.86241883125 0.63671875 0.8476224296874999 0.638671875 0.7546164765625 0.640625 0.1331676140625 0.6318359375 0.12682629843749998 0.5615234375 0.12682629843749998 0.560546875 0.12894007031250002 0.55859375 0.2134909359375 0.55859375 0.289586715625 0.5625 0.8476224296874999 0.564453125 0.8560775156249999
0 0.666015625 0.8687601468749999 0.66796875 0.83916734375 0.681640625 0.175443046875 0.681640625 0.107802353125 0.6748046875 0.1014610390625 0.6494140625 0.1056885828125 0.64453125 0.12048498437499999 0.640625 0.4248681 0.63671875 0.860305059375 0.6416015625 0.8751014609375 0.6630859375 0.8751014609375 0.666015625 0.8687601468749999
0 0.6884765625 0.8751014609375 0.6943359375 0.8708739171875 0.697265625 0.864532603125 0.69921875 0.8138020828125001 0.716796875 0.1500777875 0.716796875 0.107802353125 0.7138671875 0.1014610390625 0.6865234375 0.1014610390625 0.681640625 0.11625744062500001 0.671875 0.5770596593749999 0.66796875 0.7968919109375 0.66796875 0.8687601468749999 0.6728515625 0.8751014609375 0.6884765625 0.8751014609375
0 0.7080078125 0.8793290046875001 0.7236328125 0.8751014609375 0.7265625 0.864532603125 0.73046875 0.7799817375 0.75 0.1838981328125 0.751953125 0.10357481093750001 0.7490234375 0.0972334953125 0.7216796875 0.0972334953125 0.716796875 0.10357481093750001 0.703125 0.6320177218749999 0.69921875 0.8138020828125001 0.69921875 0.8687601468749999 0.7021484375 0.8751014609375 0.7080078125 0.8793290046875001
0 0.7529296875 0.8751014609375 0.7578125 0.8687601468749999 0.759765625 0.8560775156249999 0.765625 0.7334787609375 0.7890625 0.1416227 0.7890625 0.0993472671875 0.7880859375 0.0972334953125 0.7548828125 0.0972334953125 0.751953125 0.10357481093750001 0.75 0.11625744062500001 0.734375 0.581287203125 0.7265625 0.860305059375 0.7294921875 0.8708739171875 0.7392578125 0.8751014609375 0.7529296875 0.8751014609375
0 0.7998046875 0.8793290046875001 0.8037109375 0.8751014609375 0.806640625 0.864532603125 0.8125 0.7588440203125 0.837890625 0.20080830624999998 0.837890625 0.1965807625 0.8349609375 0.1902394484375 0.8310546875 0.1860119046875 0.8017578125 0.16910173125 0.7900390625 0.16910173125 0.787109375 0.175443046875 0.77734375 0.3910477546875 0.759765625 0.83071225625 0.759765625 0.864532603125 0.7646484375 0.8751014609375 0.7998046875 0.8793290046875001
0 0.8447265625 0.883556546875 0.8486328125 0.8793290046875001 0.8515625 0.8687601468749999 0.87109375 0.3825926671875 0.8662109375 0.372023809375 0.8544921875 0.3593411796875 0.8349609375 0.34665855 0.830078125 0.3572274078125 0.828125 0.3699100375 0.8125 0.7292512171875 0.80859375 0.864532603125 0.8134765625 0.8751014609375 0.8232421875 0.883556546875 0.8447265625 0.883556546875
0 0.8740234375 0.883556546875 0.876953125 0.8772152328124999 0.880859375 0.8138020828125001 0.908203125 0.14585024375 0.908203125 0.10357481093750001 0.9072265625 0.1014610390625 0.8427734375 0.0972334953125 0.8076171875 0.0972334953125 0.802734375 0.107802353125 0.80078125 0.1627604171875 0.8515625 0.8772152328124999 0.8564453125 0.883556546875 0.8740234375 0.883556546875
0 0.8984375 0.8772152328124999 0.923828125 0.293814259375 0.923828125 0.25999391250000004 0.9208984375 0.25365259687499997 0.9091796875 0.24519751093750003 0.9033203125 0.24519751093750003 0.90234375 0.2473112828125 0.880859375 0.7630715640625 0.876953125 0.8856703187500001 0.8798828125 0.892011634375 0.8935546875 0.892011634375 0.8984375 0.8772152328124999
0 0.8994140625 0.883556546875 0.9072265625 0.8877840906250001 0.9208984375 0.8877840906250001 0.9287109375 0.883556546875 0.931640625 0.8772152328124999 0.93359375 0.8560775156249999 0.96484375 0.31917951875 0.96484375 0.281131628125 0.9619140625 0.2747903140625 0.9462890625 0.262107684375 0.9150390625 0.2494250546875 0.9052734375 0.2494250546875 0.90234375 0.25999391250000004 0.8828125 0.7588440203125 0.8828125 0.809574540625 0.896484375 0.8772152328124999 0.8994140625 0.883556546875