1 0.0947265625 0.7313649890625 0.1015625 0.725023675 0.1015625 0.682748240625 0.0986328125 0.6764069265625 0.0478515625 0.6721793828125 0.046875 0.6742931546875 0.046875 0.725023675 0.0498046875 0.7313649890625 0.0947265625 0.7313649890625
1 0.1337890625 0.7313649890625 0.134765625 0.7292512171875 0.134765625 0.695430871875 0.1298828125 0.6806344703125 0.1259765625 0.6764069265625 0.1044921875 0.6764069265625 0.103515625 0.6785206984375 0.103515625 0.725023675 0.1064453125 0.7313649890625 0.1337890625 0.7313649890625
1 0.1376953125 0.7355925328125 0.1513671875 0.7355925328125 0.1689453125 0.7313649890625 0.169921875 0.7292512171875 0.171875 0.72079613125 0.169921875 0.6742931546875 0.1689453125 0.6721793828125 0.1513671875 0.6721793828125 0.1337890625 0.6764069265625 0.1328125 0.6785206984375 0.1328125 0.6869757843750001 0.134765625 0.7292512171875 0.1376953125 0.7355925328125
1 0.1728515625 0.74404761875 0.2001953125 0.74404761875 0.201171875 0.7419338468750001 0.201171875 0.695430871875 0.1982421875 0.68908955625 0.1708984375 0.68908955625 0.169921875 0.6912033281250001 0.169921875 0.71234104375 0.171875 0.7419338468750001 0.1728515625 0.74404761875
1 0.2197265625 0.75250270625 0.220703125 0.750388934375 0.220703125 0.7165685875000001 0.21875 0.695430871875 0.2177734375 0.6933171 0.2021484375 0.6933171 0.201171875 0.695430871875 0.201171875 0.750388934375 0.2041015625 0.7567302484375 0.2197265625 0.75250270625
1 0.2216796875 0.75250270625 0.2353515625 0.75250270625 0.23828125 0.746161390625 0.23828125 0.695430871875 0.2353515625 0.68908955625 0.2216796875 0.68908955625 0.21875 0.695430871875 0.21875 0.72079613125 0.220703125 0.750388934375 0.2216796875 0.75250270625
1 0.2646484375 0.7482751624999999 0.2802734375 0.74404761875 0.283203125 0.7377063046875 0.28125 0.6869757843750001 0.2802734375 0.6848620125 0.2392578125 0.6848620125 0.23828125 0.6869757843750001 0.23828125 0.7419338468750001 0.2412109375 0.7482751624999999 0.2646484375 0.7482751624999999
1 0.2841796875 0.74404761875 0.3017578125 0.74404761875 0.302734375 0.7419338468750001 0.302734375 0.6869757843750001 0.3017578125 0.6848620125 0.2822265625 0.6848620125 0.28125 0.6869757843750001 0.28125 0.71234104375 0.283203125 0.7419338468750001 0.2841796875 0.74404761875
1 0.3369140625 0.7482751624999999 0.3505859375 0.74404761875 0.35546875 0.7292512171875 0.353515625 0.6869757843750001 0.3525390625 0.6848620125 0.3037109375 0.6848620125 0.302734375 0.6869757843750001 0.302734375 0.72079613125 0.3056640625 0.7482751624999999 0.3369140625 0.7482751624999999
1 0.3974609375 0.74404761875 0.4052734375 0.739820075 0.408203125 0.7334787609375 0.408203125 0.6912033281250001 0.4052734375 0.6806344703125 0.3857421875 0.6806344703125 0.3564453125 0.6848620125 0.35546875 0.6869757843750001 0.35546875 0.7377063046875 0.3583984375 0.7482751624999999 0.3974609375 0.74404761875
1 0.4189453125 0.7482751624999999 0.4404296875 0.7482751624999999 0.443359375 0.7419338468750001 0.443359375 0.7081135015625 0.44140625 0.6869757843750001 0.4404296875 0.6848620125 0.4326171875 0.6848620125 0.4169921875 0.68908955625 0.416015625 0.6912033281250001 0.416015625 0.7377063046875 0.41796875 0.746161390625 0.4189453125 0.7482751624999999
1 0.4638671875 0.74404761875 0.4736328125 0.739820075 0.4765625 0.7334787609375 0.474609375 0.6869757843750001 0.4716796875 0.6806344703125 0.4541015625 0.6806344703125 0.4423828125 0.6848620125 0.44140625 0.6912033281250001 0.443359375 0.7419338468750001 0.4443359375 0.74404761875 0.4638671875 0.74404761875
1 0.4775390625 0.75250270625 0.4951171875 0.75250270625 0.49609375 0.750388934375 0.49609375 0.725023675 0.494140625 0.6912033281250001 0.4931640625 0.68908955625 0.4833984375 0.68908955625 0.4755859375 0.6933171 0.474609375 0.695430871875 0.474609375 0.7165685875000001 0.4765625 0.750388934375 0.4775390625 0.75250270625
1 0.4990234375 0.7567302484375 0.5107421875 0.7567302484375 0.5166015625 0.75250270625 0.517578125 0.750388934375 0.517578125 0.695430871875 0.5166015625 0.6933171 0.4951171875 0.6933171 0.494140625 0.695430871875 0.494140625 0.7038859578125 0.49609375 0.750388934375 0.4990234375 0.7567302484375
1 0.5654296875 0.7609577921875 0.5791015625 0.7567302484375 0.583984375 0.750388934375 0.583984375 0.7334787609375 0.58203125 0.695430871875 0.5810546875 0.6933171 0.5458984375 0.6975446421875 0.544921875 0.6996584140625 0.544921875 0.746161390625 0.5498046875 0.7609577921875 0.5654296875 0.7609577921875
1 0.5888671875 0.769412878125 0.6103515625 0.769412878125 0.61328125 0.7630715640625 0.61328125 0.71234104375 0.6103515625 0.7059997296875 0.5869140625 0.7102272734375 0.5859375 0.71234104375 0.5859375 0.746161390625 0.587890625 0.7672991078125 0.5888671875 0.769412878125
1 0.6337890625 0.7609577921875 0.6494140625 0.7567302484375 0.650390625 0.7546164765625 0.65234375 0.7419338468750001 0.650390625 0.695430871875 0.6494140625 0.6933171 0.6162109375 0.6933171 0.61328125 0.6996584140625 0.61328125 0.7419338468750001 0.6162109375 0.7609577921875 0.6337890625 0.7609577921875
1 0.6708984375 0.75250270625 0.6787109375 0.7482751624999999 0.6796875 0.746161390625 0.6796875 0.7038859578125 0.677734375 0.6912033281250001 0.6767578125 0.68908955625 0.6533203125 0.68908955625 0.650390625 0.695430871875 0.65234375 0.750388934375 0.6533203125 0.75250270625 0.6708984375 0.75250270625
1 0.7041015625 0.7609577921875 0.716796875 0.7546164765625 0.71875 0.746161390625 0.716796875 0.695430871875 0.7138671875 0.68908955625 0.6806640625 0.7017721859375 0.6796875 0.7038859578125 0.6796875 0.7546164765625 0.6826171875 0.7609577921875 0.7041015625 0.7609577921875
1 0.7216796875 0.7567302484375 0.7509765625 0.7567302484375 0.755859375 0.750388934375 0.755859375 0.6912033281250001 0.7548828125 0.68908955625 0.7197265625 0.68908955625 0.716796875 0.695430871875 0.716796875 0.7292512171875 0.71875 0.750388934375 0.7216796875 0.7567302484375
1 0.7978515625 0.7567302484375 0.798828125 0.7546164765625 0.798828125 0.695430871875 0.7958984375 0.68908955625 0.7587890625 0.68908955625 0.7578125 0.6912033281250001 0.7578125 0.750388934375 0.7607421875 0.7567302484375 0.7978515625 0.7567302484375
1 0.8056640625 0.7609577921875 0.8291015625 0.7609577921875 0.8505859375 0.7567302484375 0.853515625 0.750388934375 0.853515625 0.695430871875 0.8505859375 0.68908955625 0.7998046875 0.6933171 0.798828125 0.695430871875 0.798828125 0.746161390625 0.80078125 0.7546164765625 0.8056640625 0.7609577921875
1 0.9091796875 0.7651853359375 0.9306640625 0.7609577921875 0.93359375 0.7546164765625 0.93359375 0.6996584140625 0.9326171875 0.6975446421875 0.9267578125 0.6933171 0.9228515625 0.6933171 0.8681640625 0.6975446421875 0.8642578125 0.7017721859375 0.86328125 0.7038859578125 0.86328125 0.7588440203125 0.8662109375 0.7651853359375 0.9091796875 0.7651853359375
0 0.0537109375 0.9004667203125001 0.0712890625 0.9046942640625 0.0986328125 0.9046942640625 0.10546875 0.89412540625 0.10546875 0.83071225625 0.1015625 0.6785206984375 0.087890625 0.2769040859375 0.0849609375 0.2705627703125 0.0341796875 0.2705627703125 0.033203125 0.27267654218750004 0.033203125 0.3234070609375 0.052734375 0.8983529484374999 0.0537109375 0.9004667203125001
0 0.109375 0.8983529484374999 0.1123046875 0.9046942640625 0.1376953125 0.9046942640625 0.140625 0.8983529484374999 0.15625 0.2769040859375 0.1533203125 0.2705627703125 0.1435546875 0.26633522656249997 0.1240234375 0.262107684375 0.0927734375 0.262107684375 0.08984375 0.2684489984375 0.08984375 0.289586715625 0.107421875 0.8687601468749999 0.109375 0.8983529484374999
0 0.1455078125 0.9089218078125001 0.1533203125 0.91314935 0.1708984375 0.91314935 0.177734375 0.9025804921875 0.177734375 0.8898978625 0.158203125 0.3022693453125 0.1552734375 0.2959280296875 0.1259765625 0.2959280296875 0.1201171875 0.3001555734375 0.119140625 0.3022693453125 0.119140625 0.340317234375 0.140625 0.89412540625 0.1455078125 0.9089218078125001
0 0.177734375 0.9068080359374999 0.1826171875 0.91737689375 0.2021484375 0.91737689375 0.20703125 0.9068080359374999 0.20703125 0.8898978625 0.1875 0.26422145625 0.1845703125 0.236742425 0.1591796875 0.236742425 0.15625 0.24308373906249997 0.15625 0.28535917187500004 0.17578125 0.8772152328124999 0.177734375 0.9068080359374999
0 0.20703125 0.9194906656249999 0.2080078125 0.9216044374999999 0.2197265625 0.9216044374999999 0.2265625 0.915263121875 0.2265625 0.8983529484374999 0.203125 0.1543053296875 0.2001953125 0.147964015625 0.1845703125 0.147964015625 0.18359375 0.1500777875 0.18359375 0.1796705890625 0.205078125 0.8898978625 0.20703125 0.9194906656249999
0 0.2275390625 0.9216044374999999 0.2392578125 0.9216044374999999 0.2421875 0.915263121875 0.2421875 0.8729876890625 0.23828125 0.7630715640625 0.236328125 0.7419338468750001 0.228515625 0.7165685875000001 0.2236328125 0.7059997296875 0.220703125 0.71234104375 0.220703125 0.77575419375 0.2265625 0.9194906656249999 0.2275390625 0.9216044374999999
0 0.21875 0.6869757843750001 0.2216796875 0.6975446421875 0.2333984375 0.6975446421875 0.236328125 0.6912033281250001 0.236328125 0.682748240625 0.228515625 0.1543053296875 0.2255859375 0.147964015625 0.2041015625 0.147964015625 0.203125 0.1500777875 0.203125 0.20080830624999998 0.205078125 0.293814259375 0.21875 0.6869757843750001
0 0.244140625 0.915263121875 0.2470703125 0.9216044374999999 0.2548828125 0.92583198125 0.2841796875 0.9216044374999999 0.287109375 0.915263121875 0.287109375 0.8983529484374999 0.271484375 0.3234070609375 0.26953125 0.3022693453125 0.2666015625 0.2959280296875 0.2255859375 0.3001555734375 0.224609375 0.3022693453125 0.224609375 0.3276346046875 0.2421875 0.8983529484374999 0.244140625 0.915263121875
0 0.2919921875 0.9216044374999999 0.3037109375 0.9216044374999999 0.30859375 0.9068080359374999 0.291015625 0.289586715625 0.2880859375 0.2747903140625 0.2724609375 0.2747903140625 0.271484375 0.2769040859375 0.26953125 0.28535917187500004 0.26953125 0.314951975 0.287109375 0.9110355796875 0.2919921875 0.9216044374999999
0 0.30859375 0.923718209375 0.3154296875 0.9342870671875 0.3505859375 0.9300595234375001 0.357421875 0.9194906656249999 0.359375 0.9068080359374999 0.359375 0.8898978625 0.35546875 0.6912033281250001 0.33984375 0.251538825 0.3369140625 0.24519751093750003 0.3115234375 0.24519751093750003 0.2919921875 0.2494250546875 0.2880859375 0.25365259687499997 0.287109375 0.25576636875 0.287109375 0.26422145625 0.306640625 0.9068080359374999 0.30859375 0.923718209375
0 0.361328125 0.9194906656249999 0.3681640625 0.9300595234375001 0.3935546875 0.9300595234375001 0.4072265625 0.92583198125 0.4150390625 0.9216044374999999 0.419921875 0.9110355796875 0.419921875 0.8433948859375 0.404296875 0.1881256765625 0.40234375 0.1796705890625 0.3974609375 0.16910173125 0.3935546875 0.1648741890625 0.3388671875 0.16910173125 0.3310546875 0.173329275 0.330078125 0.175443046875 0.330078125 0.1838981328125 0.353515625 0.77575419375 0.361328125 0.9194906656249999
0 0.421875 0.9025804921875 0.423828125 0.915263121875 0.4267578125 0.9216044374999999 0.4443359375 0.9216044374999999 0.44921875 0.9110355796875 0.44921875 0.9068080359374999 0.439453125 0.2473112828125 0.4287109375 0.236742425 0.4072265625 0.236742425 0.40234375 0.2473112828125 0.40234375 0.31072443125000004 0.4140625 0.7165685875000001 0.421875 0.9025804921875
0 0.44921875 0.9194906656249999 0.4541015625 0.92583198125 0.4755859375 0.92583198125 0.48046875 0.9194906656249999 0.5 0.281131628125 0.4619140625 0.25365259687499997 0.4345703125 0.25365259687499997 0.4306640625 0.25788014062500003 0.4296875 0.25999391250000004 0.4296875 0.3360896921875 0.447265625 0.8983529484374999 0.44921875 0.9194906656249999
0 0.48046875 0.8814427765625 0.482421875 0.915263121875 0.4853515625 0.9216044374999999 0.4970703125 0.92583198125 0.5 0.9194906656249999 0.5 0.8518499734375 0.484375 0.3825926671875 0.482421875 0.3529998640625 0.4794921875 0.34665855 0.4658203125 0.35088609375 0.46484375 0.3529998640625 0.46484375 0.3910477546875 0.466796875 0.462915990625 0.48046875 0.8814427765625
0 0.5048828125 0.92583198125 0.5224609375 0.92583198125 0.5234375 0.923718209375 0.5234375 0.8983529484374999 0.50390625 0.3064968890625 0.5029296875 0.3043831171875 0.4873046875 0.3043831171875 0.4833984375 0.3086106609375 0.482421875 0.31072443125000004 0.482421875 0.36145495156249996 0.501953125 0.9194906656249999 0.5048828125 0.92583198125
0 0.5234375 0.923718209375 0.5263671875 0.9300595234375001 0.5439453125 0.9342870671875 0.548828125 0.9279457515624999 0.544921875 0.25576636875 0.5322265625 0.2113771640625 0.5048828125 0.2113771640625 0.5 0.2219460234375 0.5 0.234628653125 0.517578125 0.77575419375 0.5234375 0.923718209375
0 0.55078125 0.9279457515624999 0.5556640625 0.9385146109375 0.5751953125 0.942742153125 0.5849609375 0.9385146109375 0.587890625 0.9279457515624999 0.587890625 0.8856703187500001 0.572265625 0.28535917187500004 0.5693359375 0.2747903140625 0.5517578125 0.2747903140625 0.5380859375 0.2790178578125 0.53515625 0.28535917187500004 0.53515625 0.3572274078125 0.548828125 0.89412540625 0.55078125 0.9279457515624999
0 0.58984375 0.9321732953125 0.5927734375 0.9385146109375 0.6005859375 0.942742153125 0.6064453125 0.942742153125 0.615234375 0.9364008390624999 0.6171875 0.9279457515624999 0.6171875 0.8983529484374999 0.609375 0.53901176875 0.6015625 0.27267654218750004 0.599609375 0.25999391250000004 0.5966796875 0.25365259687499997 0.5791015625 0.25365259687499997 0.576171875 0.25999391250000004 0.572265625 0.27267654218750004 0.572265625 0.29804180156250004 0.587890625 0.915263121875 0.58984375 0.9321732953125
0 0.6259765625 0.946969696875 0.6494140625 0.946969696875 0.65625 0.9406283828124999 0.65625 0.89412540625 0.640625 0.2388561953125 0.638671875 0.226173565625 0.6357421875 0.21983225156250003 0.6259765625 0.21983225156250003 0.6123046875 0.22405979375 0.6044921875 0.2282873375 0.6015625 0.234628653125 0.599609375 0.26422145625 0.6171875 0.9068080359374999 0.62109375 0.9364008390624999 0.6259765625 0.946969696875
0 0.6591796875 0.942742153125 0.6806640625 0.942742153125 0.68359375 0.9364008390624999 0.68359375 0.8476224296874999 0.669921875 0.3022693453125 0.6669921875 0.2917004875 0.6455078125 0.2917004875 0.64453125 0.293814259375 0.642578125 0.3022693453125 0.642578125 0.3656824953125 0.65625 0.9279457515624999 0.6591796875 0.942742153125
0 0.685546875 0.9364008390624999 0.6884765625 0.942742153125 0.7177734375 0.942742153125 0.720703125 0.9364008390624999 0.720703125 0.860305059375 0.708984375 0.226173565625 0.70703125 0.2134909359375 0.7041015625 0.20714962187500002 0.6806640625 0.20714962187500002 0.6728515625 0.2113771640625 0.666015625 0.226173565625 0.666015625 0.2769040859375 0.68359375 0.9068080359374999 0.685546875 0.9364008390624999
0 0.72265625 0.9364008390624999 0.7294921875 0.9511972406250001 0.7333984375 0.9554247828125 0.7451171875 0.9554247828125 0.7578125 0.944855925 0.7578125 0.7672991078125 0.75390625 0.21771847968750002 0.7509765625 0.2113771640625 0.7119140625 0.2156047078125 0.708984375 0.2219460234375 0.708984375 0.314951975 0.71875 0.8053469968750001 0.72265625 0.9364008390624999
0 0.7646484375 0.9554247828125 0.7802734375 0.9638798703125 0.7958984375 0.9596523265625001 0.80078125 0.9490834687499999 0.796875 0.340317234375 0.79296875 0.281131628125 0.7900390625 0.2747903140625 0.7548828125 0.2705627703125 0.75390625 0.27267654218750004 0.75390625 0.4460058171875 0.759765625 0.9406283828124999 0.7646484375 0.9554247828125
0 0.8056640625 0.9511972406250001 0.8251953125 0.9554247828125 0.8486328125 0.9511972406250001 0.853515625 0.9406283828124999 0.853515625 0.1923532203125 0.8466796875 0.1817843609375 0.7880859375 0.1860119046875 0.7587890625 0.20714962187500002 0.755859375 0.2134909359375 0.75390625 0.234628653125 0.75390625 0.25999391250000004 0.802734375 0.944855925 0.8056640625 0.9511972406250001
0 0.8623046875 0.9554247828125 0.9150390625 0.9554247828125 0.9306640625 0.9511972406250001 0.9365234375 0.946969696875 0.939453125 0.9406283828124999 0.9609375 0.13739515625 0.95703125 0.12048498437499999 0.9541015625 0.11414366875 0.9482421875 0.109916125 0.8544921875 0.1183712125 0.7998046875 0.1606466453125 0.7919921875 0.16910173125 0.7890625 0.175443046875 0.85546875 0.9406283828124999 0.857421875 0.9490834687499999 0.8623046875 0.9554247828125