1 0.0458984375 0.63413149375 0.05859375 0.6277901781249999 0.05859375 0.581287203125 0.0556640625 0.5749458875 0.0205078125 0.5749458875 0.01953125 0.5770596593749999 0.01953125 0.6277901781249999 0.0224609375 0.63413149375 0.0458984375 0.63413149375
1 0.0771484375 0.6425865796875 0.0888671875 0.6425865796875 0.1083984375 0.6383590375 0.111328125 0.6320177218749999 0.109375 0.5855147453125 0.1083984375 0.5834009734375 0.0595703125 0.57917343125 0.05859375 0.581287203125 0.05859375 0.6320177218749999 0.0615234375 0.6383590375 0.0771484375 0.6425865796875
1 0.1142578125 0.6383590375 0.1357421875 0.6383590375 0.140625 0.6320177218749999 0.140625 0.5855147453125 0.1376953125 0.57917343125 0.1123046875 0.57917343125 0.109375 0.5855147453125 0.109375 0.6193350921875 0.111328125 0.6320177218749999 0.1142578125 0.6383590375
1 0.1552734375 0.6425865796875 0.1650390625 0.6425865796875 0.1728515625 0.6383590375 0.17578125 0.6320177218749999 0.17578125 0.5855147453125 0.1748046875 0.5834009734375 0.1435546875 0.5834009734375 0.140625 0.5897422890625 0.140625 0.6320177218749999 0.1435546875 0.6383590375 0.1552734375 0.6425865796875
1 0.2001953125 0.6510416671875 0.203125 0.6447003515625 0.203125 0.598197375 0.2001953125 0.5918560609375 0.1767578125 0.5918560609375 0.17578125 0.5939698328125 0.17578125 0.6447003515625 0.1845703125 0.6510416671875 0.2001953125 0.6510416671875
1 0.2470703125 0.6468141234375 0.251953125 0.6362452656250001 0.251953125 0.5939698328125 0.2490234375 0.5876285171875 0.2158203125 0.5876285171875 0.212890625 0.5939698328125 0.212890625 0.6404728078125 0.2158203125 0.6468141234375 0.2470703125 0.6468141234375
1 0.2705078125 0.6425865796875 0.271484375 0.6404728078125 0.271484375 0.5897422890625 0.2705078125 0.5876285171875 0.2529296875 0.5918560609375 0.251953125 0.5939698328125 0.251953125 0.6404728078125 0.2529296875 0.6425865796875 0.2705078125 0.6425865796875
1 0.2998046875 0.6425865796875 0.30078125 0.6404728078125 0.30078125 0.5897422890625 0.2998046875 0.5876285171875 0.2744140625 0.5876285171875 0.271484375 0.5939698328125 0.271484375 0.6362452656250001 0.2744140625 0.6425865796875 0.2998046875 0.6425865796875
1 0.3154296875 0.6425865796875 0.3232421875 0.6425865796875 0.328125 0.6277901781249999 0.328125 0.5897422890625 0.3271484375 0.5876285171875 0.3037109375 0.5876285171875 0.302734375 0.5897422890625 0.30078125 0.6066524624999999 0.30078125 0.6362452656250001 0.3017578125 0.6383590375 0.3154296875 0.6425865796875
1 0.3603515625 0.6468141234375 0.361328125 0.6447003515625 0.36328125 0.598197375 0.3603515625 0.5918560609375 0.3310546875 0.5918560609375 0.330078125 0.5939698328125 0.328125 0.6024249187499999 0.328125 0.6404728078125 0.3310546875 0.6468141234375 0.3603515625 0.6468141234375
1 0.4013671875 0.655269209375 0.4140625 0.6489278953125 0.4140625 0.6024249187499999 0.4111328125 0.5960836031250001 0.3779296875 0.600311146875 0.373046875 0.6108800046875 0.373046875 0.6489278953125 0.3759765625 0.655269209375 0.4013671875 0.655269209375
1 0.4521484375 0.655269209375 0.4638671875 0.6510416671875 0.466796875 0.6447003515625 0.46484375 0.5939698328125 0.4638671875 0.5918560609375 0.4189453125 0.600311146875 0.41796875 0.6024249187499999 0.41796875 0.6531554390625 0.4189453125 0.655269209375 0.4521484375 0.655269209375
1 0.4873046875 0.659496753125 0.5009765625 0.655269209375 0.50390625 0.6489278953125 0.50390625 0.6320177218749999 0.501953125 0.6066524624999999 0.4990234375 0.600311146875 0.4677734375 0.604538690625 0.466796875 0.6066524624999999 0.466796875 0.6573829812499999 0.4677734375 0.659496753125 0.4873046875 0.659496753125
1 0.5283203125 0.663724296875 0.53515625 0.6531554390625 0.53515625 0.6320177218749999 0.5322265625 0.608766234375 0.5048828125 0.608766234375 0.50390625 0.6108800046875 0.50390625 0.6531554390625 0.5068359375 0.663724296875 0.5283203125 0.663724296875
1 0.5634765625 0.663724296875 0.56640625 0.6573829812499999 0.56640625 0.6108800046875 0.5654296875 0.608766234375 0.5361328125 0.608766234375 0.53515625 0.6108800046875 0.53515625 0.6573829812499999 0.5380859375 0.663724296875 0.5634765625 0.663724296875
1 0.5771484375 0.6848620125 0.609375 0.6658380687500001 0.611328125 0.6573829812499999 0.611328125 0.6193350921875 0.6103515625 0.6172213203125 0.5693359375 0.6172213203125 0.568359375 0.6193350921875 0.568359375 0.6658380687500001 0.5712890625 0.6848620125 0.5771484375 0.6848620125
1 0.6181640625 0.6764069265625 0.6416015625 0.6764069265625 0.64453125 0.6700656109375001 0.646484375 0.6235626359374999 0.6435546875 0.6172213203125 0.6142578125 0.6172213203125 0.61328125 0.6193350921875 0.61328125 0.6700656109375001 0.6142578125 0.6721793828125 0.6181640625 0.6764069265625
1 0.6708984375 0.6806344703125 0.681640625 0.6742931546875 0.681640625 0.6235626359374999 0.6806640625 0.6214488640625 0.6513671875 0.6214488640625 0.6484375 0.6277901781249999 0.6484375 0.6742931546875 0.6513671875 0.6806344703125 0.6708984375 0.6806344703125
1 0.7001953125 0.6721793828125 0.703125 0.6658380687500001 0.705078125 0.6193350921875 0.7041015625 0.6172213203125 0.6904296875 0.6172213203125 0.6845703125 0.6214488640625 0.68359375 0.6235626359374999 0.68359375 0.6700656109375001 0.6845703125 0.6721793828125 0.7001953125 0.6721793828125
1 0.7197265625 0.6721793828125 0.7392578125 0.6679518390625 0.740234375 0.6658380687500001 0.7421875 0.6489278953125 0.7421875 0.6151075484375 0.7412109375 0.6129937765625 0.7255859375 0.6129937765625 0.7060546875 0.6172213203125 0.705078125 0.6193350921875 0.705078125 0.6658380687500001 0.7080078125 0.6721793828125 0.7197265625 0.6721793828125
1 0.7763671875 0.663724296875 0.779296875 0.6573829812499999 0.78125 0.6277901781249999 0.78125 0.6108800046875 0.7802734375 0.608766234375 0.7451171875 0.608766234375 0.7421875 0.6151075484375 0.7421875 0.6616105250000001 0.7431640625 0.663724296875 0.7763671875 0.663724296875
1 0.9072265625 0.6933171 0.9208984375 0.6764069265625 0.9296875 0.6616105250000001 0.927734375 0.6447003515625 0.921875 0.6193350921875 0.9189453125 0.6129937765625 0.8896484375 0.6468141234375 0.888671875 0.6531554390625 0.896484375 0.6869757843750001 0.8994140625 0.6933171 0.9072265625 0.6933171
0 0.0283203125 0.8074607687500001 0.0576171875 0.8074607687500001 0.060546875 0.801119453125 0.078125 0.12894007031250002 0.0751953125 0.12259875468749999 0.0478515625 0.11414366875 0.0087890625 0.11414366875 0.005859375 0.12048498437499999 0.0078125 0.24308373906249997 0.025390625 0.801119453125 0.0283203125 0.8074607687500001
0 0.064453125 0.809574540625 0.0693359375 0.8159158546875 0.0830078125 0.8201433984375001 0.0986328125 0.8159158546875 0.1083984375 0.8074607687500001 0.111328125 0.801119453125 0.111328125 0.6742931546875 0.103515625 0.1500777875 0.1015625 0.13739515625 0.0966796875 0.1310538421875 0.0537109375 0.1310538421875 0.052734375 0.1331676140625 0.05078125 0.1416227 0.05078125 0.2769040859375 0.0625 0.801119453125 0.064453125 0.809574540625
0 0.1181640625 0.8116883109374999 0.1376953125 0.8116883109374999 0.142578125 0.801119453125 0.1796875 0.11625744062500001 0.16796875 0.061299378125000005 0.1611328125 0.0422754328125 0.1357421875 0.025365259374999997 0.1044921875 0.0211377171875 0.099609375 0.031706575 0.099609375 0.040161660937499996 0.11328125 0.7968919109375 0.1181640625 0.8116883109374999
0 0.1455078125 0.8116883109374999 0.1689453125 0.8116883109374999 0.17578125 0.801119453125 0.185546875 0.1416227 0.1826171875 0.1352813859375 0.1767578125 0.1310538421875 0.1630859375 0.12682629843749998 0.1435546875 0.12682629843749998 0.138671875 0.13739515625 0.140625 0.6700656109375001 0.142578125 0.8053469968750001 0.1455078125 0.8116883109374999
0 0.1943359375 0.8116883109374999 0.2001953125 0.8074607687500001 0.203125 0.801119453125 0.205078125 0.6362452656250001 0.205078125 0.166987959375 0.2041015625 0.1648741890625 0.1884765625 0.1606466453125 0.1806640625 0.1606466453125 0.1767578125 0.1648741890625 0.17578125 0.166987959375 0.17578125 0.801119453125 0.1787109375 0.8074607687500001 0.1943359375 0.8116883109374999
0 0.2314453125 0.8201433984375001 0.2431640625 0.8159158546875 0.248046875 0.8053469968750001 0.25 0.7799817375 0.259765625 0.20503585000000002 0.259765625 0.1543053296875 0.2568359375 0.147964015625 0.2392578125 0.143736471875 0.2216796875 0.143736471875 0.21875 0.1500777875 0.21484375 0.3276346046875 0.2109375 0.809574540625 0.2138671875 0.8159158546875 0.2197265625 0.8201433984375001 0.2314453125 0.8201433984375001
0 0.2646484375 0.8116883109374999 0.26953125 0.801119453125 0.28125 0.2134909359375 0.28125 0.1838981328125 0.2783203125 0.17755681875 0.2744140625 0.173329275 0.2626953125 0.173329275 0.259765625 0.1796705890625 0.2578125 0.234628653125 0.25 0.6869757843750001 0.25 0.809574540625 0.2509765625 0.8116883109374999 0.2646484375 0.8116883109374999
0 0.2939453125 0.8074607687500001 0.296875 0.7968919109375 0.298828125 0.750388934375 0.306640625 0.43755073125 0.3125 0.171215503125 0.3125 0.1585328734375 0.3095703125 0.1521915578125 0.2861328125 0.147964015625 0.28125 0.1585328734375 0.275390625 0.4333231875 0.26953125 0.725023675 0.26953125 0.801119453125 0.2724609375 0.8074607687500001 0.2939453125 0.8074607687500001
0 0.322265625 0.801119453125 0.32421875 0.7842092796875 0.33984375 0.1881256765625 0.33984375 0.171215503125 0.337890625 0.1585328734375 0.3310546875 0.1521915578125 0.3154296875 0.1521915578125 0.3125 0.1585328734375 0.302734375 0.5305566828125 0.296875 0.7968919109375 0.2998046875 0.8074607687500001 0.3193359375 0.8074607687500001 0.322265625 0.801119453125
0 0.357421875 0.801119453125 0.359375 0.77152665 0.36328125 0.6193350921875 0.365234375 0.378365125 0.36328125 0.3318621484375 0.3603515625 0.321293290625 0.3427734375 0.321293290625 0.3369140625 0.3255208328125 0.333984375 0.3360896921875 0.330078125 0.49250879375 0.32421875 0.801119453125 0.3271484375 0.8116883109374999 0.3544921875 0.8116883109374999 0.357421875 0.801119453125
0 0.37890625 0.8138020828125001 0.3857421875 0.8243709421875 0.3994140625 0.8243709421875 0.4150390625 0.8201433984375001 0.41796875 0.8138020828125001 0.41796875 0.7630715640625 0.408203125 0.31917951875 0.4052734375 0.3086106609375 0.3662109375 0.3086106609375 0.365234375 0.31072443125000004 0.365234375 0.395275296875 0.376953125 0.7926643671875 0.37890625 0.8138020828125001
0 0.421875 0.8264847124999999 0.4267578125 0.832826028125 0.4580078125 0.832826028125 0.4638671875 0.828598484375 0.46875 0.8180296265625 0.46875 0.7292512171875 0.458984375 0.1543053296875 0.4560546875 0.143736471875 0.4130859375 0.143736471875 0.4072265625 0.147964015625 0.40625 0.1500777875 0.40625 0.1923532203125 0.419921875 0.809574540625 0.421875 0.8264847124999999
0 0.470703125 0.8180296265625 0.4736328125 0.8243709421875 0.5009765625 0.8243709421875 0.50390625 0.8180296265625 0.50390625 0.6151075484375 0.49609375 0.3276346046875 0.4892578125 0.317065746875 0.4658203125 0.317065746875 0.462890625 0.3234070609375 0.462890625 0.3910477546875 0.46875 0.801119453125 0.470703125 0.8180296265625
0 0.5126953125 0.828598484375 0.5341796875 0.828598484375 0.537109375 0.8180296265625 0.537109375 0.746161390625 0.53125 0.1838981328125 0.529296875 0.171215503125 0.5224609375 0.1648741890625 0.5068359375 0.1648741890625 0.4970703125 0.16910173125 0.4873046875 0.1817843609375 0.486328125 0.1838981328125 0.486328125 0.20503585000000002 0.5078125 0.8138020828125001 0.5126953125 0.828598484375
0 0.5400390625 0.828598484375 0.5478515625 0.832826028125 0.5576171875 0.832826028125 0.5654296875 0.828598484375 0.568359375 0.8180296265625 0.56640625 0.166987959375 0.5634765625 0.1606466453125 0.5517578125 0.1606466453125 0.5361328125 0.1648741890625 0.53125 0.175443046875 0.53125 0.1923532203125 0.537109375 0.8180296265625 0.5400390625 0.828598484375
0 0.5791015625 0.8412811140625 0.5986328125 0.8412811140625 0.6064453125 0.8370535718750001 0.609375 0.83071225625 0.611328125 0.7968919109375 0.611328125 0.3825926671875 0.6103515625 0.380478896875 0.5693359375 0.380478896875 0.568359375 0.3825926671875 0.568359375 0.83071225625 0.5712890625 0.8370535718750001 0.5791015625 0.8412811140625
0 0.6220703125 0.8412811140625 0.6376953125 0.8412811140625 0.642578125 0.8349398000000001 0.64453125 0.809574540625 0.654296875 0.1500777875 0.6494140625 0.139508928125 0.6240234375 0.1352813859375 0.6044921875 0.143736471875 0.6015625 0.1500777875 0.611328125 0.83071225625 0.6142578125 0.8370535718750001 0.6220703125 0.8412811140625
0 0.6494140625 0.8455086578125 0.6748046875 0.8455086578125 0.677734375 0.83916734375 0.6796875 0.801119453125 0.701171875 0.0866646375 0.701171875 0.035934117187499996 0.7001953125 0.033820346875000004 0.6591796875 0.033820346875000004 0.6083984375 0.0718682359375 0.603515625 0.08243709375 0.603515625 0.12048498437499999 0.646484375 0.83916734375 0.6494140625 0.8455086578125
0 0.7041015625 0.8370535718750001 0.7197265625 0.8370535718750001 0.7333984375 0.832826028125 0.736328125 0.8264847124999999 0.73828125 0.7926643671875 0.755859375 0.175443046875 0.755859375 0.1416227 0.7470703125 0.1352813859375 0.7021484375 0.1352813859375 0.69921875 0.1416227 0.697265625 0.1796705890625 0.6953125 0.226173565625 0.6953125 0.28535917187500004 0.701171875 0.83071225625 0.7041015625 0.8370535718750001
0 0.69921875 0.83071225625 0.701171875 0.8180296265625 0.712890625 0.3234070609375 0.712890625 0.3064968890625 0.7080078125 0.2959280296875 0.6943359375 0.2959280296875 0.69140625 0.31917951875 0.681640625 0.6531554390625 0.6796875 0.8349398000000001 0.6806640625 0.8370535718750001 0.6962890625 0.8370535718750001 0.69921875 0.83071225625
0 0.7509765625 0.832826028125 0.7685546875 0.828598484375 0.771484375 0.8222571703125 0.7734375 0.809574540625 0.80078125 0.23040110937499997 0.80078125 0.20503585000000002 0.7958984375 0.194466990625 0.7783203125 0.1902394484375 0.7607421875 0.1902394484375 0.7578125 0.1965807625 0.728515625 0.281131628125 0.736328125 0.8180296265625 0.7392578125 0.828598484375 0.7509765625 0.832826028125
0 0.833984375 0.7038859578125 0.8408203125 0.718682359375 0.8642578125 0.75250270625 0.9208984375 0.8243709421875 0.9306640625 0.832826028125 0.9404296875 0.832826028125 0.9560546875 0.8201433984375001 0.958984375 0.8138020828125001 0.958984375 0.7968919109375 0.953125 0.7672991078125 0.841796875 0.2388561953125 0.8369140625 0.22405979375 0.8232421875 0.22405979375 0.8076171875 0.2282873375 0.80078125 0.234628653125 0.798828125 0.2473112828125 0.794921875 0.31917951875 0.7890625 0.4417782734375 0.7890625 0.5305566828125 0.81640625 0.6531554390625 0.833984375 0.7038859578125