1 0.0087890625 0.782095509375 0.0302734375 0.782095509375 0.0478515625 0.7778679656249999 0.0615234375 0.7736404218749999 0.064453125 0.7672991078125 0.064453125 0.7546164765625 0.060546875 0.72079613125 0.0576171875 0.714454815625 0.0458984375 0.714454815625 0.0029296875 0.7229099031249999 0.001953125 0.725023675 0.001953125 0.7377063046875 0.005859375 0.77152665 0.0087890625 0.782095509375
1 0.0703125 0.809574540625 0.0732421875 0.8159158546875 0.0908203125 0.8159158546875 0.1142578125 0.8116883109374999 0.1279296875 0.8074607687500001 0.134765625 0.801119453125 0.134765625 0.7884368234375 0.1328125 0.77152665 0.12890625 0.750388934375 0.1259765625 0.74404761875 0.0693359375 0.75250270625 0.06640625 0.7588440203125 0.06640625 0.77152665 0.068359375 0.7968919109375 0.0703125 0.809574540625
1 0.1767578125 0.769412878125 0.1796875 0.7630715640625 0.1796875 0.7419338468750001 0.177734375 0.71234104375 0.1748046875 0.7059997296875 0.1337890625 0.714454815625 0.130859375 0.72079613125 0.134765625 0.7672991078125 0.1376953125 0.7778679656249999 0.1767578125 0.769412878125
1 0.1826171875 0.769412878125 0.2431640625 0.7651853359375 0.244140625 0.7630715640625 0.244140625 0.7292512171875 0.2412109375 0.7059997296875 0.1904296875 0.7059997296875 0.1787109375 0.7102272734375 0.177734375 0.71234104375 0.177734375 0.7292512171875 0.1796875 0.7546164765625 0.1826171875 0.769412878125
1 0.2861328125 0.7567302484375 0.287109375 0.7546164765625 0.287109375 0.7334787609375 0.28515625 0.7038859578125 0.2822265625 0.6975446421875 0.2509765625 0.6975446421875 0.248046875 0.7038859578125 0.25 0.7377063046875 0.2529296875 0.7567302484375 0.2861328125 0.7567302484375
1 0.3037109375 0.769412878125 0.3310546875 0.769412878125 0.341796875 0.7630715640625 0.341796875 0.71234104375 0.3388671875 0.7059997296875 0.2880859375 0.7017721859375 0.287109375 0.7038859578125 0.287109375 0.7546164765625 0.2900390625 0.7651853359375 0.3037109375 0.769412878125
1 0.3935546875 0.7651853359375 0.39453125 0.7630715640625 0.39453125 0.72079613125 0.3916015625 0.7059997296875 0.3681640625 0.7017721859375 0.3447265625 0.7017721859375 0.34375 0.7038859578125 0.341796875 0.71234104375 0.34375 0.7588440203125 0.3466796875 0.7651853359375 0.3935546875 0.7651853359375
1 0.3974609375 0.769412878125 0.4091796875 0.769412878125 0.4208984375 0.7651853359375 0.421875 0.7630715640625 0.421875 0.72079613125 0.419921875 0.7038859578125 0.4189453125 0.7017721859375 0.4111328125 0.7017721859375 0.3955078125 0.7059997296875 0.39453125 0.7081135015625 0.39453125 0.7377063046875 0.396484375 0.7672991078125 0.3974609375 0.769412878125
1 0.4404296875 0.7651853359375 0.443359375 0.7588440203125 0.443359375 0.7038859578125 0.4404296875 0.6975446421875 0.4228515625 0.6975446421875 0.421875 0.6996584140625 0.421875 0.7546164765625 0.4248046875 0.7609577921875 0.4404296875 0.7651853359375
1 0.4541015625 0.7609577921875 0.4892578125 0.7609577921875 0.5068359375 0.7567302484375 0.5078125 0.7546164765625 0.5078125 0.6996584140625 0.5048828125 0.6933171 0.4521484375 0.6975446421875 0.44921875 0.7038859578125 0.44921875 0.71234104375 0.451171875 0.7546164765625 0.4541015625 0.7609577921875
1 0.5673828125 0.769412878125 0.5869140625 0.7651853359375 0.58984375 0.7546164765625 0.587890625 0.7081135015625 0.5869140625 0.7059997296875 0.5185546875 0.7059997296875 0.517578125 0.7081135015625 0.517578125 0.7546164765625 0.5224609375 0.769412878125 0.5673828125 0.769412878125
1 0.6259765625 0.7736404218749999 0.626953125 0.77152665 0.62890625 0.7630715640625 0.62890625 0.7165685875000001 0.6259765625 0.7102272734375 0.5966796875 0.7102272734375 0.595703125 0.71234104375 0.595703125 0.7672991078125 0.5986328125 0.7736404218749999 0.6259765625 0.7736404218749999
1 0.6337890625 0.7567302484375 0.6474609375 0.7482751624999999 0.650390625 0.7419338468750001 0.650390625 0.682748240625 0.6494140625 0.6806344703125 0.6396484375 0.6806344703125 0.6298828125 0.6848620125 0.62890625 0.6869757843750001 0.62890625 0.750388934375 0.6318359375 0.7567302484375 0.6337890625 0.7567302484375
1 0.6875 0.746161390625 0.6875 0.6869757843750001 0.6865234375 0.6848620125 0.6669921875 0.6848620125 0.666015625 0.6869757843750001 0.6640625 0.7419338468750001 0.6669921875 0.7482751624999999 0.6865234375 0.7482751624999999 0.6875 0.746161390625
1 0.7041015625 0.74404761875 0.7119140625 0.739820075 0.712890625 0.7377063046875 0.71484375 0.682748240625 0.7119140625 0.6764069265625 0.6923828125 0.6806344703125 0.689453125 0.6869757843750001 0.689453125 0.7377063046875 0.6923828125 0.74404761875 0.7041015625 0.74404761875
1 0.7353515625 0.7567302484375 0.740234375 0.7419338468750001 0.740234375 0.6869757843750001 0.7392578125 0.6848620125 0.7177734375 0.6806344703125 0.71484375 0.682748240625 0.712890625 0.7377063046875 0.71484375 0.746161390625 0.7216796875 0.7567302484375 0.7353515625 0.7567302484375
1 0.7587890625 0.74404761875 0.76171875 0.7377063046875 0.76171875 0.682748240625 0.7607421875 0.6806344703125 0.7431640625 0.6806344703125 0.7421875 0.682748240625 0.740234375 0.6912033281250001 0.740234375 0.7419338468750001 0.7412109375 0.74404761875 0.7587890625 0.74404761875
1 0.7919921875 0.75250270625 0.794921875 0.746161390625 0.794921875 0.6869757843750001 0.7939453125 0.6848620125 0.7705078125 0.6848620125 0.76953125 0.6869757843750001 0.76953125 0.746161390625 0.7783203125 0.7567302484375 0.7919921875 0.75250270625
1 0.8212890625 0.769412878125 0.82421875 0.7588440203125 0.82421875 0.7081135015625 0.8232421875 0.7059997296875 0.7998046875 0.6975446421875 0.796875 0.6996584140625 0.794921875 0.746161390625 0.796875 0.7546164765625 0.8037109375 0.769412878125 0.8212890625 0.769412878125
1 0.9228515625 0.7609577921875 0.927734375 0.750388934375 0.9296875 0.72079613125 0.9296875 0.6996584140625 0.9267578125 0.6933171 0.8505859375 0.6933171 0.84765625 0.6996584140625 0.84765625 0.7546164765625 0.8505859375 0.7609577921875 0.9228515625 0.7609577921875
0 0 0.7292512171875 0.021484375 0.923718209375 0.025390625 0.944855925 0.0322265625 0.9596523265625001 0.0380859375 0.9638798703125 0.0634765625 0.9638798703125 0.0751953125 0.9596523265625001 0.08203125 0.9490834687499999 0.080078125 0.915263121875 0.015625 0.2473112828125 0.01171875 0.2092633921875 0.009765625 0.20080830624999998 0.0087890625 0.198694534375 0.0009765625 0.198694534375 0 0.20080830624999998 0 0.7292512171875
0 0.052734375 0.6489278953125 0.08203125 0.9406283828124999 0.0859375 0.9575385546874999 0.0888671875 0.9638798703125 0.0947265625 0.9681074140625 0.1279296875 0.9681074140625 0.1435546875 0.9596523265625001 0.1484375 0.9490834687499999 0.201171875 0.1543053296875 0.2001953125 0.1521915578125 0.1884765625 0.1521915578125 0.1044921875 0.1648741890625 0.0400390625 0.17755681875 0.0126953125 0.1860119046875 0.01171875 0.1881256765625 0.01171875 0.2092633921875 0.013671875 0.234628653125 0.052734375 0.6489278953125
0 0.1533203125 0.9596523265625001 0.1748046875 0.9596523265625001 0.1865234375 0.9554247828125 0.19140625 0.9490834687499999 0.19140625 0.915263121875 0.181640625 0.7672991078125 0.14453125 0.28535917187500004 0.134765625 0.2092633921875 0.1318359375 0.202922078125 0.0966796875 0.202922078125 0.0927734375 0.20714962187500002 0.083984375 0.226173565625 0.083984375 0.24308373906249997 0.1484375 0.9364008390624999 0.1533203125 0.9596523265625001
0 0.1962890625 0.9511972406250001 0.2490234375 0.9511972406250001 0.2568359375 0.946969696875 0.259765625 0.9406283828124999 0.265625 0.171215503125 0.2646484375 0.16910173125 0.2333984375 0.16910173125 0.2119140625 0.173329275 0.1533203125 0.1902394484375 0.1396484375 0.198694534375 0.13671875 0.20503585000000002 0.13671875 0.2388561953125 0.193359375 0.944855925 0.1962890625 0.9511972406250001
0 0.26171875 0.9364008390624999 0.2685546875 0.942742153125 0.2919921875 0.942742153125 0.294921875 0.9364008390624999 0.294921875 0.89412540625 0.265625 0.1881256765625 0.2646484375 0.1860119046875 0.2568359375 0.1860119046875 0.2216796875 0.202922078125 0.220703125 0.20503585000000002 0.220703125 0.234628653125 0.25 0.750388934375 0.26171875 0.9364008390624999
0 0.298828125 0.9490834687499999 0.3017578125 0.9554247828125 0.3115234375 0.9596523265625001 0.3291015625 0.9596523265625001 0.3447265625 0.9511972406250001 0.34765625 0.944855925 0.3359375 0.171215503125 0.3310546875 0.1648741890625 0.2685546875 0.1860119046875 0.263671875 0.1923532203125 0.26171875 0.20080830624999998 0.26171875 0.234628653125 0.296875 0.9364008390624999 0.298828125 0.9490834687499999
0 0.349609375 0.944855925 0.3525390625 0.9511972406250001 0.3642578125 0.9554247828125 0.3955078125 0.9554247828125 0.3984375 0.9490834687499999 0.40234375 0.175443046875 0.3994140625 0.16910173125 0.3916015625 0.1648741890625 0.3662109375 0.1648741890625 0.3330078125 0.1817843609375 0.326171875 0.1965807625 0.326171875 0.20503585000000002 0.341796875 0.7292512171875 0.349609375 0.944855925
0 0.4013671875 0.9511972406250001 0.4189453125 0.9511972406250001 0.423828125 0.9406283828124999 0.42578125 0.171215503125 0.4228515625 0.16910173125 0.3876953125 0.1902394484375 0.3828125 0.20080830624999998 0.3828125 0.234628653125 0.3984375 0.9279457515624999 0.4013671875 0.9511972406250001
0 0.4287109375 0.946969696875 0.4345703125 0.9511972406250001 0.4443359375 0.946969696875 0.447265625 0.9406283828124999 0.4453125 0.6616105250000001 0.4375 0.3360896921875 0.43359375 0.2092633921875 0.431640625 0.1965807625 0.4306640625 0.194466990625 0.4248046875 0.194466990625 0.4189453125 0.198694534375 0.4140625 0.2092633921875 0.412109375 0.21771847968750002 0.4140625 0.4164130140625 0.42578125 0.9406283828124999 0.4287109375 0.946969696875
0 0.458984375 0.9406283828124999 0.4658203125 0.9511972406250001 0.4892578125 0.9511972406250001 0.5048828125 0.946969696875 0.51171875 0.9364008390624999 0.513671875 0.9279457515624999 0.513671875 0.9110355796875 0.50390625 0.54746685625 0.4921875 0.171215503125 0.4775390625 0.1606466453125 0.4443359375 0.1564191015625 0.4365234375 0.1564191015625 0.43359375 0.166987959375 0.431640625 0.1838981328125 0.431640625 0.1965807625 0.45703125 0.9279457515624999 0.458984375 0.9406283828124999
0 0.517578125 0.9364008390624999 0.521484375 0.9575385546874999 0.5244140625 0.9638798703125 0.5634765625 0.9638798703125 0.5869140625 0.9596523265625001 0.5947265625 0.9554247828125 0.595703125 0.9533110125 0.595703125 0.9068080359374999 0.58984375 0.14585024375 0.587890625 0.12894007031250002 0.5849609375 0.12259875468749999 0.5537109375 0.1183712125 0.5087890625 0.12259875468749999 0.494140625 0.13739515625 0.4921875 0.14585024375 0.4921875 0.1585328734375 0.515625 0.9068080359374999 0.517578125 0.9364008390624999
0 0.59765625 0.944855925 0.6005859375 0.9511972406250001 0.6259765625 0.9511972406250001 0.626953125 0.9490834687499999 0.62890625 0.8518499734375 0.62890625 0.25576636875 0.626953125 0.07820955156250001 0.6240234375 0.0718682359375 0.6044921875 0.0718682359375 0.5947265625 0.0760957796875 0.58984375 0.0866646375 0.58984375 0.1881256765625 0.59375 0.7630715640625 0.59765625 0.944855925
0 0.6396484375 0.9385146109375 0.6484375 0.923718209375 0.650390625 0.8856703187500001 0.658203125 0.1331676140625 0.6474609375 0.109916125 0.6357421875 0.109916125 0.6298828125 0.11414366875 0.626953125 0.12048498437499999 0.626953125 0.9279457515624999 0.6318359375 0.9385146109375 0.6396484375 0.9385146109375
0 0.6611328125 0.9511972406250001 0.6640625 0.944855925 0.669921875 0.31072443125000004 0.669921875 0.1796705890625 0.66796875 0.171215503125 0.6630859375 0.1648741890625 0.6591796875 0.1648741890625 0.654296875 0.171215503125 0.65234375 0.407957928125 0.650390625 0.71234104375 0.650390625 0.944855925 0.6533203125 0.9511972406250001 0.6611328125 0.9511972406250001
0 0.6806640625 0.942742153125 0.6875 0.9279457515624999 0.697265625 0.1923532203125 0.697265625 0.12048498437499999 0.6923828125 0.109916125 0.6826171875 0.1014610390625 0.6552734375 0.1014610390625 0.6513671875 0.1056885828125 0.650390625 0.107802353125 0.65234375 0.944855925 0.6552734375 0.9511972406250001 0.6806640625 0.942742153125
0 0.708984375 0.923718209375 0.7109375 0.8729876890625 0.7265625 0.12048498437499999 0.7099609375 0.1014610390625 0.6962890625 0.1014610390625 0.693359375 0.107802353125 0.6875 0.9279457515624999 0.6923828125 0.9342870671875 0.7041015625 0.9342870671875 0.708984375 0.923718209375
0 0.7197265625 0.946969696875 0.7294921875 0.946969696875 0.734375 0.9406283828124999 0.736328125 0.9279457515624999 0.75390625 0.226173565625 0.75390625 0.1500777875 0.7509765625 0.139508928125 0.7373046875 0.12682629843749998 0.7294921875 0.12682629843749998 0.7265625 0.1331676140625 0.71875 0.4713710765625 0.7109375 0.860305059375 0.7109375 0.9321732953125 0.7158203125 0.942742153125 0.7197265625 0.946969696875
0 0.7509765625 0.9385146109375 0.7578125 0.9279457515624999 0.775390625 0.289586715625 0.77734375 0.2092633921875 0.77734375 0.13739515625 0.7744140625 0.1310538421875 0.7685546875 0.12682629843749998 0.7373046875 0.109916125 0.734375 0.11625744062500001 0.736328125 0.9321732953125 0.7392578125 0.9385146109375 0.7509765625 0.9385146109375
0 0.7705078125 0.942742153125 0.7744140625 0.946969696875 0.7841796875 0.946969696875 0.7880859375 0.942742153125 0.79296875 0.9279457515624999 0.80859375 0.1796705890625 0.80859375 0.13739515625 0.8037109375 0.12682629843749998 0.7744140625 0.1056885828125 0.7587890625 0.1014610390625 0.7509765625 0.1056885828125 0.75 0.107802353125 0.763671875 0.923718209375 0.765625 0.9321732953125 0.7705078125 0.942742153125
0 0.8017578125 0.946969696875 0.8056640625 0.946969696875 0.8154296875 0.942742153125 0.8203125 0.9321732953125 0.841796875 0.12894007031250002 0.8330078125 0.1183712125 0.8154296875 0.109916125 0.8017578125 0.1056885828125 0.7861328125 0.1056885828125 0.78515625 0.107802353125 0.79296875 0.9279457515624999 0.7978515625 0.942742153125 0.8017578125 0.946969696875
0 0.8369140625 0.9681074140625 0.8603515625 0.9723349562499999 0.8896484375 0.9723349562499999 0.9208984375 0.9681074140625 0.921875 0.9659936421875001 0.96875 0.10357481093750001 0.9638671875 0.093005953125 0.8720703125 0.05918560625 0.8544921875 0.05918560625 0.7802734375 0.0760957796875 0.779296875 0.07820955156250001 0.77734375 0.0951197234375 0.8203125 0.9364008390624999 0.8291015625 0.9638798703125 0.8369140625 0.9681074140625