1 0.1943359375 0.8159158546875 0.2001953125 0.8116883109374999 0.203125 0.8053469968750001 0.203125 0.750388934375 0.2021484375 0.7482751624999999 0.1416015625 0.74404761875 0.140625 0.746161390625 0.140625 0.8053469968750001 0.1416015625 0.8074607687500001 0.1943359375 0.8159158546875
1 0.2451171875 0.8116883109374999 0.248046875 0.8053469968750001 0.248046875 0.750388934375 0.2470703125 0.7482751624999999 0.2060546875 0.7482751624999999 0.205078125 0.750388934375 0.205078125 0.809574540625 0.2060546875 0.8116883109374999 0.2451171875 0.8116883109374999
1 0.2880859375 0.8159158546875 0.291015625 0.809574540625 0.291015625 0.750388934375 0.2900390625 0.7482751624999999 0.2529296875 0.75250270625 0.251953125 0.7546164765625 0.251953125 0.8138020828125001 0.2529296875 0.8159158546875 0.2880859375 0.8159158546875
1 0.3173828125 0.8116883109374999 0.318359375 0.809574540625 0.318359375 0.750388934375 0.3173828125 0.7482751624999999 0.2939453125 0.7482751624999999 0.29296875 0.750388934375 0.29296875 0.809574540625 0.2939453125 0.8116883109374999 0.3173828125 0.8116883109374999
1 0.3583984375 0.8116883109374999 0.36328125 0.8053469968750001 0.36328125 0.746161390625 0.3623046875 0.74404761875 0.3193359375 0.7482751624999999 0.318359375 0.750388934375 0.318359375 0.8053469968750001 0.3212890625 0.8116883109374999 0.3583984375 0.8116883109374999
1 0.3662109375 0.8032332249999999 0.3720703125 0.8032332249999999 0.3857421875 0.7947781390624999 0.38671875 0.7926643671875 0.38671875 0.7377063046875 0.3857421875 0.7355925328125 0.3818359375 0.7355925328125 0.3681640625 0.739820075 0.36328125 0.750388934375 0.36328125 0.7884368234375 0.365234375 0.801119453125 0.3662109375 0.8032332249999999
1 0.3974609375 0.7947781390624999 0.400390625 0.7884368234375 0.400390625 0.7377063046875 0.3974609375 0.7313649890625 0.3896484375 0.7313649890625 0.38671875 0.7377063046875 0.38671875 0.7884368234375 0.3896484375 0.7947781390624999 0.3974609375 0.7947781390624999
1 0.4013671875 0.7905505953125 0.4150390625 0.7905505953125 0.41796875 0.7842092796875 0.41796875 0.7334787609375 0.4150390625 0.7271374453125 0.4013671875 0.7271374453125 0.400390625 0.7292512171875 0.3984375 0.7419338468750001 0.3984375 0.7630715640625 0.400390625 0.7884368234375 0.4013671875 0.7905505953125
1 0.4423828125 0.7947781390624999 0.443359375 0.7926643671875 0.4453125 0.7630715640625 0.4453125 0.7334787609375 0.4423828125 0.7271374453125 0.4189453125 0.7271374453125 0.41796875 0.7292512171875 0.41796875 0.7884368234375 0.4228515625 0.7947781390624999 0.4423828125 0.7947781390624999
1 0.4794921875 0.7947781390624999 0.48046875 0.7926643671875 0.48046875 0.7334787609375 0.4794921875 0.7313649890625 0.4482421875 0.7271374453125 0.4453125 0.7334787609375 0.4453125 0.7926643671875 0.4462890625 0.7947781390624999 0.4794921875 0.7947781390624999
1 0.5107421875 0.8201433984375001 0.5458984375 0.8201433984375001 0.548828125 0.8138020828125001 0.548828125 0.7546164765625 0.5458984375 0.7482751624999999 0.4853515625 0.7482751624999999 0.482421875 0.7546164765625 0.482421875 0.8053469968750001 0.4853515625 0.8159158546875 0.5107421875 0.8201433984375001
1 0.5595703125 0.8074607687500001 0.6025390625 0.8074607687500001 0.60546875 0.801119453125 0.60546875 0.7377063046875 0.6044921875 0.7355925328125 0.5537109375 0.7355925328125 0.552734375 0.7377063046875 0.55078125 0.746161390625 0.55078125 0.801119453125 0.5517578125 0.8032332249999999 0.5595703125 0.8074607687500001
1 0.6201171875 0.7863230515625 0.6416015625 0.7863230515625 0.646484375 0.7799817375 0.6484375 0.7334787609375 0.6484375 0.72079613125 0.6474609375 0.718682359375 0.6083984375 0.714454815625 0.607421875 0.7165685875000001 0.607421875 0.7799817375 0.6083984375 0.782095509375 0.6201171875 0.7863230515625
1 0.7099609375 0.782095509375 0.7109375 0.7799817375 0.7109375 0.72079613125 0.7099609375 0.718682359375 0.6513671875 0.718682359375 0.650390625 0.72079613125 0.650390625 0.7799817375 0.6533203125 0.7863230515625 0.7099609375 0.782095509375
1 0.7509765625 0.7778679656249999 0.751953125 0.77575419375 0.751953125 0.7165685875000001 0.7509765625 0.714454815625 0.7138671875 0.714454815625 0.712890625 0.7165685875000001 0.712890625 0.77575419375 0.7138671875 0.7778679656249999 0.7509765625 0.7778679656249999
1 0.7744140625 0.7736404218749999 0.7783203125 0.769412878125 0.78125 0.7630715640625 0.78125 0.71234104375 0.7783203125 0.7059997296875 0.7685546875 0.7059997296875 0.7548828125 0.7102272734375 0.75390625 0.71234104375 0.75390625 0.77152665 0.7548828125 0.7736404218749999 0.7744140625 0.7736404218749999
1 0.8193359375 0.7609577921875 0.8388671875 0.7567302484375 0.841796875 0.746161390625 0.841796875 0.695430871875 0.8408203125 0.6933171 0.8134765625 0.6933171 0.7822265625 0.6975446421875 0.78125 0.6996584140625 0.78125 0.7588440203125 0.7822265625 0.7609577921875 0.8193359375 0.7609577921875
0 0.1923828125 0.9977002171875 0.1953125 0.9913589015625 0.197265625 0.9575385546874999 0.203125 0.8053469968750001 0.20703125 0.27267654218750004 0.2001953125 0.25788014062500003 0.1962890625 0.25365259687499997 0.1865234375 0.2494250546875 0.1435546875 0.2494250546875 0.140625 0.25576636875 0.140625 0.9913589015625 0.1435546875 0.9977002171875 0.1923828125 0.9977002171875
0 0.1962890625 0.9977002171875 0.1982421875 0.9977002171875 0.203125 0.9829038156250001 0.208984375 0.2684489984375 0.2041015625 0.25365259687499997 0.2001953125 0.2494250546875 0.1923828125 0.2494250546875 0.189453125 0.25576636875 0.189453125 0.3022693453125 0.193359375 0.9913589015625 0.1962890625 0.9977002171875
0 0.2431640625 0.9977002171875 0.248046875 0.9829038156250001 0.25 0.9575385546874999 0.25 0.4417782734375 0.248046875 0.25576636875 0.2451171875 0.2494250546875 0.2138671875 0.2494250546875 0.208984375 0.25999391250000004 0.20703125 0.31917951875 0.203125 0.7842092796875 0.203125 0.9913589015625 0.2060546875 0.9977002171875 0.2431640625 0.9977002171875
0 0.2548828125 0.9977002171875 0.2900390625 0.9977002171875 0.29296875 0.9913589015625 0.29296875 0.7672991078125 0.2890625 0.2473112828125 0.2841796875 0.236742425 0.2529296875 0.236742425 0.25 0.24308373906249997 0.25 0.7968919109375 0.251953125 0.974448728125 0.2548828125 0.9977002171875
0 0.2958984375 0.9977002171875 0.3173828125 0.9977002171875 0.3203125 0.9913589015625 0.337890625 0.20503585000000002 0.3271484375 0.1860119046875 0.3173828125 0.173329275 0.2919921875 0.173329275 0.2890625 0.1796705890625 0.2890625 0.40373038437500003 0.29296875 0.9913589015625 0.2958984375 0.9977002171875
0 0.3212890625 0.9977002171875 0.3623046875 0.9977002171875 0.36328125 0.9955864453125001 0.36328125 0.23040110937499997 0.3603515625 0.21983225156250003 0.3525390625 0.2156047078125 0.3193359375 0.2156047078125 0.318359375 0.21771847968750002 0.31640625 0.226173565625 0.31640625 0.40373038437500003 0.3203125 0.9955864453125001 0.3212890625 0.9977002171875
0 0.3720703125 0.8497362015625001 0.375 0.8433948859375 0.375 0.171215503125 0.3740234375 0.16910173125 0.3662109375 0.16910173125 0.36328125 0.175443046875 0.36328125 0.7334787609375 0.365234375 0.8433948859375 0.3720703125 0.8497362015625001
0 0.3857421875 0.9977002171875 0.38671875 0.9955864453125001 0.38671875 0.175443046875 0.3818359375 0.16910173125 0.3798828125 0.16910173125 0.376953125 0.175443046875 0.375 0.1923532203125 0.375 0.9913589015625 0.3779296875 0.9977002171875 0.3857421875 0.9977002171875
0 0.400390625 0.9955864453125001 0.416015625 0.21771847968750002 0.40625 0.1881256765625 0.3974609375 0.16910173125 0.3876953125 0.16910173125 0.38671875 0.171215503125 0.376953125 0.9955864453125001 0.3779296875 0.9977002171875 0.3994140625 0.9977002171875 0.400390625 0.9955864453125001
0 0.4072265625 0.9892451296875 0.4150390625 0.9892451296875 0.41796875 0.9829038156250001 0.41796875 0.24308373906249997 0.4150390625 0.236742425 0.4033203125 0.236742425 0.400390625 0.24308373906249997 0.400390625 0.9575385546874999 0.40234375 0.9829038156250001 0.4072265625 0.9892451296875
0 0.4287109375 0.9934726734374999 0.4345703125 0.9934726734374999 0.4423828125 0.9892451296875 0.4453125 0.9829038156250001 0.44921875 0.251538825 0.447265625 0.24308373906249997 0.4404296875 0.23251488125000003 0.4267578125 0.23251488125000003 0.4208984375 0.236742425 0.41796875 0.24308373906249997 0.41796875 0.978676271875 0.4208984375 0.9892451296875 0.4287109375 0.9934726734374999
0 0.4755859375 0.9977002171875 0.482421875 0.9871313578124999 0.48046875 0.29804180156250004 0.4775390625 0.28747294375 0.4521484375 0.28747294375 0.4453125 0.293814259375 0.443359375 0.3064968890625 0.4453125 0.9913589015625 0.4482421875 0.9977002171875 0.4755859375 0.9977002171875
0 0.5458984375 0.9977002171875 0.548828125 0.9913589015625 0.55078125 0.809574540625 0.55078125 0.2388561953125 0.548828125 0.21771847968750002 0.5458984375 0.2113771640625 0.5400390625 0.20714962187500002 0.4892578125 0.2113771640625 0.482421875 0.2219460234375 0.48046875 0.234628653125 0.482421875 0.9913589015625 0.4853515625 0.9977002171875 0.5458984375 0.9977002171875
0 0.552734375 0.9913589015625 0.5556640625 0.9977002171875 0.6005859375 0.9977002171875 0.603515625 0.9913589015625 0.611328125 0.20080830624999998 0.609375 0.1881256765625 0.6064453125 0.1817843609375 0.5537109375 0.1817843609375 0.55078125 0.1881256765625 0.548828125 0.1965807625 0.548828125 0.2092633921875 0.55078125 0.8053469968750001 0.552734375 0.9913589015625
0 0.6142578125 0.9977002171875 0.6396484375 0.9977002171875 0.642578125 0.9913589015625 0.64453125 0.9702211843749999 0.6484375 0.7672991078125 0.650390625 0.4798261640625 0.650390625 0.20503585000000002 0.6455078125 0.198694534375 0.6142578125 0.198694534375 0.611328125 0.2092633921875 0.60546875 0.746161390625 0.60546875 0.9871313578124999 0.6083984375 0.9934726734374999 0.6142578125 0.9977002171875
0 0.6865234375 0.9934726734374999 0.7080078125 0.9892451296875 0.7109375 0.978676271875 0.712890625 0.5305566828125 0.712890625 0.166987959375 0.7119140625 0.1648741890625 0.6552734375 0.1648741890625 0.6494140625 0.16910173125 0.6416015625 0.1817843609375 0.63671875 0.1923532203125 0.6484375 0.9829038156250001 0.6533203125 0.9934726734374999 0.6865234375 0.9934726734374999
0 0.7412109375 0.9850175859375 0.751953125 0.978676271875 0.75390625 0.2092633921875 0.7509765625 0.198694534375 0.7255859375 0.198694534375 0.7197265625 0.202922078125 0.71484375 0.2134909359375 0.7109375 0.8053469968750001 0.7109375 0.978676271875 0.7158203125 0.9850175859375 0.7412109375 0.9850175859375
0 0.7646484375 0.9807900437500001 0.7763671875 0.9765625 0.779296875 0.9702211843749999 0.78125 0.8983529484374999 0.78125 0.1796705890625 0.7763671875 0.173329275 0.7587890625 0.173329275 0.7373046875 0.1902394484375 0.734375 0.1965807625 0.751953125 0.9702211843749999 0.7548828125 0.9807900437500001 0.7646484375 0.9807900437500001
0 0.7900390625 0.9723349562499999 0.8134765625 0.9723349562499999 0.8310546875 0.9681074140625 0.837890625 0.9575385546874999 0.841796875 0.750388934375 0.845703125 0.3656824953125 0.845703125 0.171215503125 0.8427734375 0.1648741890625 0.7978515625 0.1648741890625 0.7841796875 0.16910173125 0.783203125 0.171215503125 0.78125 0.1796705890625 0.78125 0.9617660984375 0.7841796875 0.9681074140625 0.7900390625 0.9723349562499999