1 0.015625 0.7038859578125 0.0185546875 0.7102272734375 0.0654296875 0.6848620125 0.072265625 0.6785206984375 0.072265625 0.6616105250000001 0.0703125 0.6404728078125 0.0654296875 0.62567640625 0.0576171875 0.62567640625 0.0478515625 0.62990395 0.0166015625 0.6468141234375 0.0126953125 0.6510416671875 0.01171875 0.6531554390625 0.01171875 0.6658380687500001 0.013671875 0.6869757843750001 0.015625 0.7038859578125
1 0.0830078125 0.7059997296875 0.0869140625 0.7059997296875 0.1025390625 0.6975446421875 0.109375 0.6912033281250001 0.109375 0.6700656109375001 0.107421875 0.6489278953125 0.1044921875 0.63413149375 0.1005859375 0.63413149375 0.0791015625 0.6468141234375 0.076171875 0.6531554390625 0.076171875 0.6573829812499999 0.080078125 0.6912033281250001 0.0830078125 0.7059997296875
1 0.1162109375 0.7017721859375 0.1220703125 0.7017721859375 0.1416015625 0.6933171 0.146484375 0.6869757843750001 0.146484375 0.6742931546875 0.142578125 0.6362452656250001 0.1396484375 0.62990395 0.1220703125 0.6383590375 0.1103515625 0.6468141234375 0.109375 0.6489278953125 0.109375 0.6573829812499999 0.111328125 0.6785206984375 0.1162109375 0.7017721859375
1 0.1865234375 0.7017721859375 0.2216796875 0.68908955625 0.22265625 0.6869757843750001 0.22265625 0.6785206984375 0.216796875 0.6404728078125 0.2119140625 0.62990395 0.2080078125 0.62990395 0.1826171875 0.6425865796875 0.1796875 0.6489278953125 0.1796875 0.6573829812499999 0.18359375 0.695430871875 0.1865234375 0.7017721859375
1 0.1513671875 0.7017721859375 0.1591796875 0.7017721859375 0.181640625 0.6869757843750001 0.181640625 0.6700656109375001 0.177734375 0.6362452656250001 0.1748046875 0.62990395 0.1455078125 0.6468141234375 0.14453125 0.6489278953125 0.14453125 0.6573829812499999 0.146484375 0.6785206984375 0.1513671875 0.7017721859375
1 0.2294921875 0.718682359375 0.2470703125 0.7102272734375 0.25 0.7038859578125 0.24609375 0.6616105250000001 0.2431640625 0.655269209375 0.2373046875 0.655269209375 0.2236328125 0.663724296875 0.22265625 0.6658380687500001 0.22265625 0.6742931546875 0.224609375 0.695430871875 0.2294921875 0.718682359375
1 0.248046875 0.6912033281250001 0.2509765625 0.6975446421875 0.2822265625 0.6848620125 0.28515625 0.6785206984375 0.279296875 0.6320177218749999 0.2744140625 0.62567640625 0.2509765625 0.63413149375 0.2451171875 0.6383590375 0.244140625 0.6404728078125 0.244140625 0.6531554390625 0.24609375 0.6742931546875 0.248046875 0.6912033281250001
1 0.4013671875 0.68908955625 0.404296875 0.6785206984375 0.404296875 0.6362452656250001 0.4013671875 0.62990395 0.3408203125 0.62990395 0.33984375 0.6320177218749999 0.33984375 0.6869757843750001 0.3408203125 0.68908955625 0.4013671875 0.68908955625
1 0.3251953125 0.6933171 0.326171875 0.6912033281250001 0.326171875 0.6362452656250001 0.3251953125 0.63413149375 0.3056640625 0.63413149375 0.3046875 0.6362452656250001 0.3046875 0.6912033281250001 0.3076171875 0.6975446421875 0.3251953125 0.6933171
1 0.4443359375 0.6975446421875 0.44921875 0.6912033281250001 0.44921875 0.6362452656250001 0.4482421875 0.63413149375 0.4111328125 0.63413149375 0.408203125 0.6404728078125 0.408203125 0.6912033281250001 0.4111328125 0.6975446421875 0.4443359375 0.6975446421875
1 0.4853515625 0.6933171 0.48828125 0.6869757843750001 0.48828125 0.6320177218749999 0.4873046875 0.62990395 0.4521484375 0.62990395 0.451171875 0.6320177218749999 0.44921875 0.6447003515625 0.451171875 0.6912033281250001 0.4521484375 0.6933171 0.4853515625 0.6933171
1 0.5341796875 0.6933171 0.5517578125 0.6933171 0.552734375 0.6912033281250001 0.552734375 0.6320177218749999 0.5517578125 0.62990395 0.4951171875 0.62990395 0.494140625 0.6320177218749999 0.494140625 0.6869757843750001 0.4951171875 0.68908955625 0.5341796875 0.6933171
1 0.5908203125 0.6848620125 0.591796875 0.682748240625 0.591796875 0.6277901781249999 0.5888671875 0.6214488640625 0.5576171875 0.6214488640625 0.5546875 0.6277901781249999 0.5546875 0.6785206984375 0.5576171875 0.6848620125 0.5908203125 0.6848620125
1 0.6337890625 0.68908955625 0.634765625 0.6869757843750001 0.634765625 0.6277901781249999 0.6337890625 0.62567640625 0.5966796875 0.62567640625 0.595703125 0.6277901781249999 0.595703125 0.6869757843750001 0.5966796875 0.68908955625 0.6337890625 0.68908955625
1 0.6552734375 0.68908955625 0.65625 0.6869757843750001 0.65625 0.6277901781249999 0.6552734375 0.62567640625 0.6376953125 0.62567640625 0.634765625 0.6320177218749999 0.634765625 0.682748240625 0.6376953125 0.68908955625 0.6552734375 0.68908955625
1 0.6650390625 0.68908955625 0.6923828125 0.68908955625 0.693359375 0.6869757843750001 0.693359375 0.6277901781249999 0.6923828125 0.62567640625 0.6591796875 0.62567640625 0.658203125 0.6277901781249999 0.658203125 0.682748240625 0.6591796875 0.6848620125 0.6650390625 0.68908955625
1 0.7158203125 0.6848620125 0.716796875 0.682748240625 0.716796875 0.6277901781249999 0.7158203125 0.62567640625 0.6962890625 0.62567640625 0.6953125 0.6277901781249999 0.6953125 0.682748240625 0.6962890625 0.6848620125 0.7158203125 0.6848620125
1 0.7509765625 0.68908955625 0.751953125 0.6869757843750001 0.75390625 0.6785206984375 0.751953125 0.6320177218749999 0.7490234375 0.62567640625 0.7197265625 0.62567640625 0.716796875 0.6320177218749999 0.716796875 0.6785206984375 0.7197265625 0.68908955625 0.7509765625 0.68908955625
1 0.7900390625 0.6806344703125 0.791015625 0.6785206984375 0.791015625 0.6235626359374999 0.7900390625 0.6214488640625 0.7861328125 0.6172213203125 0.7568359375 0.6172213203125 0.75390625 0.6235626359374999 0.75390625 0.6785206984375 0.7548828125 0.6806344703125 0.7900390625 0.6806344703125
1 0.8076171875 0.6848620125 0.8212890625 0.6848620125 0.82421875 0.6785206984375 0.82421875 0.6277901781249999 0.8212890625 0.6214488640625 0.7939453125 0.6214488640625 0.79296875 0.6235626359374999 0.79296875 0.6742931546875 0.7958984375 0.6806344703125 0.8076171875 0.6848620125
1 0.8291015625 0.6848620125 0.8623046875 0.6848620125 0.86328125 0.682748240625 0.86328125 0.6277901781249999 0.8583984375 0.6172213203125 0.8291015625 0.6172213203125 0.8251953125 0.6214488640625 0.82421875 0.6235626359374999 0.82421875 0.6489278953125 0.826171875 0.6785206984375 0.8291015625 0.6848620125
1 0.8974609375 0.6721793828125 0.8984375 0.6700656109375001 0.8984375 0.6151075484375 0.8955078125 0.608766234375 0.8642578125 0.608766234375 0.861328125 0.6151075484375 0.86328125 0.6700656109375001 0.8642578125 0.6721793828125 0.8974609375 0.6721793828125
1 0.9033203125 0.6806344703125 0.9306640625 0.6806344703125 0.931640625 0.6785206984375 0.93359375 0.6700656109375001 0.931640625 0.6193350921875 0.9306640625 0.6172213203125 0.8994140625 0.6172213203125 0.8984375 0.6193350921875 0.8984375 0.6447003515625 0.900390625 0.6742931546875 0.9033203125 0.6806344703125
0 0 0.5516943999999999 0.029296875 0.8687601468749999 0.03125 0.8814427765625 0.0380859375 0.892011634375 0.0556640625 0.8877840906250001 0.0849609375 0.8751014609375 0.087890625 0.8687601468749999 0.087890625 0.8349398000000001 0.033203125 0.2092633921875 0.0302734375 0.202922078125 0.0166015625 0.202922078125 0.0009765625 0.2113771640625 0 0.2134909359375 0 0.5516943999999999
0 0.091796875 0.8772152328124999 0.0947265625 0.8877840906250001 0.1044921875 0.896239178125 0.1103515625 0.896239178125 0.1279296875 0.883556546875 0.130859375 0.8772152328124999 0.130859375 0.8729876890625 0.125 0.8053469968750001 0.06640625 0.2219460234375 0.064453125 0.2092633921875 0.0615234375 0.202922078125 0.0458984375 0.202922078125 0.0361328125 0.2113771640625 0.03515625 0.2134909359375 0.03515625 0.251538825 0.037109375 0.2769040859375 0.091796875 0.8772152328124999
0 0.1357421875 0.892011634375 0.1455078125 0.892011634375 0.1630859375 0.8793290046875001 0.166015625 0.8729876890625 0.166015625 0.860305059375 0.1015625 0.20080830624999998 0.0947265625 0.1902394484375 0.0693359375 0.198694534375 0.064453125 0.2092633921875 0.068359375 0.25576636875 0.130859375 0.8772152328124999 0.1357421875 0.892011634375
0 0.166015625 0.8687601468749999 0.169921875 0.8856703187500001 0.1728515625 0.892011634375 0.1767578125 0.892011634375 0.1982421875 0.8793290046875001 0.201171875 0.8687601468749999 0.13671875 0.21771847968750002 0.1337890625 0.198694534375 0.1142578125 0.198694534375 0.1064453125 0.202922078125 0.1015625 0.2134909359375 0.103515625 0.24308373906249997 0.1484375 0.6996584140625 0.166015625 0.8687601468749999
0 0.201171875 0.8729876890625 0.203125 0.8856703187500001 0.2060546875 0.892011634375 0.2099609375 0.892011634375 0.2333984375 0.8793290046875001 0.2392578125 0.8751014609375 0.2421875 0.8687601468749999 0.2421875 0.864532603125 0.177734375 0.226173565625 0.173828125 0.2092633921875 0.1669921875 0.194466990625 0.1533203125 0.194466990625 0.1416015625 0.198694534375 0.1376953125 0.202922078125 0.13671875 0.20503585000000002 0.13671875 0.226173565625 0.14453125 0.31072443125000004 0.201171875 0.8729876890625
0 0.2470703125 0.883556546875 0.2548828125 0.883556546875 0.2626953125 0.8793290046875001 0.263671875 0.8772152328124999 0.263671875 0.8476224296874999 0.20703125 0.226173565625 0.2021484375 0.2113771640625 0.1884765625 0.2113771640625 0.1806640625 0.2156047078125 0.177734375 0.2219460234375 0.177734375 0.2388561953125 0.2421875 0.8687601468749999 0.2470703125 0.883556546875
0 0.2666015625 0.892011634375 0.2763671875 0.892011634375 0.2958984375 0.883556546875 0.3017578125 0.8793290046875001 0.3046875 0.8729876890625 0.302734375 0.4671435328125 0.30078125 0.340317234375 0.298828125 0.31917951875 0.296875 0.31072443125000004 0.2373046875 0.1817843609375 0.2333984375 0.17755681875 0.2216796875 0.17755681875 0.2099609375 0.1817843609375 0.2060546875 0.1860119046875 0.205078125 0.1881256765625 0.205078125 0.2134909359375 0.265625 0.8898978625 0.2666015625 0.892011634375
0 0.30859375 0.8772152328124999 0.3134765625 0.8877840906250001 0.3232421875 0.8877840906250001 0.326171875 0.8814427765625 0.328125 0.860305059375 0.328125 0.20503585000000002 0.3251953125 0.198694534375 0.3037109375 0.198694534375 0.30078125 0.20503585000000002 0.30078125 0.31917951875 0.306640625 0.864532603125 0.30859375 0.8772152328124999
0 0.3525390625 0.9004667203125001 0.3935546875 0.896239178125 0.4033203125 0.892011634375 0.40625 0.8856703187500001 0.408203125 0.8729876890625 0.408203125 0.1881256765625 0.4033203125 0.173329275 0.3486328125 0.173329275 0.3330078125 0.17755681875 0.328125 0.1923532203125 0.326171875 0.6573829812499999 0.328125 0.8856703187500001 0.3330078125 0.896239178125 0.3525390625 0.9004667203125001
0 0.4423828125 0.9004667203125001 0.4462890625 0.896239178125 0.44921875 0.8856703187500001 0.44921875 0.1543053296875 0.4443359375 0.147964015625 0.4130859375 0.147964015625 0.41015625 0.1543053296875 0.408203125 0.6235626359374999 0.41015625 0.89412540625 0.4150390625 0.9004667203125001 0.4423828125 0.9004667203125001
0 0.4541015625 0.896239178125 0.4775390625 0.9046942640625 0.4833984375 0.9046942640625 0.48828125 0.89412540625 0.490234375 0.8814427765625 0.4921875 0.171215503125 0.490234375 0.1543053296875 0.4853515625 0.143736471875 0.4716796875 0.143736471875 0.4541015625 0.147964015625 0.44921875 0.1585328734375 0.44921875 0.6700656109375001 0.451171875 0.8898978625 0.4541015625 0.896239178125
0 0.5498046875 0.896239178125 0.552734375 0.8898978625 0.5546875 0.8772152328124999 0.55078125 0.1881256765625 0.5478515625 0.1817843609375 0.5205078125 0.1817843609375 0.4951171875 0.1860119046875 0.490234375 0.1965807625 0.48828125 0.8729876890625 0.490234375 0.8898978625 0.4951171875 0.896239178125 0.5498046875 0.896239178125
0 0.5595703125 0.896239178125 0.5732421875 0.9004667203125001 0.5849609375 0.9004667203125001 0.5908203125 0.896239178125 0.59375 0.8898978625 0.59765625 0.1627604171875 0.5908203125 0.147964015625 0.5869140625 0.143736471875 0.5595703125 0.147964015625 0.5537109375 0.1564191015625 0.55078125 0.1627604171875 0.55078125 0.1796705890625 0.5546875 0.8856703187500001 0.5595703125 0.896239178125
0 0.63671875 0.8856703187500001 0.634765625 0.1796705890625 0.6298828125 0.173329275 0.6162109375 0.173329275 0.5986328125 0.17755681875 0.595703125 0.1881256765625 0.59375 0.8814427765625 0.5986328125 0.892011634375 0.6337890625 0.892011634375 0.63671875 0.8856703187500001
0 0.6416015625 0.892011634375 0.6533203125 0.892011634375 0.65625 0.8856703187500001 0.65625 0.171215503125 0.6533203125 0.1648741890625 0.6455078125 0.1606466453125 0.6357421875 0.1648741890625 0.634765625 0.166987959375 0.634765625 0.7165685875000001 0.63671875 0.8856703187500001 0.6416015625 0.892011634375
0 0.6923828125 0.892011634375 0.6953125 0.8856703187500001 0.6953125 0.6447003515625 0.693359375 0.3064968890625 0.69140625 0.1585328734375 0.6904296875 0.1564191015625 0.6611328125 0.1564191015625 0.65625 0.166987959375 0.658203125 0.8856703187500001 0.6611328125 0.892011634375 0.6923828125 0.892011634375
0 0.6982421875 0.892011634375 0.7158203125 0.892011634375 0.71875 0.8856703187500001 0.71875 0.83916734375 0.71484375 0.166987959375 0.7099609375 0.1521915578125 0.6962890625 0.1521915578125 0.693359375 0.1585328734375 0.693359375 0.8349398000000001 0.6953125 0.8856703187500001 0.6982421875 0.892011634375
0 0.7236328125 0.892011634375 0.7509765625 0.892011634375 0.75390625 0.8856703187500001 0.75390625 0.6404728078125 0.75 0.1881256765625 0.748046875 0.1585328734375 0.7451171875 0.1521915578125 0.7177734375 0.1521915578125 0.71484375 0.1585328734375 0.71484375 0.4671435328125 0.71875 0.8856703187500001 0.7236328125 0.892011634375
0 0.7919921875 0.892011634375 0.79296875 0.8898978625 0.79296875 0.6996584140625 0.787109375 0.112029896875 0.7822265625 0.1056885828125 0.7802734375 0.1056885828125 0.7529296875 0.109916125 0.75 0.11625744062500001 0.7421875 0.1416227 0.755859375 0.8856703187500001 0.7587890625 0.892011634375 0.7919921875 0.892011634375
0 0.7978515625 0.892011634375 0.8251953125 0.892011634375 0.826171875 0.8898978625 0.826171875 0.77575419375 0.818359375 0.1585328734375 0.81640625 0.1416227 0.8134765625 0.1352813859375 0.7919921875 0.139508928125 0.7890625 0.14585024375 0.7890625 0.2769040859375 0.794921875 0.8814427765625 0.7978515625 0.892011634375
0 0.828125 0.8772152328124999 0.8330078125 0.892011634375 0.8623046875 0.892011634375 0.8671875 0.8814427765625 0.8671875 0.860305059375 0.85546875 0.1585328734375 0.853515625 0.14585024375 0.8505859375 0.139508928125 0.8232421875 0.139508928125 0.8203125 0.14585024375 0.8203125 0.28535917187500004 0.82421875 0.6742931546875 0.828125 0.8772152328124999
0 0.8701171875 0.8793290046875001 0.8759765625 0.883556546875 0.8955078125 0.883556546875 0.90234375 0.8772152328124999 0.90234375 0.7799817375 0.888671875 0.13739515625 0.88671875 0.12894007031250002 0.8818359375 0.12259875468749999 0.8740234375 0.12259875468749999 0.85546875 0.1416227 0.853515625 0.1838981328125 0.865234375 0.8518499734375 0.8671875 0.8729876890625 0.8701171875 0.8793290046875001
0 0.90234375 0.8729876890625 0.9052734375 0.883556546875 0.9345703125 0.883556546875 0.9375 0.8729876890625 0.9375 0.8687601468749999 0.921875 0.1500777875 0.9189453125 0.139508928125 0.8916015625 0.139508928125 0.890625 0.1416227 0.890625 0.289586715625 0.892578125 0.4333231875 0.90234375 0.8729876890625