1 0.0869140625 0.714454815625 0.087890625 0.71234104375 0.08984375 0.6742931546875 0.08984375 0.6447003515625 0.0888671875 0.6425865796875 0.0732421875 0.6383590375 0.0654296875 0.6383590375 0.0556640625 0.6425865796875 0.052734375 0.6658380687500001 0.05078125 0.6912033281250001 0.05078125 0.71234104375 0.0517578125 0.714454815625 0.0869140625 0.714454815625
1 0.146484375 0.7081135015625 0.150390625 0.6531554390625 0.150390625 0.6404728078125 0.1474609375 0.63413149375 0.1220703125 0.62990395 0.0947265625 0.62990395 0.091796875 0.6362452656250001 0.08984375 0.6531554390625 0.087890625 0.7038859578125 0.0908203125 0.7102272734375 0.1455078125 0.7102272734375 0.146484375 0.7081135015625
1 0.205078125 0.7081135015625 0.208984375 0.6447003515625 0.2060546875 0.6383590375 0.1943359375 0.63413149375 0.1552734375 0.62990395 0.150390625 0.6404728078125 0.1484375 0.6700656109375001 0.146484375 0.7038859578125 0.1494140625 0.7102272734375 0.2021484375 0.714454815625 0.205078125 0.7081135015625
1 0.2099609375 0.7102272734375 0.2314453125 0.7102272734375 0.232421875 0.7081135015625 0.236328125 0.6616105250000001 0.236328125 0.6362452656250001 0.2353515625 0.63413149375 0.2119140625 0.63413149375 0.208984375 0.6404728078125 0.20703125 0.6616105250000001 0.205078125 0.695430871875 0.205078125 0.7038859578125 0.2060546875 0.7059997296875 0.2099609375 0.7102272734375
1 0.2529296875 0.7102272734375 0.255859375 0.7038859578125 0.259765625 0.6404728078125 0.2568359375 0.63413149375 0.2431640625 0.62990395 0.23828125 0.6362452656250001 0.236328125 0.6489278953125 0.234375 0.6785206984375 0.234375 0.7038859578125 0.2392578125 0.7102272734375 0.2529296875 0.7102272734375
1 0.2900390625 0.7229099031249999 0.3017578125 0.7229099031249999 0.30859375 0.7081135015625 0.314453125 0.6531554390625 0.314453125 0.6362452656250001 0.3115234375 0.62990395 0.3056640625 0.62567640625 0.2666015625 0.6172213203125 0.2626953125 0.6172213203125 0.259765625 0.6277901781249999 0.255859375 0.6785206984375 0.255859375 0.71234104375 0.2568359375 0.714454815625 0.2900390625 0.7229099031249999
1 0.3564453125 0.714454815625 0.359375 0.7081135015625 0.365234375 0.6447003515625 0.365234375 0.6404728078125 0.3623046875 0.63413149375 0.3232421875 0.6214488640625 0.3212890625 0.6214488640625 0.318359375 0.6277901781249999 0.314453125 0.6700656109375001 0.314453125 0.695430871875 0.3173828125 0.7017721859375 0.3564453125 0.714454815625
1 0.412109375 0.6996584140625 0.416015625 0.6658380687500001 0.41796875 0.6362452656250001 0.4150390625 0.62990395 0.4072265625 0.6214488640625 0.3876953125 0.6129937765625 0.3701171875 0.608766234375 0.3671875 0.6151075484375 0.36328125 0.6531554390625 0.361328125 0.682748240625 0.3642578125 0.68908955625 0.4091796875 0.7059997296875 0.412109375 0.6996584140625
1 0.4580078125 0.6975446421875 0.4638671875 0.6975446421875 0.466796875 0.6912033281250001 0.474609375 0.6277901781249999 0.4677734375 0.6172213203125 0.4365234375 0.600311146875 0.4326171875 0.600311146875 0.4296875 0.6066524624999999 0.423828125 0.6447003515625 0.421875 0.6616105250000001 0.421875 0.6742931546875 0.4248046875 0.6806344703125 0.4580078125 0.6975446421875
1 0.5009765625 0.7017721859375 0.509765625 0.6447003515625 0.509765625 0.6277901781249999 0.4970703125 0.6172213203125 0.4814453125 0.608766234375 0.4765625 0.6193350921875 0.470703125 0.6616105250000001 0.46875 0.682748240625 0.4716796875 0.68908955625 0.4931640625 0.7017721859375 0.5009765625 0.7017721859375
1 0.546875 0.6912033281250001 0.548828125 0.6785206984375 0.5546875 0.6320177218749999 0.5546875 0.6235626359374999 0.5478515625 0.6129937765625 0.5361328125 0.604538690625 0.5205078125 0.5960836031250001 0.5166015625 0.5960836031250001 0.513671875 0.6066524624999999 0.5078125 0.6531554390625 0.505859375 0.6700656109375001 0.5087890625 0.6764069265625 0.5439453125 0.6975446421875 0.546875 0.6912033281250001
1 0.5947265625 0.7102272734375 0.59765625 0.7038859578125 0.60546875 0.6404728078125 0.60546875 0.6320177218749999 0.6025390625 0.62567640625 0.5751953125 0.604538690625 0.5615234375 0.600311146875 0.55859375 0.6066524624999999 0.5546875 0.6277901781249999 0.55078125 0.6616105250000001 0.55078125 0.6742931546875 0.5537109375 0.6806344703125 0.5947265625 0.7102272734375
1 0.6318359375 0.7059997296875 0.6357421875 0.7059997296875 0.638671875 0.695430871875 0.642578125 0.6700656109375001 0.646484375 0.6362452656250001 0.646484375 0.6277901781249999 0.6435546875 0.6214488640625 0.6142578125 0.604538690625 0.609375 0.6151075484375 0.603515625 0.6573829812499999 0.6015625 0.6785206984375 0.6044921875 0.6848620125 0.6181640625 0.6975446421875 0.6318359375 0.7059997296875
1 0.6728515625 0.7059997296875 0.6767578125 0.7059997296875 0.6796875 0.6996584140625 0.6875 0.6447003515625 0.6875 0.6277901781249999 0.6708984375 0.6129937765625 0.6591796875 0.604538690625 0.6552734375 0.604538690625 0.650390625 0.6193350921875 0.64453125 0.6531554390625 0.642578125 0.6700656109375001 0.642578125 0.6785206984375 0.6435546875 0.6806344703125 0.6728515625 0.7059997296875
1 0.7412109375 0.7017721859375 0.7470703125 0.7017721859375 0.75 0.695430871875 0.759765625 0.6277901781249999 0.7548828125 0.6172213203125 0.7119140625 0.5876285171875 0.7021484375 0.5876285171875 0.697265625 0.598197375 0.689453125 0.6489278953125 0.689453125 0.6658380687500001 0.6904296875 0.6679518390625 0.7412109375 0.7017721859375
1 0.7744140625 0.7017721859375 0.779296875 0.6742931546875 0.78515625 0.6277901781249999 0.7822265625 0.6214488640625 0.7646484375 0.608766234375 0.759765625 0.6235626359374999 0.755859375 0.6489278953125 0.751953125 0.6785206984375 0.751953125 0.6869757843750001 0.7705078125 0.7017721859375 0.7744140625 0.7017721859375
1 0.8212890625 0.7102272734375 0.826171875 0.695430871875 0.830078125 0.6616105250000001 0.83203125 0.6320177218749999 0.8212890625 0.6214488640625 0.8115234375 0.6172213203125 0.7978515625 0.6172213203125 0.794921875 0.6277901781249999 0.791015625 0.6573829812499999 0.7890625 0.6785206984375 0.7890625 0.6912033281250001 0.7900390625 0.6933171 0.8212890625 0.7102272734375
1 0.8857421875 0.714454815625 0.88671875 0.71234104375 0.892578125 0.6531554390625 0.892578125 0.6362452656250001 0.8916015625 0.63413149375 0.8466796875 0.604538690625 0.8408203125 0.604538690625 0.83984375 0.6066524624999999 0.8359375 0.6320177218749999 0.83203125 0.6742931546875 0.8330078125 0.6806344703125 0.8798828125 0.714454815625 0.8857421875 0.714454815625
0 0.076171875 0.944855925 0.1171875 0.23040110937499997 0.12109375 0.1585328734375 0.12109375 0.1543053296875 0.1181640625 0.143736471875 0.0888671875 0.143736471875 0.083984375 0.1543053296875 0.08203125 0.166987959375 0.078125 0.21771847968750002 0.0390625 0.8856703187500001 0.037109375 0.9533110125 0.0419921875 0.9638798703125 0.0732421875 0.9638798703125 0.076171875 0.944855925
0 0.1201171875 0.9681074140625 0.126953125 0.9575385546874999 0.1328125 0.9110355796875 0.1484375 0.6869757843750001 0.1796875 0.1416227 0.1796875 0.12048498437499999 0.1748046875 0.11414366875 0.1279296875 0.109916125 0.123046875 0.12048498437499999 0.12109375 0.1331676140625 0.0859375 0.7165685875000001 0.076171875 0.9321732953125 0.076171875 0.9617660984375 0.0791015625 0.9681074140625 0.1201171875 0.9681074140625
0 0.1650390625 0.9681074140625 0.1845703125 0.9638798703125 0.189453125 0.9490834687499999 0.19140625 0.9321732953125 0.232421875 0.31072443125000004 0.2421875 0.1500777875 0.2421875 0.112029896875 0.2373046875 0.1056885828125 0.2255859375 0.1014610390625 0.1884765625 0.1014610390625 0.185546875 0.107802353125 0.181640625 0.12471252656250001 0.1796875 0.1416227 0.1484375 0.6616105250000001 0.1328125 0.9575385546874999 0.1357421875 0.9638798703125 0.1416015625 0.9681074140625 0.1650390625 0.9681074140625
0 0.2138671875 0.9638798703125 0.216796875 0.9575385546874999 0.21875 0.9321732953125 0.271484375 0.13739515625 0.271484375 0.10357481093750001 0.2646484375 0.093005953125 0.2490234375 0.093005953125 0.244140625 0.0993472671875 0.193359375 0.8814427765625 0.19140625 0.915263121875 0.19140625 0.9617660984375 0.1923828125 0.9638798703125 0.2138671875 0.9638798703125
0 0.2314453125 0.9638798703125 0.23828125 0.9533110125 0.275390625 0.42909564375000003 0.296875 0.107802353125 0.296875 0.0993472671875 0.2939453125 0.093005953125 0.2763671875 0.093005953125 0.2734375 0.0993472671875 0.22265625 0.8518499734375 0.216796875 0.9533110125 0.2197265625 0.9596523265625001 0.2255859375 0.9638798703125 0.2314453125 0.9638798703125
0 0.2880859375 0.9638798703125 0.291015625 0.9575385546874999 0.361328125 0.14585024375 0.359375 0.1331676140625 0.3466796875 0.1056885828125 0.3408203125 0.0972334953125 0.2998046875 0.0972334953125 0.296875 0.10357481093750001 0.2890625 0.1965807625 0.2421875 0.8729876890625 0.23828125 0.9490834687499999 0.2431640625 0.9596523265625001 0.2568359375 0.9638798703125 0.2880859375 0.9638798703125
0 0.3505859375 0.63413149375 0.3623046875 0.63413149375 0.3671875 0.6193350921875 0.369140625 0.6024249187499999 0.41015625 0.14585024375 0.412109375 0.112029896875 0.4091796875 0.1056885828125 0.4052734375 0.1014610390625 0.3701171875 0.1014610390625 0.365234375 0.112029896875 0.361328125 0.1416227 0.3515625 0.2473112828125 0.3203125 0.6024249187499999 0.3203125 0.6193350921875 0.3232421875 0.62567640625 0.3505859375 0.63413149375
0 0.3818359375 0.9681074140625 0.384765625 0.9617660984375 0.462890625 0.31917951875 0.47265625 0.20080830624999998 0.47265625 0.0951197234375 0.4609375 0.0443892046875 0.4541015625 0.033820346875000004 0.4443359375 0.029592803125 0.4248046875 0.029592803125 0.41796875 0.040161660937499996 0.3359375 0.9490834687499999 0.3427734375 0.9596523265625001 0.3525390625 0.9638798703125 0.3818359375 0.9681074140625
0 0.5146484375 0 0.5107421875 0.00422754375 0.505859375 0.019023945312500002 0.470703125 0.281131628125 0.390625 0.9068080359374999 0.388671875 0.9406283828124999 0.3916015625 0.946969696875 0.4326171875 0.9638798703125 0.453125 0.8772152328124999 0.5546875 0.031706575 0.5546875 0.0147964015625 0.5498046875 0.00422754375 0.5439453125 0 0.5146484375 0
0 0.4599609375 0.9638798703125 0.4716796875 0.9638798703125 0.57421875 0.11625744062500001 0.57421875 0.10357481093750001 0.5673828125 0.088778409375 0.5498046875 0.084550865625 0.54296875 0.10357481093750001 0.455078125 0.7799817375 0.4375 0.9321732953125 0.4375 0.944855925 0.4443359375 0.9554247828125 0.4599609375 0.9638798703125
0 0.5419921875 0.5918560609375 0.5576171875 0.5918560609375 0.55859375 0.5897422890625 0.5625 0.568604571875 0.583984375 0.407957928125 0.623046875 0.0993472671875 0.623046875 0.07820955156250001 0.6181640625 0.06764069218749999 0.5888671875 0.0549580625 0.58203125 0.0697544640625 0.576171875 0.10357481093750001 0.5625 0.20503585000000002 0.5234375 0.517874053125 0.51953125 0.5516943999999999 0.51953125 0.572832115625 0.5205078125 0.5749458875 0.5419921875 0.5918560609375
0 0.5283203125 0.946969696875 0.5419921875 0.9554247828125 0.5634765625 0.9638798703125 0.56640625 0.9575385546874999 0.595703125 0.7292512171875 0.669921875 0.12471252656250001 0.671875 0.0993472671875 0.6669921875 0.088778409375 0.6376953125 0.0718682359375 0.6298828125 0.0718682359375 0.625 0.07820955156250001 0.5546875 0.6277901781249999 0.51953125 0.9279457515624999 0.51953125 0.9364008390624999 0.5224609375 0.942742153125 0.5283203125 0.946969696875
0 0.6005859375 0.9638798703125 0.603515625 0.9575385546874999 0.607421875 0.9364008390624999 0.64453125 0.6573829812499999 0.7109375 0.12894007031250002 0.71484375 0.0951197234375 0.71484375 0.0697544640625 0.7138671875 0.06764069218749999 0.6962890625 0.05918560625 0.6865234375 0.05918560625 0.681640625 0.0739820078125 0.595703125 0.6912033281250001 0.5703125 0.9194906656249999 0.5703125 0.9406283828124999 0.5791015625 0.9511972406250001 0.6005859375 0.9638798703125
0 0.7412109375 0 0.734375 0.02747903125 0.658203125 0.5432393125 0.611328125 0.8983529484374999 0.609375 0.915263121875 0.609375 0.9364008390624999 0.6103515625 0.9385146109375 0.6298828125 0.9511972406250001 0.6396484375 0.9511972406250001 0.640625 0.9490834687499999 0.64453125 0.9321732953125 0.6640625 0.809574540625 0.765625 0.12048498437499999 0.779296875 0.019023945312500002 0.779296875 0.006341315625000001 0.7763671875 0 0.7412109375 0
0 0.6787109375 0.9511972406250001 0.6982421875 0.9638798703125 0.7060546875 0.9638798703125 0.7109375 0.9533110125 0.7421875 0.7546164765625 0.787109375 0.4460058171875 0.833984375 0.112029896875 0.8359375 0.0951197234375 0.8359375 0.0655269203125 0.8310546875 0.05918560625 0.8251953125 0.0549580625 0.7978515625 0.0465029765625 0.7861328125 0.0465029765625 0.775390625 0.0655269203125 0.6640625 0.8180296265625 0.65625 0.8814427765625 0.654296875 0.8983529484374999 0.654296875 0.923718209375 0.6572265625 0.9300595234375001 0.6787109375 0.9511972406250001
0 0.7353515625 0.9596523265625001 0.740234375 0.944855925 0.74609375 0.9068080359374999 0.859375 0.107802353125 0.86328125 0.07820955156250001 0.86328125 0.061299378125000005 0.8603515625 0.0549580625 0.8447265625 0.050730518749999995 0.83984375 0.0655269203125 0.71875 0.9068080359374999 0.71484375 0.9364008390624999 0.716796875 0.944855925 0.7236328125 0.9554247828125 0.7353515625 0.9596523265625001
0 0.7763671875 0.9511972406250001 0.7841796875 0.9554247828125 0.7939453125 0.9554247828125 0.796875 0.9490834687499999 0.802734375 0.9194906656249999 0.873046875 0.281131628125 0.892578125 0.0866646375 0.892578125 0.0655269203125 0.8896484375 0.05918560625 0.8720703125 0.050730518749999995 0.8671875 0.057071834375 0.86328125 0.07820955156250001 0.7890625 0.6362452656250001 0.771484375 0.7799817375 0.7578125 0.9068080359374999 0.7578125 0.9321732953125 0.7607421875 0.9385146109375 0.7763671875 0.9511972406250001
0 0.8505859375 0.9596523265625001 0.8583984375 0.9596523265625001 0.861328125 0.9533110125 0.869140625 0.89412540625 0.951171875 0.08243709375 0.953125 0.061299378125000005 0.953125 0.035934117187499996 0.9521484375 0.033820346875000004 0.9462890625 0.029592803125 0.9052734375 0.0211377171875 0.9013671875 0.025365259374999997 0.89453125 0.040161660937499996 0.892578125 0.0486167484375 0.8046875 0.8856703187500001 0.802734375 0.9068080359374999 0.802734375 0.923718209375 0.8056640625 0.9300595234375001 0.8505859375 0.9596523265625001