1 0.0380859375 0.5834009734375 0.0693359375 0.5749458875 0.0751953125 0.5707183437500001 0.078125 0.5643770296875 0.0732421875 0.5157602812500001 0.0595703125 0.5157602812500001 0.0263671875 0.5242153671875001 0.0234375 0.5305566828125 0.02734375 0.568604571875 0.0302734375 0.5834009734375 0.0380859375 0.5834009734375
1 0.1767578125 0.600311146875 0.19921875 0.568604571875 0.19921875 0.5601494859375 0.1865234375 0.5242153671875001 0.1806640625 0.5242153671875001 0.1630859375 0.549580628125 0.16015625 0.5559219421875 0.16796875 0.5855147453125 0.1748046875 0.600311146875 0.1767578125 0.600311146875
1 0.2216796875 0.62990395 0.2255859375 0.62990395 0.2705078125 0.5749458875 0.271484375 0.572832115625 0.271484375 0.5643770296875 0.263671875 0.5347842265625 0.2587890625 0.5242153671875001 0.2548828125 0.5242153671875001 0.2353515625 0.5453530843750001 0.2099609375 0.57917343125 0.208984375 0.581287203125 0.208984375 0.5897422890625 0.220703125 0.6277901781249999 0.2216796875 0.62990395
1 0.3095703125 0.6214488640625 0.3115234375 0.6214488640625 0.3505859375 0.5664908015625 0.353515625 0.5601494859375 0.353515625 0.5559219421875 0.34375 0.522101596875 0.3408203125 0.5157602812500001 0.3388671875 0.5157602812500001 0.2978515625 0.5622632578125 0.294921875 0.568604571875 0.294921875 0.5770596593749999 0.3046875 0.6108800046875 0.3095703125 0.6214488640625
1 0.3720703125 0.62990395 0.3759765625 0.62990395 0.4150390625 0.57917343125 0.419921875 0.568604571875 0.419921875 0.5601494859375 0.41015625 0.5263291390625 0.4072265625 0.5199878250000001 0.4033203125 0.5199878250000001 0.3662109375 0.5707183437500001 0.359375 0.5855147453125 0.359375 0.5897422890625 0.37109375 0.6277901781249999 0.3720703125 0.62990395
1 0.4375 0.6193350921875 0.4423828125 0.62990395 0.4462890625 0.62990395 0.4873046875 0.5834009734375 0.490234375 0.5770596593749999 0.490234375 0.5643770296875 0.482421875 0.5347842265625 0.4794921875 0.5284429109375 0.4736328125 0.5284429109375 0.4326171875 0.5749458875 0.4296875 0.581287203125 0.4296875 0.5897422890625 0.431640625 0.598197375 0.4375 0.6193350921875
1 0.5205078125 0.63413149375 0.5263671875 0.63413149375 0.5693359375 0.5834009734375 0.572265625 0.5770596593749999 0.572265625 0.568604571875 0.564453125 0.5347842265625 0.5595703125 0.5242153671875001 0.5107421875 0.57917343125 0.5078125 0.5855147453125 0.5078125 0.5897422890625 0.517578125 0.6277901781249999 0.5205078125 0.63413149375
1 0.6201171875 0.6383590375 0.6240234375 0.6383590375 0.6611328125 0.600311146875 0.6708984375 0.5876285171875 0.673828125 0.581287203125 0.673828125 0.5770596593749999 0.66796875 0.5516943999999999 0.6591796875 0.5284429109375 0.6103515625 0.5834009734375 0.607421875 0.5897422890625 0.607421875 0.5939698328125 0.615234375 0.6277901781249999 0.6201171875 0.6383590375
1 0.7099609375 0.6510416671875 0.7138671875 0.6510416671875 0.7626953125 0.5960836031250001 0.767578125 0.5855147453125 0.767578125 0.581287203125 0.76171875 0.5559219421875 0.7529296875 0.5326704546875 0.7197265625 0.5707183437500001 0.7001953125 0.5960836031250001 0.69921875 0.598197375 0.69921875 0.6108800046875 0.70703125 0.6447003515625 0.7099609375 0.6510416671875
1 0.8232421875 0.6721793828125 0.8291015625 0.6721793828125 0.8349609375 0.6679518390625 0.8779296875 0.6214488640625 0.884765625 0.6108800046875 0.884765625 0.598197375 0.876953125 0.5643770296875 0.8720703125 0.5538081703125 0.8681640625 0.5538081703125 0.8154296875 0.6129937765625 0.8125 0.6193350921875 0.814453125 0.6362452656250001 0.822265625 0.6700656109375001 0.8232421875 0.6721793828125
1 0.9248046875 0.6679518390625 0.9287109375 0.6679518390625 0.9345703125 0.663724296875 0.9599609375 0.6383590375 0.9716796875 0.6214488640625 0.9765625 0.6108800046875 0.9765625 0.598197375 0.9658203125 0.549580628125 0.9189453125 0.604538690625 0.9140625 0.6151075484375 0.9140625 0.6235626359374999 0.921875 0.6616105250000001 0.9248046875 0.6679518390625
0 0 0.34877232187499996 0.02734375 0.5770596593749999 0.046875 0.7334787609375 0.048828125 0.7419338468750001 0.0556640625 0.7482751624999999 0.0771484375 0.7482751624999999 0.0869140625 0.74404761875 0.1396484375 0.7102272734375 0.1787109375 0.6764069265625 0.18359375 0.6658380687500001 0.185546875 0.6573829812499999 0.15625 0.21771847968750002 0.154296875 0.2092633921875 0.1513671875 0.202922078125 0.1435546875 0.198694534375 0.0517578125 0.17755681875 0.0400390625 0.17755681875 0.0009765625 0.1902394484375 0 0.1923532203125 0 0.34877232187499996
0 0.212890625 0.7377063046875 0.2138671875 0.739820075 0.2216796875 0.739820075 0.2255859375 0.7355925328125 0.2392578125 0.714454815625 0.2421875 0.7081135015625 0.2421875 0.7038859578125 0.16796875 0.2473112828125 0.1669921875 0.24519751093750003 0.1513671875 0.2409699671875 0.1435546875 0.2409699671875 0.1337890625 0.24519751093750003 0.1083984375 0.2747903140625 0.1025390625 0.2832454 0.095703125 0.29804180156250004 0.09375 0.3064968890625 0.09375 0.31917951875 0.16796875 0.5855147453125 0.212890625 0.7377063046875
0 0.166015625 0.458688446875 0.26171875 0.7672991078125 0.2666015625 0.7778679656249999 0.2724609375 0.7778679656249999 0.3056640625 0.74404761875 0.3173828125 0.7271374453125 0.328125 0.7038859578125 0.328125 0.695430871875 0.2421875 0.24308373906249997 0.2392578125 0.236742425 0.2119140625 0.23251488125000003 0.1923828125 0.23251488125000003 0.1787109375 0.236742425 0.1298828125 0.2959280296875 0.126953125 0.3022693453125 0.126953125 0.31917951875 0.1328125 0.340317234375 0.166015625 0.458688446875
0 0.345703125 0.750388934375 0.3505859375 0.7609577921875 0.3603515625 0.7567302484375 0.3837890625 0.7313649890625 0.390625 0.72079613125 0.392578125 0.71234104375 0.392578125 0.6996584140625 0.390625 0.6912033281250001 0.359375 0.581287203125 0.35546875 0.568604571875 0.3486328125 0.5538081703125 0.3203125 0.5897422890625 0.310546875 0.6151075484375 0.310546875 0.6277901781249999 0.330078125 0.6996584140625 0.345703125 0.750388934375
0 0.2890625 0.5559219421875 0.2958984375 0.5664908015625 0.2998046875 0.5664908015625 0.3330078125 0.5284429109375 0.337890625 0.513646509375 0.337890625 0.5009638796875 0.30859375 0.24308373906249997 0.3017578125 0.23251488125000003 0.2744140625 0.21983225156250003 0.2646484375 0.21983225156250003 0.2158203125 0.2705627703125 0.2109375 0.281131628125 0.2109375 0.289586715625 0.212890625 0.29804180156250004 0.2890625 0.5559219421875
0 0.41015625 0.7588440203125 0.4150390625 0.769412878125 0.4189453125 0.7736404218749999 0.4248046875 0.7736404218749999 0.4423828125 0.7567302484375 0.4599609375 0.7313649890625 0.462890625 0.725023675 0.462890625 0.7081135015625 0.3671875 0.251538825 0.3623046875 0.24519751093750003 0.3408203125 0.23251488125000003 0.3349609375 0.23251488125000003 0.3115234375 0.2494250546875 0.2841796875 0.2790178578125 0.27734375 0.293814259375 0.28125 0.314951975 0.396484375 0.72079613125 0.41015625 0.7588440203125
0 0.419921875 0.5601494859375 0.462890625 0.7081135015625 0.48046875 0.7630715640625 0.4892578125 0.782095509375 0.4931640625 0.7863230515625 0.5107421875 0.7736404218749999 0.5361328125 0.74404761875 0.5390625 0.7334787609375 0.5390625 0.72079613125 0.41015625 0.2388561953125 0.4052734375 0.2282873375 0.3935546875 0.2282873375 0.3818359375 0.2409699671875 0.3525390625 0.2832454 0.349609375 0.289586715625 0.349609375 0.3064968890625 0.35546875 0.3318621484375 0.419921875 0.5601494859375
0 0.55859375 0.7799817375 0.5654296875 0.7905505953125 0.5712890625 0.7905505953125 0.6181640625 0.74404761875 0.625 0.7292512171875 0.62109375 0.71234104375 0.501953125 0.25576636875 0.482421875 0.1881256765625 0.4794921875 0.1817843609375 0.4736328125 0.17755681875 0.4482421875 0.202922078125 0.4150390625 0.2409699671875 0.41015625 0.251538825 0.421875 0.3022693453125 0.521484375 0.6573829812499999 0.55859375 0.7799817375
0 0.63671875 0.7292512171875 0.65234375 0.7799817375 0.6630859375 0.7990056812499999 0.6728515625 0.7990056812499999 0.6982421875 0.782095509375 0.71484375 0.7419338468750001 0.71484375 0.7377063046875 0.685546875 0.6193350921875 0.642578125 0.45446090312500004 0.5859375 0.24308373906249997 0.5771484375 0.21983225156250003 0.5732421875 0.21983225156250003 0.5166015625 0.2790178578125 0.515625 0.281131628125 0.515625 0.289586715625 0.537109375 0.37413758124999996 0.63671875 0.7292512171875
0 0.69921875 0.6742931546875 0.734375 0.7968919109375 0.7451171875 0.8116883109374999 0.7529296875 0.8116883109374999 0.7880859375 0.7863230515625 0.8056640625 0.769412878125 0.8154296875 0.7567302484375 0.8203125 0.7419338468750001 0.8203125 0.7292512171875 0.8125 0.6912033281250001 0.662109375 0.0993472671875 0.6611328125 0.0972334953125 0.6552734375 0.0972334953125 0.5712890625 0.17755681875 0.5703125 0.1838981328125 0.57421875 0.20503585000000002 0.6015625 0.31072443125000004 0.69921875 0.6742931546875
0 0.7421875 0.4206405578125 0.84375 0.809574540625 0.8486328125 0.8201433984375001 0.8583984375 0.832826028125 0.8701171875 0.8412811140625 0.8896484375 0.8412811140625 0.9228515625 0.8074607687500001 0.9296875 0.7926643671875 0.93359375 0.77152665 0.9296875 0.746161390625 0.8828125 0.53901176875 0.79296875 0.1627604171875 0.7861328125 0.147964015625 0.7822265625 0.143736471875 0.7763671875 0.143736471875 0.6982421875 0.20714962187500002 0.693359375 0.21771847968750002 0.693359375 0.2219460234375 0.705078125 0.27267654218750004 0.7421875 0.4206405578125
0 1 0.7038859578125 0.8984375 0.21771847968750002 0.8935546875 0.20714962187500002 0.8779296875 0.20714962187500002 0.8349609375 0.22405979375 0.8173828125 0.236742425 0.814453125 0.24308373906249997 0.814453125 0.25999391250000004 0.9453125 0.8180296265625 0.9521484375 0.832826028125 0.9560546875 0.8370535718750001 0.9677734375 0.8370535718750001 0.9814453125 0.828598484375 0.9970703125 0.8116883109374999 1 0.8053469968750001 1 0.7038859578125