1 0.1298828125 0.655269209375 0.1396484375 0.655269209375 0.1650390625 0.6468141234375 0.1826171875 0.6383590375 0.185546875 0.6320177218749999 0.1796875 0.581287203125 0.1767578125 0.5749458875 0.1708984375 0.5749458875 0.1220703125 0.5918560609375 0.119140625 0.598197375 0.12109375 0.6151075484375 0.125 0.6404728078125 0.1298828125 0.655269209375
1 0.2197265625 0.659496753125 0.2666015625 0.6468141234375 0.27734375 0.6404728078125 0.27734375 0.6235626359374999 0.275390625 0.6024249187499999 0.2705078125 0.57917343125 0.2607421875 0.57917343125 0.2119140625 0.5960836031250001 0.2109375 0.598197375 0.2109375 0.6151075484375 0.216796875 0.6531554390625 0.2197265625 0.659496753125
1 0.3779296875 0.6764069265625 0.3818359375 0.6764069265625 0.3876953125 0.6721793828125 0.4072265625 0.655269209375 0.41015625 0.6489278953125 0.400390625 0.6024249187499999 0.3974609375 0.5960836031250001 0.3935546875 0.5960836031250001 0.3701171875 0.6172213203125 0.3671875 0.6235626359374999 0.3671875 0.6362452656250001 0.375 0.6700656109375001 0.3779296875 0.6764069265625
1 0.4873046875 0.74404761875 0.5029296875 0.7313649890625 0.5400390625 0.6933171 0.54296875 0.6869757843750001 0.54296875 0.6742931546875 0.533203125 0.6362452656250001 0.5302734375 0.62990395 0.5244140625 0.62990395 0.4697265625 0.6848620125 0.46875 0.6912033281250001 0.4765625 0.725023675 0.4833984375 0.74404761875 0.4873046875 0.74404761875
1 0.6005859375 0.7355925328125 0.6083984375 0.7355925328125 0.6298828125 0.718682359375 0.6630859375 0.6848620125 0.666015625 0.6785206984375 0.666015625 0.6700656109375001 0.65625 0.6277901781249999 0.6513671875 0.6172213203125 0.6494140625 0.6172213203125 0.5888671875 0.6764069265625 0.5859375 0.682748240625 0.587890625 0.695430871875 0.595703125 0.725023675 0.6005859375 0.7355925328125
1 0.7099609375 0.7229099031249999 0.7177734375 0.7229099031249999 0.7666015625 0.6806344703125 0.7783203125 0.6679518390625 0.78125 0.6616105250000001 0.77734375 0.6362452656250001 0.771484375 0.6108800046875 0.7666015625 0.600311146875 0.7001953125 0.659496753125 0.69921875 0.6616105250000001 0.69921875 0.6785206984375 0.70703125 0.7165685875000001 0.7099609375 0.7229099031249999
1 0.8388671875 0.7271374453125 0.8974609375 0.6764069265625 0.9013671875 0.6721793828125 0.90625 0.6616105250000001 0.90625 0.6573829812499999 0.89453125 0.6108800046875 0.8896484375 0.600311146875 0.8876953125 0.600311146875 0.8173828125 0.6679518390625 0.81640625 0.6742931546875 0.828125 0.72079613125 0.8310546875 0.7271374453125 0.8388671875 0.7271374453125
0 0.123046875 0.6700656109375001 0.138671875 0.7630715640625 0.150390625 0.8180296265625 0.1591796875 0.828598484375 0.1767578125 0.828598484375 0.1962890625 0.8243709421875 0.2216796875 0.8116883109374999 0.2255859375 0.8074607687500001 0.23046875 0.7968919109375 0.23046875 0.7926643671875 0.16796875 0.0739820078125 0.1611328125 0.06764069218749999 0.1337890625 0.06341315 0.1162109375 0.06341315 0.0537109375 0.088778409375 0.0380859375 0.0972334953125 0.03515625 0.10357481093750001 0.03515625 0.12471252656250001 0.0390625 0.1543053296875 0.123046875 0.6700656109375001
0 0.232421875 0.7926643671875 0.240234375 0.8264847124999999 0.2470703125 0.8370535718750001 0.2783203125 0.8370535718750001 0.3154296875 0.8201433984375001 0.3232421875 0.8116883109374999 0.3515625 0.7377063046875 0.35546875 0.7165685875000001 0.35546875 0.6996584140625 0.29296875 0.10357481093750001 0.2880859375 0.093005953125 0.2685546875 0.08032332187499999 0.2255859375 0.06764069218749999 0.1416015625 0.109916125 0.1298828125 0.1183712125 0.12890625 0.12048498437499999 0.12890625 0.12894007031250002 0.146484375 0.251538825 0.232421875 0.7926643671875
0 0.3046875 0.48828125 0.400390625 0.8518499734375 0.4052734375 0.8581912875000001 0.4208984375 0.8581912875000001 0.4560546875 0.8370535718750001 0.4658203125 0.828598484375 0.4794921875 0.8116883109374999 0.484375 0.7968919109375 0.484375 0.77575419375 0.345703125 0.1331676140625 0.337890625 0.10357481093750001 0.3271484375 0.084550865625 0.3154296875 0.08032332187499999 0.3037109375 0.088778409375 0.232421875 0.1585328734375 0.23046875 0.166987959375 0.23046875 0.1838981328125 0.234375 0.2092633921875 0.3046875 0.48828125
0 0.404296875 0.45446090312500004 0.48046875 0.7377063046875 0.52734375 0.8898978625 0.5341796875 0.9004667203125001 0.5478515625 0.9004667203125001 0.5810546875 0.8751014609375 0.6005859375 0.8497362015625001 0.607421875 0.8349398000000001 0.607421875 0.8264847124999999 0.4375 0.12471252656250001 0.4267578125 0.1014610390625 0.4169921875 0.093005953125 0.3466796875 0.173329275 0.33984375 0.1881256765625 0.33984375 0.20080830624999998 0.345703125 0.226173565625 0.404296875 0.45446090312500004
0 0.6171875 0.8222571703125 0.640625 0.89412540625 0.6455078125 0.9046942640625 0.6572265625 0.91314935 0.6845703125 0.896239178125 0.7216796875 0.866646375 0.724609375 0.860305059375 0.724609375 0.8476224296874999 0.71875 0.8180296265625 0.55859375 0.166987959375 0.541015625 0.107802353125 0.5380859375 0.1014610390625 0.5322265625 0.1014610390625 0.4521484375 0.1860119046875 0.447265625 0.1965807625 0.447265625 0.20080830624999998 0.486328125 0.3656824953125 0.6171875 0.8222571703125
0 0.693359375 0.72079613125 0.73828125 0.8898978625 0.7451171875 0.9046942640625 0.7490234375 0.9089218078125001 0.7646484375 0.9089218078125001 0.8037109375 0.8793290046875001 0.8212890625 0.86241883125 0.8310546875 0.8497362015625001 0.8359375 0.83916734375 0.837890625 0.83071225625 0.837890625 0.8180296265625 0.8359375 0.8053469968750001 0.666015625 0.10357481093750001 0.6591796875 0.088778409375 0.6552734375 0.088778409375 0.5673828125 0.17755681875 0.564453125 0.1838981328125 0.564453125 0.1923532203125 0.5703125 0.21771847968750002 0.693359375 0.72079613125
0 0.865234375 0.9110355796875 0.8681640625 0.91737689375 0.8916015625 0.91737689375 0.9013671875 0.91314935 0.9326171875 0.896239178125 0.9619140625 0.8751014609375 0.9716796875 0.86241883125 0.97265625 0.860305059375 0.97265625 0.83071225625 0.9609375 0.77575419375 0.796875 0.10357481093750001 0.791015625 0.0866646375 0.7880859375 0.08032332187499999 0.7861328125 0.08032332187499999 0.6884765625 0.16910173125 0.685546875 0.175443046875 0.685546875 0.1838981328125 0.763671875 0.513646509375 0.865234375 0.9110355796875