1 0.0322265625 0.6214488640625 0.03515625 0.598197375 0.03515625 0.581287203125 0.0322265625 0.5749458875 0.0224609375 0.5707183437500001 0.0107421875 0.5707183437500001 0.009765625 0.572832115625 0.009765625 0.6151075484375 0.0107421875 0.6172213203125 0.0322265625 0.6214488640625
1 0.0400390625 0.62990395 0.0693359375 0.62990395 0.0703125 0.6277901781249999 0.0703125 0.5855147453125 0.0693359375 0.5834009734375 0.0361328125 0.5834009734375 0.03515625 0.5855147453125 0.03515625 0.6235626359374999 0.0361328125 0.62567640625 0.0400390625 0.62990395
1 0.1220703125 0.62990395 0.123046875 0.6277901781249999 0.123046875 0.581287203125 0.1220703125 0.57917343125 0.1083984375 0.57917343125 0.107421875 0.581287203125 0.107421875 0.6277901781249999 0.1083984375 0.62990395 0.1220703125 0.62990395
1 0.1826171875 0.63413149375 0.185546875 0.6277901781249999 0.185546875 0.5897422890625 0.1845703125 0.5876285171875 0.1630859375 0.5834009734375 0.16015625 0.5897422890625 0.16015625 0.6320177218749999 0.1611328125 0.63413149375 0.1826171875 0.63413149375
1 0.2216796875 0.6383590375 0.224609375 0.6320177218749999 0.224609375 0.5897422890625 0.2236328125 0.5876285171875 0.1904296875 0.5876285171875 0.189453125 0.5897422890625 0.1875 0.598197375 0.1875 0.6320177218749999 0.1904296875 0.6383590375 0.2216796875 0.6383590375
1 0.2373046875 0.655269209375 0.2568359375 0.655269209375 0.2578125 0.6531554390625 0.259765625 0.6447003515625 0.259765625 0.6024249187499999 0.2587890625 0.600311146875 0.2275390625 0.5960836031250001 0.224609375 0.6024249187499999 0.224609375 0.6489278953125 0.2255859375 0.6510416671875 0.2373046875 0.655269209375
1 0.2724609375 0.63413149375 0.275390625 0.6066524624999999 0.275390625 0.5855147453125 0.2724609375 0.57917343125 0.2607421875 0.57917343125 0.259765625 0.581287203125 0.259765625 0.6320177218749999 0.2607421875 0.63413149375 0.2724609375 0.63413149375
1 0.2861328125 0.6468141234375 0.291015625 0.6404728078125 0.291015625 0.5939698328125 0.2822265625 0.5876285171875 0.2763671875 0.5876285171875 0.2734375 0.5939698328125 0.2734375 0.6404728078125 0.2763671875 0.6468141234375 0.2861328125 0.6468141234375
1 0.3173828125 0.63413149375 0.318359375 0.6320177218749999 0.318359375 0.5855147453125 0.3154296875 0.57917343125 0.2939453125 0.5749458875 0.291015625 0.581287203125 0.291015625 0.6277901781249999 0.2998046875 0.63413149375 0.3173828125 0.63413149375
1 0.3408203125 0.6425865796875 0.341796875 0.6404728078125 0.341796875 0.5897422890625 0.3408203125 0.5876285171875 0.3212890625 0.5876285171875 0.3203125 0.5897422890625 0.318359375 0.598197375 0.318359375 0.6362452656250001 0.3212890625 0.6425865796875 0.3408203125 0.6425865796875
1 0.3447265625 0.6510416671875 0.3623046875 0.6510416671875 0.36328125 0.6489278953125 0.36328125 0.598197375 0.3623046875 0.5960836031250001 0.3427734375 0.5960836031250001 0.341796875 0.598197375 0.341796875 0.6404728078125 0.34375 0.6489278953125 0.3447265625 0.6510416671875
1 0.3662109375 0.6679518390625 0.3837890625 0.6679518390625 0.38671875 0.6616105250000001 0.38671875 0.6151075484375 0.3857421875 0.6129937765625 0.3642578125 0.6129937765625 0.36328125 0.6151075484375 0.36328125 0.6573829812499999 0.365234375 0.6658380687500001 0.3662109375 0.6679518390625
1 0.4228515625 0.6510416671875 0.42578125 0.6447003515625 0.42578125 0.6024249187499999 0.4228515625 0.5960836031250001 0.3896484375 0.5960836031250001 0.38671875 0.6024249187499999 0.38671875 0.6447003515625 0.3896484375 0.655269209375 0.4228515625 0.6510416671875
1 0.4736328125 0.6848620125 0.5009765625 0.663724296875 0.505859375 0.6573829812499999 0.505859375 0.6489278953125 0.5 0.6151075484375 0.4970703125 0.604538690625 0.4912109375 0.604538690625 0.4755859375 0.6172213203125 0.4638671875 0.62990395 0.4609375 0.6362452656250001 0.466796875 0.6742931546875 0.4697265625 0.6848620125 0.4736328125 0.6848620125
1 0.5185546875 0.68908955625 0.5380859375 0.6764069265625 0.541015625 0.6700656109375001 0.53515625 0.6320177218749999 0.5302734375 0.6172213203125 0.5068359375 0.63413149375 0.505859375 0.6362452656250001 0.505859375 0.6489278953125 0.509765625 0.6742931546875 0.5185546875 0.68908955625
1 0.4638671875 0.6806344703125 0.466796875 0.6742931546875 0.466796875 0.6658380687500001 0.462890625 0.6404728078125 0.4580078125 0.6214488640625 0.4521484375 0.6214488640625 0.44921875 0.6277901781249999 0.45703125 0.6785206984375 0.4580078125 0.6806344703125 0.4638671875 0.6806344703125
1 0.5439453125 0.6764069265625 0.5634765625 0.663724296875 0.56640625 0.6573829812499999 0.560546875 0.6108800046875 0.5576171875 0.604538690625 0.5517578125 0.604538690625 0.5341796875 0.6172213203125 0.533203125 0.6235626359374999 0.537109375 0.6573829812499999 0.5390625 0.6658380687500001 0.5439453125 0.6764069265625
1 0.568359375 0.6447003515625 0.568359375 0.6362452656250001 0.5654296875 0.63413149375 0.564453125 0.6362452656250001 0.564453125 0.6447003515625 0.5673828125 0.6468141234375 0.568359375 0.6447003515625
1 0.5732421875 0.68908955625 0.5947265625 0.6764069265625 0.607421875 0.6658380687500001 0.607421875 0.6531554390625 0.603515625 0.6277901781249999 0.5986328125 0.6129937765625 0.5908203125 0.6129937765625 0.5654296875 0.62990395 0.564453125 0.6320177218749999 0.564453125 0.6447003515625 0.5703125 0.682748240625 0.5732421875 0.68908955625
1 0.7900390625 0.6933171 0.7939453125 0.6933171 0.794921875 0.6912033281250001 0.802734375 0.6447003515625 0.802734375 0.6404728078125 0.7919921875 0.6172213203125 0.7744140625 0.604538690625 0.7646484375 0.600311146875 0.76171875 0.6066524624999999 0.755859375 0.6362452656250001 0.75390625 0.6489278953125 0.75390625 0.6616105250000001 0.7548828125 0.663724296875 0.7900390625 0.6933171
1 0.9111328125 0.7059997296875 0.9326171875 0.7059997296875 0.9482421875 0.7017721859375 0.94921875 0.6996584140625 0.94921875 0.6700656109375001 0.947265625 0.6362452656250001 0.9462890625 0.63413149375 0.9423828125 0.62990395 0.9072265625 0.63413149375 0.904296875 0.6404728078125 0.90625 0.6869757843750001 0.908203125 0.6996584140625 0.9111328125 0.7059997296875
1 1 0.6320177218749999 0.9990234375 0.62990395 0.9794921875 0.62990395 0.9482421875 0.63413149375 0.947265625 0.6362452656250001 0.947265625 0.6489278953125 0.94921875 0.682748240625 0.9521484375 0.7059997296875 0.9931640625 0.7059997296875 1 0.6996584140625 1 0.6320177218749999
0 0.03125 0.750388934375 0.03515625 0.6024249187499999 0.041015625 0.23040110937499997 0.0380859375 0.22405979375 0.0166015625 0.22405979375 0.013671875 0.23040110937499997 0.005859375 0.7419338468750001 0.0107421875 0.7567302484375 0.0283203125 0.7567302484375 0.03125 0.750388934375
0 0.0654296875 0.7609577921875 0.068359375 0.7546164765625 0.0703125 0.7334787609375 0.078125 0.234628653125 0.0732421875 0.22405979375 0.0537109375 0.22405979375 0.0400390625 0.2282873375 0.0390625 0.23040110937499997 0.037109375 0.3064968890625 0.03125 0.6531554390625 0.03125 0.7546164765625 0.0439453125 0.7609577921875 0.0654296875 0.7609577921875
0 0.10546875 0.7419338468750001 0.107421875 0.682748240625 0.111328125 0.4967363359375 0.115234375 0.289586715625 0.115234375 0.20503585000000002 0.1142578125 0.202922078125 0.0810546875 0.20714962187500002 0.078125 0.2134909359375 0.0703125 0.581287203125 0.068359375 0.7588440203125 0.0751953125 0.7651853359375 0.1025390625 0.769412878125 0.10546875 0.7419338468750001
0 0.1181640625 0.7736404218749999 0.119140625 0.77152665 0.12109375 0.725023675 0.125 0.54746685625 0.12890625 0.28535917187500004 0.12890625 0.20503585000000002 0.1259765625 0.198694534375 0.1220703125 0.198694534375 0.115234375 0.2092633921875 0.11328125 0.289586715625 0.103515625 0.7377063046875 0.103515625 0.7672991078125 0.1083984375 0.7736404218749999 0.1181640625 0.7736404218749999
0 0.1396484375 0.782095509375 0.1513671875 0.7778679656249999 0.15625 0.7630715640625 0.2109375 0.175443046875 0.1962890625 0.1606466453125 0.1650390625 0.143736471875 0.1455078125 0.143736471875 0.1357421875 0.147964015625 0.130859375 0.1543053296875 0.12890625 0.1965807625 0.119140625 0.725023675 0.119140625 0.77152665 0.1220703125 0.7778679656249999 0.1396484375 0.782095509375
0 0.1796875 0.77575419375 0.181640625 0.7377063046875 0.185546875 0.6320177218749999 0.189453125 0.3529998640625 0.189453125 0.26422145625 0.1806640625 0.25788014062500003 0.1728515625 0.25788014062500003 0.16796875 0.2684489984375 0.158203125 0.6573829812499999 0.15625 0.77152665 0.1591796875 0.7778679656249999 0.1787109375 0.7778679656249999 0.1796875 0.77575419375
0 0.2529296875 0.7271374453125 0.255859375 0.7165685875000001 0.2578125 0.6404728078125 0.2578125 0.517874053125 0.2548828125 0.5073051953125 0.2451171875 0.5073051953125 0.244140625 0.513646509375 0.24609375 0.6742931546875 0.25 0.725023675 0.2529296875 0.7271374453125
0 0.2158203125 0.7947781390624999 0.220703125 0.7799817375 0.2265625 0.598197375 0.23046875 0.2219460234375 0.23046875 0.1881256765625 0.2275390625 0.1817843609375 0.2021484375 0.1817843609375 0.1962890625 0.1860119046875 0.193359375 0.1923532203125 0.1875 0.5559219421875 0.185546875 0.7842092796875 0.1884765625 0.7905505953125 0.1982421875 0.7947781390624999 0.2158203125 0.7947781390624999
0 0.2490234375 0.7990056812499999 0.25390625 0.7926643671875 0.255859375 0.7799817375 0.259765625 0.6489278953125 0.263671875 0.3699100375 0.263671875 0.1881256765625 0.2607421875 0.1817843609375 0.2353515625 0.1817843609375 0.23046875 0.1923532203125 0.228515625 0.251538825 0.224609375 0.5263291390625 0.22265625 0.7842092796875 0.2255859375 0.7947781390624999 0.2353515625 0.7990056812499999 0.2490234375 0.7990056812499999
0 0.2685546875 0.8032332249999999 0.271484375 0.7968919109375 0.2734375 0.7546164765625 0.279296875 0.25576636875 0.279296875 0.1965807625 0.2744140625 0.1860119046875 0.2705078125 0.1817843609375 0.267578125 0.1838981328125 0.265625 0.1923532203125 0.263671875 0.2219460234375 0.255859375 0.7334787609375 0.255859375 0.7968919109375 0.2587890625 0.8032332249999999 0.2685546875 0.8032332249999999
0 0.2841796875 0.8116883109374999 0.2890625 0.8053469968750001 0.34375 0.1838981328125 0.34375 0.166987959375 0.3388671875 0.1564191015625 0.2958984375 0.11414366875 0.2919921875 0.11414366875 0.2841796875 0.12259875468749999 0.28125 0.12894007031250002 0.279296875 0.1416227 0.275390625 0.3825926671875 0.271484375 0.801119453125 0.2744140625 0.8074607687500001 0.2802734375 0.8116883109374999 0.2841796875 0.8116883109374999
0 0.3115234375 0.8159158546875 0.31640625 0.809574540625 0.341796875 0.1965807625 0.33984375 0.1881256765625 0.3193359375 0.1648741890625 0.3095703125 0.1648741890625 0.2998046875 0.16910173125 0.296875 0.175443046875 0.294921875 0.24308373906249997 0.2890625 0.7081135015625 0.2890625 0.809574540625 0.2998046875 0.8159158546875 0.3115234375 0.8159158546875
0 0.341796875 0.809574540625 0.34375 0.6362452656250001 0.34375 0.20503585000000002 0.3427734375 0.202922078125 0.3271484375 0.202922078125 0.322265625 0.21771847968750002 0.318359375 0.5770596593749999 0.31640625 0.8053469968750001 0.3212890625 0.8159158546875 0.3369140625 0.8159158546875 0.341796875 0.809574540625
0 0.3603515625 0.8159158546875 0.36328125 0.809574540625 0.365234375 0.4671435328125 0.365234375 0.171215503125 0.3623046875 0.1606466453125 0.3486328125 0.1606466453125 0.34375 0.171215503125 0.341796875 0.809574540625 0.3447265625 0.8201433984375001 0.3525390625 0.8243709421875 0.3603515625 0.8159158546875
0 0.3759765625 0.828598484375 0.3876953125 0.8201433984375001 0.392578125 0.809574540625 0.396484375 0.2769040859375 0.380859375 0.1627604171875 0.3759765625 0.1521915578125 0.3681640625 0.1521915578125 0.3642578125 0.1564191015625 0.36328125 0.1585328734375 0.36328125 0.8222571703125 0.3701171875 0.828598484375 0.3759765625 0.828598484375
0 0.392578125 0.8180296265625 0.3974609375 0.828598484375 0.4189453125 0.828598484375 0.4501953125 0.8116883109374999 0.4677734375 0.7990056812499999 0.47265625 0.7926643671875 0.47265625 0.7799817375 0.470703125 0.7588440203125 0.455078125 0.6531554390625 0.404296875 0.31917951875 0.3994140625 0.3043831171875 0.3876953125 0.3043831171875 0.3818359375 0.3086106609375 0.380859375 0.31072443125000004 0.380859375 0.4248681 0.390625 0.7968919109375 0.392578125 0.8180296265625
0 0.478515625 0.8222571703125 0.4833984375 0.8412811140625 0.4912109375 0.8412811140625 0.4921875 0.83916734375 0.4921875 0.83071225625 0.40625 0.1796705890625 0.3876953125 0.1606466453125 0.3837890625 0.1648741890625 0.380859375 0.171215503125 0.380859375 0.175443046875 0.384765625 0.20503585000000002 0.478515625 0.8222571703125
0 0.46484375 0.72079613125 0.482421875 0.83916734375 0.4951171875 0.8455086578125 0.5009765625 0.8455086578125 0.5283203125 0.828598484375 0.53125 0.8222571703125 0.53125 0.8053469968750001 0.466796875 0.20080830624999998 0.4619140625 0.1902394484375 0.4365234375 0.1648741890625 0.4326171875 0.1648741890625 0.3994140625 0.1902394484375 0.396484375 0.1965807625 0.396484375 0.2092633921875 0.3984375 0.226173565625 0.46484375 0.72079613125
0 0.509765625 0.682748240625 0.53515625 0.83916734375 0.5380859375 0.8497362015625001 0.5458984375 0.8539637453125 0.5556640625 0.8539637453125 0.5634765625 0.8455086578125 0.56640625 0.83916734375 0.56640625 0.8264847124999999 0.470703125 0.2134909359375 0.4677734375 0.20714962187500002 0.4638671875 0.20714962187500002 0.4521484375 0.2113771640625 0.4443359375 0.21983225156250003 0.443359375 0.2219460234375 0.443359375 0.2388561953125 0.46484375 0.38682021093749996 0.509765625 0.682748240625
0 0.5751953125 0.8581912875000001 0.5810546875 0.8581912875000001 0.5927734375 0.8497362015625001 0.59375 0.8476224296874999 0.59375 0.8264847124999999 0.5 0.21771847968750002 0.49609375 0.20080830624999998 0.4912109375 0.194466990625 0.4833984375 0.198694534375 0.4736328125 0.2113771640625 0.470703125 0.21771847968750002 0.47265625 0.2388561953125 0.56640625 0.83916734375 0.5751953125 0.8581912875000001