1 0.076171875 0.77152665 0.0791015625 0.7778679656249999 0.1376953125 0.7651853359375 0.1474609375 0.7609577921875 0.150390625 0.7546164765625 0.1484375 0.7165685875000001 0.1455078125 0.6975446421875 0.1279296875 0.6975446421875 0.1083984375 0.7017721859375 0.0771484375 0.7102272734375 0.0732421875 0.714454815625 0.072265625 0.7165685875000001 0.072265625 0.7292512171875 0.07421875 0.7546164765625 0.076171875 0.77152665
1 0.2119140625 0.75250270625 0.21875 0.7419338468750001 0.216796875 0.6869757843750001 0.2138671875 0.6806344703125 0.1611328125 0.6848620125 0.16015625 0.6869757843750001 0.16015625 0.725023675 0.1630859375 0.75250270625 0.2119140625 0.75250270625
1 0.2236328125 0.769412878125 0.2373046875 0.7736404218749999 0.2509765625 0.7736404218749999 0.2744140625 0.769412878125 0.2841796875 0.7651853359375 0.287109375 0.7588440203125 0.287109375 0.7165685875000001 0.2841796875 0.6975446421875 0.2216796875 0.7059997296875 0.21875 0.71234104375 0.21875 0.7165685875000001 0.220703125 0.750388934375 0.2236328125 0.769412878125
1 0.2958984375 0.7609577921875 0.3037109375 0.7651853359375 0.3408203125 0.7651853359375 0.3505859375 0.7609577921875 0.353515625 0.7546164765625 0.353515625 0.695430871875 0.3525390625 0.6933171 0.2939453125 0.6933171 0.291015625 0.6996584140625 0.291015625 0.72079613125 0.29296875 0.7546164765625 0.2958984375 0.7609577921875
1 0.3740234375 0.739820075 0.3828125 0.72079613125 0.3828125 0.695430871875 0.380859375 0.6700656109375001 0.3779296875 0.6679518390625 0.3583984375 0.6764069265625 0.35546875 0.682748240625 0.357421875 0.7334787609375 0.3603515625 0.739820075 0.3740234375 0.739820075
1 0.3857421875 0.739820075 0.3916015625 0.739820075 0.4013671875 0.7355925328125 0.40234375 0.7334787609375 0.40234375 0.6785206984375 0.3994140625 0.6721793828125 0.3837890625 0.6679518390625 0.3828125 0.6700656109375001 0.3828125 0.7292512171875 0.384765625 0.7377063046875 0.3857421875 0.739820075
1 0.4384765625 0.75250270625 0.451171875 0.746161390625 0.451171875 0.6869757843750001 0.4501953125 0.6848620125 0.4033203125 0.68908955625 0.40234375 0.6912033281250001 0.40234375 0.746161390625 0.4052734375 0.75250270625 0.4384765625 0.75250270625
1 0.4677734375 0.75250270625 0.47265625 0.7419338468750001 0.47265625 0.6869757843750001 0.4716796875 0.6848620125 0.4541015625 0.6848620125 0.451171875 0.6912033281250001 0.451171875 0.746161390625 0.4560546875 0.75250270625 0.4677734375 0.75250270625
1 0.5283203125 0.739820075 0.5400390625 0.7355925328125 0.54296875 0.7292512171875 0.54296875 0.6742931546875 0.5400390625 0.6679518390625 0.4853515625 0.6764069265625 0.484375 0.6785206984375 0.484375 0.7334787609375 0.4892578125 0.739820075 0.5283203125 0.739820075
1 0.5634765625 0.74404761875 0.5751953125 0.739820075 0.576171875 0.7377063046875 0.576171875 0.682748240625 0.5732421875 0.6764069265625 0.5498046875 0.6806344703125 0.548828125 0.682748240625 0.548828125 0.7377063046875 0.5517578125 0.74404761875 0.5634765625 0.74404761875
1 0.6025390625 0.7482751624999999 0.6103515625 0.74404761875 0.61328125 0.7377063046875 0.61328125 0.682748240625 0.6123046875 0.6806344703125 0.5810546875 0.6848620125 0.580078125 0.6869757843750001 0.580078125 0.7419338468750001 0.5830078125 0.7482751624999999 0.6025390625 0.7482751624999999
1 0.6318359375 0.7355925328125 0.634765625 0.7292512171875 0.634765625 0.6700656109375001 0.6337890625 0.6679518390625 0.6181640625 0.6679518390625 0.615234375 0.6742931546875 0.615234375 0.7334787609375 0.6162109375 0.7355925328125 0.6318359375 0.7355925328125
1 0.6982421875 0.75250270625 0.708984375 0.746161390625 0.708984375 0.6869757843750001 0.7080078125 0.6848620125 0.6533203125 0.68908955625 0.65234375 0.6912033281250001 0.65234375 0.750388934375 0.6533203125 0.75250270625 0.6982421875 0.75250270625
1 0.7783203125 0.718682359375 0.779296875 0.7165685875000001 0.779296875 0.6616105250000001 0.7783203125 0.659496753125 0.7216796875 0.655269209375 0.716796875 0.6616105250000001 0.71484375 0.695430871875 0.71484375 0.7165685875000001 0.7158203125 0.718682359375 0.7783203125 0.718682359375
1 0.8203125 0.7165685875000001 0.822265625 0.7081135015625 0.822265625 0.6616105250000001 0.8212890625 0.659496753125 0.8037109375 0.659496753125 0.791015625 0.6658380687500001 0.78515625 0.72079613125 0.7880859375 0.7271374453125 0.8173828125 0.7229099031249999 0.8203125 0.7165685875000001
1 0.8251953125 0.7017721859375 0.8427734375 0.7017721859375 0.845703125 0.695430871875 0.84765625 0.6447003515625 0.8447265625 0.6383590375 0.8232421875 0.6425865796875 0.822265625 0.6447003515625 0.822265625 0.6531554390625 0.82421875 0.6996584140625 0.8251953125 0.7017721859375
0 0.078125 0.9533110125 0.0849609375 0.9638798703125 0.1123046875 0.9638798703125 0.1494140625 0.9554247828125 0.1630859375 0.9511972406250001 0.1689453125 0.946969696875 0.169921875 0.944855925 0.181640625 0.14585024375 0.1787109375 0.139508928125 0.1650390625 0.12682629843749998 0.1298828125 0.1056885828125 0.0712890625 0.109916125 0.0400390625 0.11414366875 0.0341796875 0.1183712125 0.029296875 0.12894007031250002 0.033203125 0.234628653125 0.064453125 0.750388934375 0.078125 0.9533110125
0 0.169921875 0.9406283828124999 0.171875 0.9490834687499999 0.1767578125 0.9596523265625001 0.2158203125 0.9596523265625001 0.22265625 0.944855925 0.21875 0.725023675 0.197265625 0.1881256765625 0.1953125 0.171215503125 0.1923828125 0.1648741890625 0.1396484375 0.1648741890625 0.13671875 0.171215503125 0.13671875 0.1838981328125 0.140625 0.28535917187500004 0.169921875 0.9406283828124999
0 0.228515625 0.944855925 0.2333984375 0.9554247828125 0.2373046875 0.9596523265625001 0.2763671875 0.9596523265625001 0.2861328125 0.9554247828125 0.294921875 0.9406283828124999 0.294921875 0.8560775156249999 0.275390625 0.112029896875 0.2705078125 0.1014610390625 0.2021484375 0.1056885828125 0.1982421875 0.109916125 0.1953125 0.11625744062500001 0.1953125 0.12471252656250001 0.2265625 0.923718209375 0.228515625 0.944855925
0 0.3076171875 0.9554247828125 0.3173828125 0.9596523265625001 0.3369140625 0.9596523265625001 0.3564453125 0.946969696875 0.359375 0.9406283828124999 0.37109375 0.13739515625 0.3662109375 0.12682629843749998 0.3623046875 0.12259875468749999 0.3486328125 0.109916125 0.3388671875 0.1056885828125 0.2919921875 0.1056885828125 0.2783203125 0.109916125 0.27734375 0.112029896875 0.275390625 0.14585024375 0.296875 0.9406283828124999 0.3017578125 0.9511972406250001 0.3076171875 0.9554247828125
0 0.361328125 0.9321732953125 0.3662109375 0.9385146109375 0.3740234375 0.9385146109375 0.3798828125 0.9342870671875 0.384765625 0.9194906656249999 0.384765625 0.8349398000000001 0.3828125 0.695430871875 0.37109375 0.175443046875 0.3671875 0.1585328734375 0.3564453125 0.143736471875 0.349609375 0.1585328734375 0.34765625 0.166987959375 0.34765625 0.175443046875 0.357421875 0.8264847124999999 0.361328125 0.9321732953125
0 0.38671875 0.915263121875 0.3916015625 0.9216044374999999 0.4033203125 0.9216044374999999 0.404296875 0.9194906656249999 0.404296875 0.7968919109375 0.396484375 0.1543053296875 0.3916015625 0.147964015625 0.3779296875 0.147964015625 0.373046875 0.1585328734375 0.373046875 0.1627604171875 0.384765625 0.9025804921875 0.38671875 0.915263121875
0 0.404296875 0.923718209375 0.4091796875 0.9342870671875 0.4169921875 0.9385146109375 0.4384765625 0.9385146109375 0.4501953125 0.9342870671875 0.453125 0.9279457515624999 0.453125 0.6996584140625 0.44921875 0.1585328734375 0.4462890625 0.1521915578125 0.3994140625 0.1521915578125 0.396484375 0.1585328734375 0.396484375 0.2769040859375 0.3984375 0.5094189671875 0.404296875 0.923718209375
0 0.4541015625 0.9342870671875 0.4677734375 0.9342870671875 0.470703125 0.9279457515624999 0.47265625 0.7377063046875 0.46875 0.14585024375 0.4677734375 0.143736471875 0.4521484375 0.143736471875 0.451171875 0.14585024375 0.451171875 0.682748240625 0.453125 0.9321732953125 0.4541015625 0.9342870671875
0 0.486328125 0.9110355796875 0.48828125 0.923718209375 0.4951171875 0.9342870671875 0.5029296875 0.9385146109375 0.5263671875 0.9385146109375 0.5361328125 0.9300595234375001 0.541015625 0.9194906656249999 0.54296875 0.8898978625 0.54296875 0.1585328734375 0.5380859375 0.147964015625 0.4814453125 0.147964015625 0.4775390625 0.1521915578125 0.4765625 0.1543053296875 0.4765625 0.226173565625 0.48046875 0.5643770296875 0.486328125 0.9110355796875
0 0.548828125 0.915263121875 0.5517578125 0.92583198125 0.5751953125 0.92583198125 0.578125 0.9110355796875 0.578125 0.71234104375 0.57421875 0.1500777875 0.5712890625 0.139508928125 0.5478515625 0.139508928125 0.5439453125 0.143736471875 0.54296875 0.14585024375 0.54296875 0.1543053296875 0.546875 0.801119453125 0.548828125 0.915263121875
0 0.5908203125 0.9342870671875 0.5986328125 0.9342870671875 0.6103515625 0.9300595234375001 0.61328125 0.923718209375 0.615234375 0.226173565625 0.61328125 0.12048498437499999 0.6123046875 0.1183712125 0.5771484375 0.1183712125 0.5732421875 0.12259875468749999 0.568359375 0.1331676140625 0.578125 0.9194906656249999 0.5849609375 0.9300595234375001 0.5908203125 0.9342870671875
0 0.6318359375 0.92583198125 0.634765625 0.9194906656249999 0.63671875 0.8687601468749999 0.634765625 0.1881256765625 0.6318359375 0.16910173125 0.6181640625 0.16910173125 0.6171875 0.171215503125 0.615234375 0.1881256765625 0.615234375 0.915263121875 0.6181640625 0.92583198125 0.6318359375 0.92583198125
0 0.638671875 0.9194906656249999 0.6455078125 0.9300595234375001 0.6962890625 0.9300595234375001 0.7021484375 0.92583198125 0.70703125 0.915263121875 0.7109375 0.6996584140625 0.71484375 0.1500777875 0.7099609375 0.1352813859375 0.6728515625 0.1352813859375 0.6435546875 0.139508928125 0.6376953125 0.143736471875 0.6328125 0.1543053296875 0.6328125 0.1796705890625 0.63671875 0.8856703187500001 0.638671875 0.9194906656249999
0 0.7822265625 0.41852678593750003 0.783203125 0.4164130140625 0.78515625 0.38682021093749996 0.7890625 0.1543053296875 0.7880859375 0.1521915578125 0.7275390625 0.1521915578125 0.7216796875 0.1564191015625 0.720703125 0.1585328734375 0.720703125 0.2092633921875 0.779296875 0.41218547031249997 0.7822265625 0.41852678593750003
0 0.7177734375 0.9216044374999999 0.7392578125 0.9216044374999999 0.7705078125 0.91737689375 0.775390625 0.9068080359374999 0.77734375 0.8476224296874999 0.783203125 0.5516943999999999 0.783203125 0.4333231875 0.7822265625 0.431209415625 0.7451171875 0.431209415625 0.7177734375 0.43543695937500004 0.71484375 0.458688446875 0.712890625 0.5770596593749999 0.7109375 0.725023675 0.7109375 0.9025804921875 0.712890625 0.9110355796875 0.7177734375 0.9216044374999999
0 0.8076171875 0.91737689375 0.814453125 0.9068080359374999 0.81640625 0.8898978625 0.830078125 0.6869757843750001 0.83203125 0.175443046875 0.8291015625 0.16910173125 0.7958984375 0.173329275 0.79296875 0.1838981328125 0.7890625 0.2769040859375 0.78125 0.6193350921875 0.77734375 0.809574540625 0.77734375 0.9110355796875 0.7802734375 0.91737689375 0.8076171875 0.91737689375
0 0.8466796875 0.8793290046875001 0.8837890625 0.8793290046875001 0.888671875 0.8687601468749999 0.890625 0.83071225625 0.908203125 0.23040110937499997 0.9052734375 0.20714962187500002 0.8564453125 0.20714962187500002 0.8388671875 0.22405979375 0.837890625 0.226173565625 0.837890625 0.234628653125 0.841796875 0.8687601468749999 0.8466796875 0.8793290046875001
0 0.8388671875 0.8793290046875001 0.841796875 0.8687601468749999 0.85546875 0.3572274078125 0.85546875 0.26422145625 0.8505859375 0.25365259687499997 0.8349609375 0.25365259687499997 0.83203125 0.25999391250000004 0.830078125 0.281131628125 0.82421875 0.48828125 0.81640625 0.8772152328124999 0.8193359375 0.883556546875 0.8349609375 0.883556546875 0.8388671875 0.8793290046875001