1 0.0341796875 0.6510416671875 0.0556640625 0.6510416671875 0.060546875 0.6447003515625 0.060546875 0.6320177218749999 0.0556640625 0.600311146875 0.0283203125 0.604538690625 0.02734375 0.6066524624999999 0.02734375 0.6151075484375 0.029296875 0.6320177218749999 0.0341796875 0.6510416671875
1 0.078125 0.6362452656250001 0.0810546875 0.6425865796875 0.0888671875 0.6468141234375 0.0966796875 0.6468141234375 0.1123046875 0.6383590375 0.1171875 0.6277901781249999 0.115234375 0.6108800046875 0.111328125 0.5939698328125 0.1083984375 0.5876285171875 0.0751953125 0.5960836031250001 0.07421875 0.598197375 0.07421875 0.6066524624999999 0.076171875 0.6235626359374999 0.078125 0.6362452656250001
1 0.0634765625 0.6425865796875 0.0771484375 0.6425865796875 0.080078125 0.6362452656250001 0.0732421875 0.5960836031250001 0.0576171875 0.5960836031250001 0.056640625 0.598197375 0.056640625 0.6108800046875 0.060546875 0.6362452656250001 0.0634765625 0.6425865796875
1 0.1201171875 0.6383590375 0.1298828125 0.6383590375 0.140625 0.6277901781249999 0.142578125 0.6193350921875 0.142578125 0.5939698328125 0.1376953125 0.5707183437500001 0.1357421875 0.5707183437500001 0.1142578125 0.5918560609375 0.11328125 0.5939698328125 0.11328125 0.6066524624999999 0.115234375 0.6235626359374999 0.1201171875 0.6383590375
1 0.1455078125 0.608766234375 0.1513671875 0.608766234375 0.1640625 0.6024249187499999 0.1640625 0.568604571875 0.1611328125 0.5580357140625 0.1494140625 0.5580357140625 0.1416015625 0.5622632578125 0.140625 0.5643770296875 0.140625 0.5770596593749999 0.142578125 0.598197375 0.1455078125 0.608766234375
1 0.1845703125 0.62990395 0.1982421875 0.62990395 0.208984375 0.6193350921875 0.203125 0.581287203125 0.2001953125 0.5749458875 0.1748046875 0.5834009734375 0.173828125 0.5855147453125 0.177734375 0.6066524624999999 0.181640625 0.6235626359374999 0.1845703125 0.62990395
1 0.2587890625 0.63413149375 0.2763671875 0.62990395 0.2890625 0.6235626359374999 0.2890625 0.6066524624999999 0.28515625 0.5855147453125 0.2822265625 0.57917343125 0.2529296875 0.5876285171875 0.25 0.5939698328125 0.25 0.598197375 0.255859375 0.6277901781249999 0.2587890625 0.63413149375
1 0.2958984375 0.62990395 0.3115234375 0.62990395 0.3173828125 0.62567640625 0.3212890625 0.6214488640625 0.326171875 0.6108800046875 0.328125 0.598197375 0.328125 0.5855147453125 0.3232421875 0.5580357140625 0.2900390625 0.5834009734375 0.287109375 0.5897422890625 0.287109375 0.5939698328125 0.29296875 0.6235626359374999 0.2958984375 0.62990395
1 0.3330078125 0.5960836031250001 0.3505859375 0.5960836031250001 0.3603515625 0.5918560609375 0.375 0.581287203125 0.375 0.568604571875 0.3701171875 0.5368979984375 0.3271484375 0.5538081703125 0.326171875 0.5559219421875 0.326171875 0.5643770296875 0.330078125 0.5897422890625 0.3330078125 0.5960836031250001
1 0.3798828125 0.5918560609375 0.3955078125 0.5918560609375 0.4013671875 0.5876285171875 0.404296875 0.581287203125 0.404296875 0.5601494859375 0.40234375 0.5432393125 0.3994140625 0.5368979984375 0.3740234375 0.549580628125 0.373046875 0.5516943999999999 0.373046875 0.5601494859375 0.376953125 0.5855147453125 0.3798828125 0.5918560609375
1 0.4384765625 0.6172213203125 0.4521484375 0.604538690625 0.4609375 0.5897422890625 0.4609375 0.568604571875 0.45703125 0.54746685625 0.4541015625 0.541125540625 0.4306640625 0.5707183437500001 0.4296875 0.572832115625 0.4296875 0.581287203125 0.43359375 0.6066524624999999 0.4384765625 0.6172213203125
1 0.5205078125 0.6214488640625 0.5283203125 0.6172213203125 0.5361328125 0.608766234375 0.5390625 0.6024249187499999 0.5390625 0.581287203125 0.537109375 0.5643770296875 0.5322265625 0.5453530843750001 0.5146484375 0.5749458875 0.51171875 0.581287203125 0.51171875 0.5897422890625 0.515625 0.6108800046875 0.5205078125 0.6214488640625
1 0.4853515625 0.600311146875 0.4970703125 0.5960836031250001 0.5078125 0.5855147453125 0.5078125 0.5770596593749999 0.505859375 0.5643770296875 0.5009765625 0.5453530843750001 0.4970703125 0.5453530843750001 0.4775390625 0.5580357140625 0.4765625 0.5643770296875 0.478515625 0.5770596593749999 0.482421875 0.5939698328125 0.4853515625 0.600311146875
1 0.5673828125 0.5918560609375 0.5732421875 0.5918560609375 0.5927734375 0.5876285171875 0.59765625 0.581287203125 0.59765625 0.5432393125 0.5966796875 0.541125540625 0.5615234375 0.5453530843750001 0.560546875 0.54746685625 0.560546875 0.5855147453125 0.5615234375 0.5876285171875 0.5673828125 0.5918560609375
1 0.6201171875 0.5876285171875 0.630859375 0.581287203125 0.630859375 0.53901176875 0.6298828125 0.5368979984375 0.6044921875 0.541125540625 0.6015625 0.54746685625 0.6015625 0.581287203125 0.6044921875 0.5876285171875 0.6201171875 0.5876285171875
1 0.6474609375 0.5960836031250001 0.6513671875 0.5918560609375 0.65234375 0.5897422890625 0.65234375 0.5516943999999999 0.6455078125 0.5453530843750001 0.6337890625 0.549580628125 0.630859375 0.5559219421875 0.630859375 0.5897422890625 0.6337890625 0.5960836031250001 0.6474609375 0.5960836031250001
1 0.6845703125 0.5960836031250001 0.6923828125 0.5918560609375 0.697265625 0.5855147453125 0.697265625 0.5432393125 0.6962890625 0.541125540625 0.6572265625 0.549580628125 0.65625 0.5516943999999999 0.654296875 0.5855147453125 0.6572265625 0.5918560609375 0.6630859375 0.5960836031250001 0.6845703125 0.5960836031250001
1 0.7119140625 0.5876285171875 0.71484375 0.5770596593749999 0.71484375 0.5432393125 0.7138671875 0.541125540625 0.7001953125 0.541125540625 0.69921875 0.5432393125 0.697265625 0.5601494859375 0.697265625 0.5855147453125 0.6982421875 0.5876285171875 0.7119140625 0.5876285171875
1 0.7275390625 0.5876285171875 0.734375 0.581287203125 0.736328125 0.572832115625 0.736328125 0.53901176875 0.7353515625 0.5368979984375 0.7158203125 0.541125540625 0.71484375 0.5432393125 0.712890625 0.5770596593749999 0.7138671875 0.5834009734375 0.7197265625 0.5876285171875 0.7275390625 0.5876285171875
1 0.7587890625 0.57917343125 0.763671875 0.568604571875 0.765625 0.53901176875 0.7646484375 0.5326704546875 0.7412109375 0.5326704546875 0.73828125 0.53901176875 0.73828125 0.572832115625 0.7412109375 0.57917343125 0.7587890625 0.57917343125
1 0.8154296875 0.57917343125 0.818359375 0.572832115625 0.8203125 0.5347842265625 0.8193359375 0.5326704546875 0.7978515625 0.5326704546875 0.7724609375 0.5368979984375 0.76953125 0.5432393125 0.767578125 0.5601494859375 0.767578125 0.5770596593749999 0.7705078125 0.5834009734375 0.8154296875 0.57917343125
1 0.83984375 0.5263291390625 0.841796875 0.5009638796875 0.8388671875 0.494622565625 0.8251953125 0.4988501078125 0.822265625 0.5051914234375 0.8203125 0.53901176875 0.8212890625 0.541125540625 0.8369140625 0.541125540625 0.83984375 0.5263291390625
1 0.859375 0.54746685625 0.86328125 0.513646509375 0.8623046875 0.5073051953125 0.8427734375 0.4988501078125 0.83984375 0.5094189671875 0.837890625 0.53901176875 0.8447265625 0.5538081703125 0.8525390625 0.5538081703125 0.859375 0.54746685625
1 0.8935546875 0.5749458875 0.8984375 0.5601494859375 0.900390625 0.5305566828125 0.8994140625 0.5284429109375 0.8740234375 0.5284429109375 0.87109375 0.5347842265625 0.869140625 0.54746685625 0.8671875 0.568604571875 0.8701171875 0.5749458875 0.8798828125 0.57917343125 0.8935546875 0.5749458875
1 0.94921875 0.5643770296875 0.955078125 0.5263291390625 0.9521484375 0.5199878250000001 0.9033203125 0.5242153671875001 0.900390625 0.5305566828125 0.8984375 0.5643770296875 0.9013671875 0.5707183437500001 0.9404296875 0.5707183437500001 0.94921875 0.5643770296875
1 0.990234375 0.572832115625 0.9921875 0.5601494859375 0.9921875 0.54746685625 0.9912109375 0.5453530843750001 0.9541015625 0.5453530843750001 0.951171875 0.5516943999999999 0.94921875 0.5643770296875 0.947265625 0.5855147453125 0.9501953125 0.5918560609375 0.9853515625 0.5876285171875 0.990234375 0.572832115625
0 0 0.4417782734375 0.046875 0.7588440203125 0.0517578125 0.769412878125 0.0693359375 0.769412878125 0.0732421875 0.7651853359375 0.076171875 0.7588440203125 0.076171875 0.7546164765625 0.05859375 0.6151075484375 0.0078125 0.2684489984375 0.00390625 0.24308373906249997 0.0009765625 0.236742425 0 0.2388561953125 0 0.4417782734375
0 0 0.2219460234375 0.072265625 0.725023675 0.080078125 0.7546164765625 0.0830078125 0.7567302484375 0.087890625 0.71234104375 0.09375 0.052844290625 0.0849609375 0.033820346875000004 0.0751953125 0.033820346875000004 0.0498046875 0.0549580625 0.0009765625 0.1014610390625 0 0.10357481093750001 0 0.2219460234375
0 0.1005859375 0.7778679656249999 0.1103515625 0.782095509375 0.1162109375 0.782095509375 0.1240234375 0.7778679656249999 0.130859375 0.7630715640625 0.130859375 0.7377063046875 0.0703125 0.23040110937499997 0.0673828125 0.2282873375 0.0634765625 0.23251488125000003 0.0322265625 0.2747903140625 0.03125 0.2769040859375 0.03125 0.3234070609375 0.095703125 0.7630715640625 0.1005859375 0.7778679656249999
0 0.130859375 0.7419338468750001 0.134765625 0.7588440203125 0.1396484375 0.7651853359375 0.1416015625 0.7651853359375 0.1513671875 0.7567302484375 0.154296875 0.750388934375 0.15625 0.7419338468750001 0.15625 0.71234104375 0.140625 0.5770596593749999 0.095703125 0.21771847968750002 0.0927734375 0.2113771640625 0.0908203125 0.2113771640625 0.0771484375 0.21983225156250003 0.0693359375 0.23251488125000003 0.068359375 0.234628653125 0.068359375 0.24308373906249997 0.072265625 0.3064968890625 0.130859375 0.7419338468750001
0 0.16015625 0.7334787609375 0.1630859375 0.739820075 0.1728515625 0.739820075 0.17578125 0.7334787609375 0.17578125 0.7038859578125 0.16015625 0.5305566828125 0.11328125 0.1881256765625 0.1103515625 0.1817843609375 0.1044921875 0.1817843609375 0.0986328125 0.1860119046875 0.095703125 0.1923532203125 0.095703125 0.1965807625 0.15625 0.71234104375 0.16015625 0.7334787609375
0 0.205078125 0.7546164765625 0.2099609375 0.7609577921875 0.2197265625 0.7609577921875 0.228515625 0.750388934375 0.228515625 0.7334787609375 0.2265625 0.7165685875000001 0.17578125 0.4248681 0.134765625 0.1965807625 0.1279296875 0.1817843609375 0.1240234375 0.17755681875 0.1181640625 0.1817843609375 0.107421875 0.20503585000000002 0.107421875 0.2092633921875 0.150390625 0.48405370625 0.205078125 0.7546164765625
0 0.224609375 0.7038859578125 0.3115234375 0.8793290046875001 0.3251953125 0.8793290046875001 0.3291015625 0.8751014609375 0.33203125 0.864532603125 0.33203125 0.860305059375 0.328125 0.83071225625 0.1796875 0.166987959375 0.1787109375 0.1648741890625 0.1533203125 0.1606466453125 0.140625 0.1838981328125 0.13671875 0.1965807625 0.13671875 0.2219460234375 0.181640625 0.4798261640625 0.224609375 0.7038859578125
0 0.25 0.6235626359374999 0.259765625 0.6573829812499999 0.28125 0.7165685875000001 0.2958984375 0.7482751624999999 0.2998046875 0.75250270625 0.3056640625 0.7482751624999999 0.306640625 0.746161390625 0.306640625 0.7377063046875 0.302734375 0.7038859578125 0.236328125 0.1627604171875 0.2333984375 0.1564191015625 0.1884765625 0.1521915578125 0.1806640625 0.1648741890625 0.177734375 0.171215503125 0.177734375 0.1923532203125 0.1796875 0.2134909359375 0.25 0.6235626359374999
0 0.3046875 0.7081135015625 0.3125 0.746161390625 0.3154296875 0.75250270625 0.3349609375 0.75250270625 0.34375 0.7377063046875 0.34765625 0.72079613125 0.34375 0.6742931546875 0.271484375 0.175443046875 0.2685546875 0.16910173125 0.2626953125 0.16910173125 0.2392578125 0.17755681875 0.2265625 0.20503585000000002 0.2265625 0.21771847968750002 0.2578125 0.4206405578125 0.3046875 0.7081135015625
0 0.34765625 0.7081135015625 0.349609375 0.7165685875000001 0.3544921875 0.7229099031249999 0.3759765625 0.7229099031249999 0.3896484375 0.714454815625 0.392578125 0.7081135015625 0.392578125 0.6996584140625 0.33984375 0.12471252656250001 0.3369140625 0.1183712125 0.3330078125 0.1183712125 0.2705078125 0.16910173125 0.26953125 0.171215503125 0.26953125 0.1838981328125 0.2734375 0.2134909359375 0.34765625 0.7081135015625
0 0.390625 0.6869757843750001 0.396484375 0.7165685875000001 0.4013671875 0.7229099031249999 0.4072265625 0.7229099031249999 0.4169921875 0.714454815625 0.419921875 0.7081135015625 0.419921875 0.6869757843750001 0.380859375 0.378365125 0.36328125 0.251538825 0.353515625 0.1923532203125 0.3515625 0.1838981328125 0.3466796875 0.173329275 0.3408203125 0.173329275 0.3291015625 0.1817843609375 0.326171875 0.1881256765625 0.326171875 0.20503585000000002 0.328125 0.2219460234375 0.390625 0.6869757843750001
0 0.4482421875 0.718682359375 0.4658203125 0.718682359375 0.4716796875 0.714454815625 0.4765625 0.7038859578125 0.4765625 0.6785206984375 0.458984375 0.5601494859375 0.41015625 0.26422145625 0.388671875 0.1500777875 0.384765625 0.1331676140625 0.3818359375 0.12682629843749998 0.3505859375 0.1310538421875 0.349609375 0.1331676140625 0.34765625 0.1500777875 0.34765625 0.171215503125 0.44140625 0.7081135015625 0.4482421875 0.718682359375
0 0.50390625 0.6996584140625 0.5078125 0.71234104375 0.5146484375 0.7271374453125 0.5205078125 0.7271374453125 0.5263671875 0.7229099031249999 0.529296875 0.7165685875000001 0.529296875 0.6912033281250001 0.5234375 0.6489278953125 0.427734375 0.12048498437499999 0.4130859375 0.06341315 0.4072265625 0.06341315 0.3818359375 0.0760957796875 0.37890625 0.08243709375 0.37890625 0.10357481093750001 0.40625 0.2388561953125 0.50390625 0.6996584140625
0 0.53125 0.7038859578125 0.53515625 0.72079613125 0.5380859375 0.7271374453125 0.5458984375 0.7355925328125 0.5576171875 0.7271374453125 0.560546875 0.72079613125 0.560546875 0.6869757843750001 0.517578125 0.3656824953125 0.474609375 0.112029896875 0.4697265625 0.0972334953125 0.4501953125 0.1014610390625 0.447265625 0.107802353125 0.443359375 0.12894007031250002 0.4375 0.1838981328125 0.4375 0.20503585000000002 0.453125 0.293814259375 0.53125 0.7038859578125
0 0.5625 0.6912033281250001 0.5654296875 0.7017721859375 0.5693359375 0.7059997296875 0.5927734375 0.7059997296875 0.59765625 0.6996584140625 0.599609375 0.6235626359374999 0.599609375 0.0866646375 0.591796875 0.052844290625 0.5751953125 0.00422754375 0.5693359375 0 0.5380859375 0.00422754375 0.53515625 0.0105688578125 0.53515625 0.031706575 0.560546875 0.6700656109375001 0.5625 0.6912033281250001
0 0.6083984375 0.718682359375 0.6123046875 0.718682359375 0.6240234375 0.714454815625 0.62890625 0.7081135015625 0.630859375 0.6404728078125 0.634765625 0.25999391250000004 0.634765625 0.1543053296875 0.6328125 0.1416227 0.609375 0.0697544640625 0.6005859375 0.06341315 0.59765625 0.0697544640625 0.599609375 0.7038859578125 0.6025390625 0.714454815625 0.6083984375 0.718682359375
0 0.6337890625 0.714454815625 0.6396484375 0.714454815625 0.650390625 0.7081135015625 0.66015625 0.25576636875 0.66015625 0.171215503125 0.654296875 0.1500777875 0.638671875 0.107802353125 0.6259765625 0.08032332187499999 0.6181640625 0.08032332187499999 0.6171875 0.08243709375 0.6171875 0.09089218125000001 0.62890625 0.7038859578125 0.6337890625 0.714454815625
0 0.6669921875 0.7271374453125 0.6845703125 0.7229099031249999 0.6884765625 0.718682359375 0.693359375 0.7038859578125 0.712890625 0.1965807625 0.70703125 0.166987959375 0.6708984375 0.0972334953125 0.6630859375 0.084550865625 0.6572265625 0.084550865625 0.654296875 0.09089218125000001 0.6484375 0.107802353125 0.650390625 0.7081135015625 0.6552734375 0.7229099031249999 0.6669921875 0.7271374453125
0 0.6611328125 0 0.65625 0.0105688578125 0.654296875 0.031706575 0.654296875 0.0655269203125 0.693359375 0.7081135015625 0.6982421875 0.714454815625 0.7041015625 0.714454815625 0.708984375 0.7038859578125 0.7109375 0.6700656109375001 0.734375 0.1331676140625 0.734375 0.0866646375 0.7236328125 0.06764069218749999 0.6943359375 0.025365259374999997 0.6767578125 0.00422754375 0.6708984375 0 0.6611328125 0
0 0.732421875 0.695430871875 0.75390625 0.2219460234375 0.75390625 0.1965807625 0.751953125 0.1881256765625 0.7373046875 0.1606466453125 0.7333984375 0.1606466453125 0.732421875 0.1627604171875 0.73046875 0.1796705890625 0.7109375 0.6193350921875 0.708984375 0.6996584140625 0.7119140625 0.7059997296875 0.7255859375 0.7059997296875 0.732421875 0.695430871875
0 0.7470703125 0.7059997296875 0.7529296875 0.7017721859375 0.7578125 0.6869757843750001 0.7890625 0.14585024375 0.787109375 0.13739515625 0.7802734375 0.12259875468749999 0.7666015625 0.1014610390625 0.7412109375 0.06764069218749999 0.7373046875 0.06341315 0.734375 0.0655269203125 0.732421875 0.6785206984375 0.734375 0.6996584140625 0.7373046875 0.7059997296875 0.7470703125 0.7059997296875
0 0.7587890625 0.6975446421875 0.7666015625 0.7017721859375 0.7919921875 0.7017721859375 0.8037109375 0.6975446421875 0.80859375 0.6869757843750001 0.810546875 0.6658380687500001 0.853515625 0.13739515625 0.85546875 0.112029896875 0.85546875 0.09089218125000001 0.8525390625 0.084550865625 0.8447265625 0.0760957796875 0.7724609375 0.00422754375 0.7646484375 0 0.7216796875 0.00422754375 0.71875 0.0105688578125 0.71875 0.0232514875 0.755859375 0.6869757843750001 0.7587890625 0.6975446421875
0 0.8232421875 0.6679518390625 0.828125 0.6531554390625 0.83984375 0.5347842265625 0.875 0.1416227 0.875 0.12471252656250001 0.8720703125 0.1183712125 0.8623046875 0.109916125 0.8583984375 0.109916125 0.85546875 0.11625744062500001 0.8515625 0.14585024375 0.8125 0.6193350921875 0.810546875 0.6447003515625 0.810546875 0.6658380687500001 0.8115234375 0.6679518390625 0.8232421875 0.6679518390625
0 0.8388671875 0.6806344703125 0.845703125 0.6742931546875 0.8515625 0.6362452656250001 0.896484375 0.1585328734375 0.896484375 0.13739515625 0.8896484375 0.12259875468749999 0.8662109375 0.0972334953125 0.8603515625 0.0972334953125 0.859375 0.0993472671875 0.828125 0.6362452656250001 0.828125 0.6700656109375001 0.8349609375 0.6806344703125 0.8388671875 0.6806344703125
0 0.8798828125 0.7017721859375 0.884765625 0.6912033281250001 0.939453125 0.1838981328125 0.939453125 0.166987959375 0.9375 0.1585328734375 0.9169921875 0.1352813859375 0.9013671875 0.12682629843749998 0.8984375 0.12894007031250002 0.849609375 0.6447003515625 0.84765625 0.6785206984375 0.8525390625 0.68908955625 0.8642578125 0.7017721859375 0.8798828125 0.7017721859375
0 1 0.171215503125 0.9970703125 0.1648741890625 0.9052734375 0.0718682359375 0.8994140625 0.06764069218749999 0.8896484375 0.06764069218749999 0.8740234375 0.0760957796875 0.873046875 0.07820955156250001 0.873046875 0.0866646375 0.884765625 0.6869757843750001 0.8876953125 0.6933171 0.8935546875 0.6975446421875 0.9130859375 0.7017721859375 0.9306640625 0.6933171 0.9375 0.6742931546875 1 0.20080830624999998 1 0.171215503125
0 1 0.20503585000000002 0.9990234375 0.202922078125 0.9921875 0.234628653125 0.984375 0.289586715625 0.9453125 0.5939698328125 0.9375 0.6616105250000001 0.9375 0.6700656109375001 0.9404296875 0.6764069265625 0.9638671875 0.6764069265625 0.9716796875 0.6721793828125 0.9765625 0.6616105250000001 0.978515625 0.6531554390625 1 0.5094189671875 1 0.20503585000000002