1 0.0732421875 0.6172213203125 0.076171875 0.5897422890625 0.076171875 0.5559219421875 0.0751953125 0.5538081703125 0.0595703125 0.5538081703125 0.056640625 0.5601494859375 0.056640625 0.6151075484375 0.0576171875 0.6172213203125 0.0732421875 0.6172213203125
1 0.103515625 0.6235626359374999 0.103515625 0.568604571875 0.1005859375 0.5622632578125 0.0849609375 0.5622632578125 0.076171875 0.568604571875 0.07421875 0.6277901781249999 0.0751953125 0.62990395 0.1005859375 0.62990395 0.103515625 0.6235626359374999
1 0.1455078125 0.62990395 0.1484375 0.6193350921875 0.1484375 0.5643770296875 0.1474609375 0.5622632578125 0.1220703125 0.5622632578125 0.119140625 0.568604571875 0.119140625 0.6277901781249999 0.1201171875 0.62990395 0.1455078125 0.62990395
1 0.1162109375 0.62990395 0.119140625 0.6235626359374999 0.12109375 0.5643770296875 0.1201171875 0.5622632578125 0.1103515625 0.5622632578125 0.109375 0.5643770296875 0.109375 0.6277901781249999 0.1103515625 0.62990395 0.1162109375 0.62990395
1 0.1748046875 0.6425865796875 0.177734375 0.6362452656250001 0.1796875 0.6151075484375 0.1796875 0.5770596593749999 0.1767578125 0.5707183437500001 0.1513671875 0.5707183437500001 0.150390625 0.572832115625 0.1484375 0.5897422890625 0.1484375 0.6362452656250001 0.1494140625 0.6383590375 0.1748046875 0.6425865796875
1 0.2041015625 0.6425865796875 0.2158203125 0.6425865796875 0.216796875 0.6404728078125 0.21875 0.581287203125 0.2177734375 0.5749458875 0.2138671875 0.5707183437500001 0.1884765625 0.5664908015625 0.1826171875 0.5664908015625 0.181640625 0.568604571875 0.1796875 0.5770596593749999 0.1796875 0.6362452656250001 0.1806640625 0.6383590375 0.2041015625 0.6425865796875
1 0.2353515625 0.6425865796875 0.236328125 0.6404728078125 0.23828125 0.5770596593749999 0.2373046875 0.5749458875 0.2216796875 0.5707183437500001 0.21875 0.5770596593749999 0.216796875 0.6066524624999999 0.216796875 0.6404728078125 0.2177734375 0.6425865796875 0.2353515625 0.6425865796875
1 0.2548828125 0.6468141234375 0.2578125 0.6404728078125 0.2578125 0.5770596593749999 0.2568359375 0.5749458875 0.2392578125 0.5749458875 0.236328125 0.581287203125 0.236328125 0.6404728078125 0.2373046875 0.6425865796875 0.2548828125 0.6468141234375
1 0.3349609375 0.6425865796875 0.3779296875 0.6425865796875 0.37890625 0.6404728078125 0.380859375 0.581287203125 0.3779296875 0.5749458875 0.3623046875 0.5707183437500001 0.3173828125 0.5707183437500001 0.31640625 0.572832115625 0.314453125 0.6235626359374999 0.314453125 0.6362452656250001 0.3154296875 0.6383590375 0.3349609375 0.6425865796875
1 0.4345703125 0.659496753125 0.435546875 0.6573829812499999 0.435546875 0.5939698328125 0.4345703125 0.5918560609375 0.3955078125 0.5918560609375 0.39453125 0.5939698328125 0.39453125 0.6573829812499999 0.3955078125 0.659496753125 0.4345703125 0.659496753125
1 0.4853515625 0.663724296875 0.486328125 0.6616105250000001 0.486328125 0.5939698328125 0.4853515625 0.5918560609375 0.4736328125 0.5876285171875 0.4443359375 0.5918560609375 0.443359375 0.5939698328125 0.443359375 0.6573829812499999 0.4462890625 0.663724296875 0.4853515625 0.663724296875
1 0.5458984375 0.655269209375 0.546875 0.6531554390625 0.546875 0.5897422890625 0.5439453125 0.5834009734375 0.4892578125 0.5834009734375 0.48828125 0.5855147453125 0.48828125 0.6489278953125 0.4912109375 0.655269209375 0.5458984375 0.655269209375
1 0.5517578125 0.663724296875 0.5751953125 0.663724296875 0.578125 0.6573829812499999 0.576171875 0.5939698328125 0.5732421875 0.5876285171875 0.5498046875 0.5918560609375 0.548828125 0.5939698328125 0.548828125 0.6531554390625 0.55078125 0.6616105250000001 0.5517578125 0.663724296875
1 0.5927734375 0.6806344703125 0.595703125 0.6742931546875 0.595703125 0.6066524624999999 0.5947265625 0.604538690625 0.5791015625 0.604538690625 0.576171875 0.6108800046875 0.578125 0.6742931546875 0.5810546875 0.6806344703125 0.5927734375 0.6806344703125
1 0.6064453125 0.6679518390625 0.6611328125 0.6679518390625 0.662109375 0.6658380687500001 0.662109375 0.598197375 0.6591796875 0.5918560609375 0.6044921875 0.5918560609375 0.59765625 0.6066524624999999 0.59765625 0.6573829812499999 0.6005859375 0.663724296875 0.6064453125 0.6679518390625
1 0.70703125 0.6616105250000001 0.705078125 0.5939698328125 0.7041015625 0.5918560609375 0.6845703125 0.5918560609375 0.6787109375 0.5960836031250001 0.66796875 0.6193350921875 0.666015625 0.6404728078125 0.6689453125 0.6679518390625 0.7041015625 0.6679518390625 0.70703125 0.6616105250000001
1 0.7431640625 0.6764069265625 0.74609375 0.6700656109375001 0.74609375 0.6489278953125 0.744140625 0.6024249187499999 0.7431640625 0.600311146875 0.7080078125 0.600311146875 0.705078125 0.6066524624999999 0.70703125 0.6742931546875 0.7080078125 0.6764069265625 0.7431640625 0.6764069265625
1 0.7490234375 0.6933171 0.7724609375 0.6933171 0.7734375 0.6912033281250001 0.7734375 0.6785206984375 0.771484375 0.6193350921875 0.7666015625 0.6129937765625 0.7490234375 0.6129937765625 0.7451171875 0.6172213203125 0.744140625 0.6193350921875 0.744140625 0.6362452656250001 0.74609375 0.6869757843750001 0.7490234375 0.6933171
1 0.7763671875 0.6848620125 0.7978515625 0.6848620125 0.80078125 0.6785206984375 0.798828125 0.6066524624999999 0.7978515625 0.604538690625 0.7783203125 0.604538690625 0.7724609375 0.6129937765625 0.771484375 0.6151075484375 0.771484375 0.6404728078125 0.7734375 0.6785206984375 0.7763671875 0.6848620125
1 0.8037109375 0.6806344703125 0.8291015625 0.6806344703125 0.83203125 0.6742931546875 0.83203125 0.6700656109375001 0.828125 0.6024249187499999 0.8271484375 0.600311146875 0.8154296875 0.600311146875 0.8017578125 0.604538690625 0.80078125 0.6066524624999999 0.80078125 0.6700656109375001 0.802734375 0.6785206984375 0.8037109375 0.6806344703125
1 0.8564453125 0.6806344703125 0.8818359375 0.6764069265625 0.8828125 0.6742931546875 0.8828125 0.6447003515625 0.880859375 0.6024249187499999 0.8779296875 0.5960836031250001 0.8349609375 0.600311146875 0.83203125 0.6066524624999999 0.833984375 0.6742931546875 0.8369140625 0.6806344703125 0.8564453125 0.6806344703125
1 0.8837890625 0.6721793828125 0.9150390625 0.6764069265625 0.9248046875 0.6764069265625 0.92578125 0.6742931546875 0.92578125 0.6235626359374999 0.9228515625 0.5960836031250001 0.8818359375 0.5960836031250001 0.880859375 0.598197375 0.880859375 0.6320177218749999 0.8828125 0.6700656109375001 0.8837890625 0.6721793828125
1 0.9404296875 0.6975446421875 0.9697265625 0.6975446421875 0.970703125 0.695430871875 0.970703125 0.6277901781249999 0.9677734375 0.6214488640625 0.9384765625 0.62567640625 0.9375 0.6277901781249999 0.9375 0.6616105250000001 0.939453125 0.695430871875 0.9404296875 0.6975446421875
0 0.0703125 0.8138020828125001 0.072265625 0.750388934375 0.087890625 0.1416227 0.087890625 0.12048498437499999 0.0859375 0.112029896875 0.0791015625 0.1056885828125 0.0712890625 0.109916125 0.068359375 0.11625744062500001 0.06640625 0.1543053296875 0.056640625 0.5601494859375 0.052734375 0.8138020828125001 0.0556640625 0.8243709421875 0.0673828125 0.8243709421875 0.0703125 0.8138020828125001
0 0.0966796875 0.832826028125 0.103515625 0.8264847124999999 0.10546875 0.77575419375 0.119140625 0.09089218125000001 0.1142578125 0.08032332187499999 0.0888671875 0.08032332187499999 0.0859375 0.0866646375 0.0703125 0.7546164765625 0.0703125 0.8264847124999999 0.0791015625 0.832826028125 0.0966796875 0.832826028125
0 0.1103515625 0.8243709421875 0.11328125 0.8180296265625 0.1171875 0.7334787609375 0.134765625 0.057071834375 0.134765625 0.052844290625 0.1318359375 0.0465029765625 0.1220703125 0.0465029765625 0.12109375 0.0486167484375 0.119140625 0.07820955156250001 0.109375 0.53901176875 0.10546875 0.7630715640625 0.10546875 0.8222571703125 0.1064453125 0.8243709421875 0.1103515625 0.8243709421875
0 0.1376953125 0 0.134765625 0.006341315625000001 0.12890625 0.1543053296875 0.119140625 0.5263291390625 0.11328125 0.8264847124999999 0.1162109375 0.8370535718750001 0.1357421875 0.8370535718750001 0.142578125 0.8264847124999999 0.14453125 0.7926643671875 0.171875 0.0147964015625 0.171875 0.0105688578125 0.1689453125 0 0.1376953125 0
0 0.1669921875 0.8412811140625 0.173828125 0.8264847124999999 0.17578125 0.7799817375 0.1875 0.31917951875 0.189453125 0.171215503125 0.1865234375 0.1648741890625 0.1630859375 0.1606466453125 0.16015625 0.166987959375 0.146484375 0.6658380687500001 0.14453125 0.746161390625 0.14453125 0.8349398000000001 0.1552734375 0.8412811140625 0.1669921875 0.8412811140625
0 0.1865234375 0.8455086578125 0.2060546875 0.8455086578125 0.2109375 0.83916734375 0.212890625 0.8264847124999999 0.21484375 0.7672991078125 0.23046875 0.0655269203125 0.2275390625 0.05918560625 0.2021484375 0.05918560625 0.1962890625 0.06341315 0.193359375 0.0697544640625 0.189453125 0.1416227 0.173828125 0.7842092796875 0.173828125 0.8349398000000001 0.1767578125 0.8412811140625 0.1865234375 0.8455086578125
0 0.232421875 0.83071225625 0.234375 0.7842092796875 0.25390625 0.0866646375 0.25390625 0.0739820078125 0.251953125 0.0655269203125 0.2470703125 0.05918560625 0.2353515625 0.05918560625 0.232421875 0.0655269203125 0.23046875 0.0866646375 0.216796875 0.6108800046875 0.212890625 0.83916734375 0.2158203125 0.8455086578125 0.2294921875 0.8455086578125 0.232421875 0.83071225625
0 0.25390625 0.83071225625 0.26953125 0.1416227 0.267578125 0.12894007031250002 0.2607421875 0.12259875468749999 0.2509765625 0.12259875468749999 0.248046875 0.12894007031250002 0.234375 0.6531554390625 0.232421875 0.83916734375 0.2353515625 0.8455086578125 0.2509765625 0.8455086578125 0.25390625 0.83071225625
0 0.2763671875 0.8539637453125 0.2978515625 0.8539637453125 0.3037109375 0.8497362015625001 0.306640625 0.8433948859375 0.30859375 0.809574540625 0.3203125 0.13739515625 0.3203125 0.08243709375 0.318359375 0.0739820078125 0.3115234375 0.06341315 0.2822265625 0.06341315 0.2724609375 0.06764069218749999 0.26953125 0.0739820078125 0.25390625 0.7377063046875 0.251953125 0.8222571703125 0.25390625 0.8433948859375 0.2568359375 0.8497362015625001 0.2763671875 0.8539637453125
0 0.3544921875 0.86241883125 0.3857421875 0.86241883125 0.390625 0.8518499734375 0.400390625 0.0655269203125 0.400390625 0.057071834375 0.3955078125 0.0465029765625 0.3896484375 0.0422754328125 0.3544921875 0.0422754328125 0.3251953125 0.050730518749999995 0.322265625 0.057071834375 0.3203125 0.08243709375 0.310546875 0.6489278953125 0.30859375 0.8476224296874999 0.3115234375 0.8539637453125 0.3173828125 0.8581912875000001 0.3544921875 0.86241883125
0 0.443359375 0.864532603125 0.4453125 0.83071225625 0.4453125 0.8053469968750001 0.439453125 0.0739820078125 0.4365234375 0.06341315 0.4169921875 0.06341315 0.4013671875 0.06764069218749999 0.3984375 0.0739820078125 0.396484375 0.14585024375 0.39453125 0.3910477546875 0.392578125 0.8560775156249999 0.3974609375 0.866646375 0.4423828125 0.866646375 0.443359375 0.864532603125
0 0.4453125 0.8687601468749999 0.4521484375 0.8793290046875001 0.4814453125 0.8793290046875001 0.4873046875 0.8751014609375 0.490234375 0.8687601468749999 0.5 0.112029896875 0.486328125 0.0486167484375 0.4814453125 0.0380478890625 0.4482421875 0.0380478890625 0.4423828125 0.0422754328125 0.439453125 0.0486167484375 0.439453125 0.293814259375 0.443359375 0.7672991078125 0.4453125 0.8687601468749999
0 0.4921875 0.8772152328124999 0.4970703125 0.883556546875 0.5224609375 0.883556546875 0.5478515625 0.8793290046875001 0.55078125 0.8729876890625 0.55078125 0.7842092796875 0.541015625 0.14585024375 0.5390625 0.1331676140625 0.5361328125 0.12682629843749998 0.4912109375 0.12682629843749998 0.4873046875 0.1310538421875 0.484375 0.13739515625 0.484375 0.37413758124999996 0.490234375 0.8687601468749999 0.4921875 0.8772152328124999
0 0.5810546875 0.883556546875 0.583984375 0.8772152328124999 0.583984375 0.864532603125 0.568359375 0.0739820078125 0.5654296875 0.06764069218749999 0.5419921875 0.06764069218749999 0.5390625 0.0739820078125 0.537109375 0.08243709375 0.552734375 0.8729876890625 0.5576171875 0.883556546875 0.5810546875 0.883556546875
0 0.58203125 0.8687601468749999 0.5849609375 0.883556546875 0.6005859375 0.883556546875 0.6015625 0.8814427765625 0.6015625 0.809574540625 0.583984375 0.0655269203125 0.5810546875 0.05918560625 0.5673828125 0.06341315 0.56640625 0.0655269203125 0.56640625 0.112029896875 0.5703125 0.3318621484375 0.58203125 0.8687601468749999
0 0.6015625 0.8772152328124999 0.603515625 0.8898978625 0.6103515625 0.896239178125 0.6669921875 0.896239178125 0.66796875 0.89412540625 0.66796875 0.8222571703125 0.6640625 0.6235626359374999 0.650390625 0.0866646375 0.6484375 0.052844290625 0.6435546875 0.0422754328125 0.5908203125 0.050730518749999995 0.5859375 0.0655269203125 0.583984375 0.08243709375 0.583984375 0.1543053296875 0.587890625 0.3572274078125 0.6015625 0.8772152328124999
0 0.669921875 0.8898978625 0.6728515625 0.9004667203125001 0.6826171875 0.9089218078125001 0.7060546875 0.9089218078125001 0.712890625 0.8983529484374999 0.712890625 0.83916734375 0.69140625 0.0697544640625 0.6884765625 0.06341315 0.6708984375 0.06341315 0.6533203125 0.06764069218749999 0.650390625 0.0739820078125 0.650390625 0.12048498437499999 0.658203125 0.458688446875 0.669921875 0.8898978625
0 0.712890625 0.8983529484374999 0.7158203125 0.9046942640625 0.7216796875 0.9089218078125001 0.7373046875 0.91314935 0.7470703125 0.9089218078125001 0.751953125 0.89412540625 0.751953125 0.8476224296874999 0.732421875 0.052844290625 0.7275390625 0.0465029765625 0.7001953125 0.0465029765625 0.6943359375 0.050730518749999995 0.69140625 0.057071834375 0.69140625 0.112029896875 0.70703125 0.7165685875000001 0.712890625 0.8983529484374999
0 0.7587890625 0.9089218078125001 0.7744140625 0.9089218078125001 0.779296875 0.9025804921875 0.779296875 0.8476224296874999 0.759765625 0.226173565625 0.7548828125 0.2156047078125 0.7451171875 0.2156047078125 0.7353515625 0.21983225156250003 0.734375 0.2219460234375 0.734375 0.25576636875 0.751953125 0.9025804921875 0.7587890625 0.9089218078125001
0 0.7822265625 0.9089218078125001 0.7998046875 0.91314935 0.806640625 0.9068080359374999 0.806640625 0.83071225625 0.7890625 0.2388561953125 0.787109375 0.21771847968750002 0.7822265625 0.20714962187500002 0.7646484375 0.2113771640625 0.7607421875 0.2156047078125 0.759765625 0.21771847968750002 0.759765625 0.27267654218750004 0.779296875 0.8983529484374999 0.7822265625 0.9089218078125001
0 0.8115234375 0.91314935 0.8349609375 0.91314935 0.837890625 0.9068080359374999 0.837890625 0.8518499734375 0.814453125 0.0443892046875 0.8076171875 0.033820346875000004 0.7802734375 0.0380478890625 0.7734375 0.052844290625 0.751953125 0.1416227 0.7421875 0.1838981328125 0.7421875 0.20080830624999998 0.806640625 0.8983529484374999 0.8115234375 0.91314935
0 0.8427734375 0.91737689375 0.8525390625 0.92583198125 0.8818359375 0.9300595234375001 0.888671875 0.915263121875 0.888671875 0.83071225625 0.865234375 0.0443892046875 0.8623046875 0.033820346875000004 0.8388671875 0.033820346875000004 0.8251953125 0.0380478890625 0.81640625 0.0443892046875 0.814453125 0.052844290625 0.814453125 0.12471252656250001 0.837890625 0.9025804921875 0.8427734375 0.91737689375
0 0.890625 0.9110355796875 0.8935546875 0.91737689375 0.9111328125 0.9216044374999999 0.9287109375 0.9216044374999999 0.93359375 0.9110355796875 0.93359375 0.9025804921875 0.9140625 0.057071834375 0.9111328125 0.050730518749999995 0.8681640625 0.050730518749999995 0.8671875 0.052844290625 0.865234375 0.0697544640625 0.869140625 0.24308373906249997 0.876953125 0.5263291390625 0.890625 0.9110355796875
0 0.93359375 0.9110355796875 0.9404296875 0.9216044374999999 0.9716796875 0.9216044374999999 0.974609375 0.915263121875 0.97265625 0.6700656109375001 0.958984375 0.0697544640625 0.95703125 0.052844290625 0.9541015625 0.0465029765625 0.9169921875 0.0465029765625 0.9140625 0.052844290625 0.9140625 0.1881256765625 0.9296875 0.8264847124999999 0.93359375 0.9110355796875