1 0.0380859375 0.655269209375 0.0390625 0.6531554390625 0.041015625 0.5939698328125 0.0380859375 0.5876285171875 0.0166015625 0.5876285171875 0.013671875 0.5939698328125 0.013671875 0.6531554390625 0.0146484375 0.655269209375 0.0380859375 0.655269209375
1 0.0615234375 0.655269209375 0.064453125 0.6489278953125 0.064453125 0.5897422890625 0.0634765625 0.5876285171875 0.0419921875 0.5876285171875 0.041015625 0.5897422890625 0.0390625 0.6108800046875 0.0390625 0.6531554390625 0.0400390625 0.655269209375 0.0615234375 0.655269209375
1 0.0966796875 0.659496753125 0.099609375 0.6531554390625 0.099609375 0.5897422890625 0.0986328125 0.5876285171875 0.0673828125 0.5876285171875 0.064453125 0.5939698328125 0.064453125 0.6573829812499999 0.0654296875 0.659496753125 0.0966796875 0.659496753125
1 0.1162109375 0.655269209375 0.119140625 0.6489278953125 0.12109375 0.5897422890625 0.1181640625 0.5834009734375 0.1025390625 0.5834009734375 0.099609375 0.5897422890625 0.099609375 0.6531554390625 0.1005859375 0.655269209375 0.1162109375 0.655269209375
1 0.1572265625 0.6510416671875 0.158203125 0.6489278953125 0.16015625 0.6193350921875 0.16015625 0.5855147453125 0.1572265625 0.57917343125 0.1220703125 0.57917343125 0.12109375 0.581287203125 0.119140625 0.6193350921875 0.119140625 0.6489278953125 0.1201171875 0.6510416671875 0.1572265625 0.6510416671875
1 0.193359375 0.6404728078125 0.1953125 0.5770596593749999 0.1923828125 0.5707183437500001 0.1630859375 0.5707183437500001 0.16015625 0.5770596593749999 0.158203125 0.6362452656250001 0.1611328125 0.6425865796875 0.1923828125 0.6425865796875 0.193359375 0.6404728078125
1 0.2158203125 0.6468141234375 0.2373046875 0.6468141234375 0.23828125 0.6447003515625 0.240234375 0.6193350921875 0.240234375 0.5770596593749999 0.2392578125 0.5749458875 0.2294921875 0.5707183437500001 0.1962890625 0.5707183437500001 0.1953125 0.572832115625 0.193359375 0.598197375 0.193359375 0.6404728078125 0.1943359375 0.6425865796875 0.2158203125 0.6468141234375
1 0.287109375 0.6447003515625 0.2890625 0.6108800046875 0.2890625 0.5770596593749999 0.2880859375 0.5749458875 0.2783203125 0.5707183437500001 0.2431640625 0.5707183437500001 0.240234375 0.5770596593749999 0.23828125 0.6404728078125 0.2412109375 0.6468141234375 0.2861328125 0.6468141234375 0.287109375 0.6447003515625
1 0.3076171875 0.6510416671875 0.310546875 0.6447003515625 0.3125 0.581287203125 0.3076171875 0.5749458875 0.2919921875 0.5749458875 0.2890625 0.581287203125 0.2890625 0.6447003515625 0.2900390625 0.6468141234375 0.3076171875 0.6510416671875
1 0.3525390625 0.655269209375 0.353515625 0.6531554390625 0.35546875 0.6447003515625 0.35546875 0.5855147453125 0.3544921875 0.5834009734375 0.3447265625 0.57917343125 0.3134765625 0.57917343125 0.310546875 0.5855147453125 0.310546875 0.6531554390625 0.3115234375 0.655269209375 0.3525390625 0.655269209375
1 0.3935546875 0.6425865796875 0.39453125 0.6404728078125 0.396484375 0.5855147453125 0.396484375 0.572832115625 0.3955078125 0.5707183437500001 0.3681640625 0.5664908015625 0.357421875 0.572832115625 0.35546875 0.5897422890625 0.35546875 0.6404728078125 0.3564453125 0.6425865796875 0.3935546875 0.6425865796875
1 0.4365234375 0.6468141234375 0.439453125 0.6404728078125 0.44140625 0.5897422890625 0.44140625 0.572832115625 0.4404296875 0.5707183437500001 0.4228515625 0.5664908015625 0.3974609375 0.5707183437500001 0.396484375 0.572832115625 0.39453125 0.598197375 0.39453125 0.6404728078125 0.3955078125 0.6425865796875 0.4365234375 0.6468141234375
1 0.474609375 0.6108800046875 0.474609375 0.5643770296875 0.4736328125 0.5622632578125 0.4443359375 0.5622632578125 0.44140625 0.568604571875 0.439453125 0.6320177218749999 0.4423828125 0.6383590375 0.4716796875 0.6383590375 0.474609375 0.6108800046875
1 0.521484375 0.6320177218749999 0.521484375 0.5643770296875 0.5205078125 0.5622632578125 0.4794921875 0.5580357140625 0.474609375 0.5643770296875 0.47265625 0.6320177218749999 0.4755859375 0.6383590375 0.5185546875 0.6383590375 0.521484375 0.6320177218749999
1 0.5693359375 0.63413149375 0.5703125 0.6320177218749999 0.572265625 0.5770596593749999 0.572265625 0.5601494859375 0.5712890625 0.5580357140625 0.5595703125 0.5538081703125 0.5263671875 0.5538081703125 0.5224609375 0.5580357140625 0.521484375 0.5601494859375 0.521484375 0.6320177218749999 0.5224609375 0.63413149375 0.5693359375 0.63413149375
1 0.6083984375 0.6468141234375 0.6181640625 0.6468141234375 0.619140625 0.6447003515625 0.62109375 0.6320177218749999 0.62109375 0.568604571875 0.6201171875 0.5664908015625 0.5947265625 0.5622632578125 0.5732421875 0.5622632578125 0.572265625 0.5643770296875 0.5703125 0.6024249187499999 0.5703125 0.6362452656250001 0.5732421875 0.6425865796875 0.6083984375 0.6468141234375
1 0.6572265625 0.63413149375 0.66015625 0.6193350921875 0.66015625 0.5601494859375 0.6572265625 0.5538081703125 0.6240234375 0.5538081703125 0.623046875 0.5559219421875 0.62109375 0.568604571875 0.62109375 0.6277901781249999 0.6240234375 0.63413149375 0.6572265625 0.63413149375
1 0.6962890625 0.62990395 0.697265625 0.6277901781249999 0.697265625 0.5516943999999999 0.6904296875 0.5453530843750001 0.6611328125 0.5453530843750001 0.66015625 0.54746685625 0.66015625 0.6235626359374999 0.6611328125 0.62567640625 0.6962890625 0.62990395
1 0.7490234375 0.6214488640625 0.751953125 0.6151075484375 0.751953125 0.581287203125 0.75 0.5432393125 0.7490234375 0.541125540625 0.6982421875 0.541125540625 0.697265625 0.5432393125 0.697265625 0.6151075484375 0.7001953125 0.6214488640625 0.7490234375 0.6214488640625
1 0.8037109375 0.6383590375 0.806640625 0.6320177218749999 0.806640625 0.5939698328125 0.8046875 0.5601494859375 0.8017578125 0.5538081703125 0.7822265625 0.5538081703125 0.7529296875 0.5580357140625 0.751953125 0.5601494859375 0.751953125 0.6320177218749999 0.7548828125 0.6383590375 0.8037109375 0.6383590375
1 0.8076171875 0.6214488640625 0.8388671875 0.6214488640625 0.83984375 0.6193350921875 0.83984375 0.568604571875 0.837890625 0.5432393125 0.8369140625 0.541125540625 0.8076171875 0.541125540625 0.8046875 0.54746685625 0.8046875 0.5770596593749999 0.806640625 0.6193350921875 0.8076171875 0.6214488640625
1 0.8427734375 0.6214488640625 0.8544921875 0.6214488640625 0.8779296875 0.6172213203125 0.87890625 0.6151075484375 0.87890625 0.572832115625 0.876953125 0.53901176875 0.8759765625 0.5368979984375 0.8408203125 0.5368979984375 0.837890625 0.5432393125 0.837890625 0.5516943999999999 0.83984375 0.6151075484375 0.8427734375 0.6214488640625
1 0.9248046875 0.6172213203125 0.92578125 0.6151075484375 0.923828125 0.5432393125 0.9208984375 0.5368979984375 0.8798828125 0.5368979984375 0.876953125 0.5432393125 0.87890625 0.6151075484375 0.8798828125 0.6172213203125 0.9248046875 0.6172213203125
0 0.03125 0.864532603125 0.03515625 0.7842092796875 0.037109375 0.7334787609375 0.037109375 0.6573829812499999 0.0185546875 0.6425865796875 0.013671875 0.6531554390625 0.01171875 0.6700656109375001 0.0078125 0.7884368234375 0.005859375 0.864532603125 0.0087890625 0.8708739171875 0.0283203125 0.8708739171875 0.03125 0.864532603125
0 0.0380859375 0.5960836031250001 0.041015625 0.5855147453125 0.05078125 0.2684489984375 0.05078125 0.25576636875 0.0478515625 0.2494250546875 0.0302734375 0.24519751093750003 0.025390625 0.251538825 0.021484375 0.340317234375 0.015625 0.522101596875 0.015625 0.5897422890625 0.0185546875 0.608766234375 0.0380859375 0.5960836031250001
0 0.064453125 0.581287203125 0.06640625 0.5559219421875 0.072265625 0.378365125 0.07421875 0.26422145625 0.0732421875 0.25788014062500003 0.0654296875 0.2494250546875 0.0537109375 0.2494250546875 0.05078125 0.25576636875 0.048828125 0.281131628125 0.04296875 0.4671435328125 0.041015625 0.581287203125 0.0439453125 0.5876285171875 0.0615234375 0.5876285171875 0.064453125 0.581287203125
0 0.0849609375 0.8751014609375 0.091796875 0.8687601468749999 0.125 0.2769040859375 0.1220703125 0.2705627703125 0.1064453125 0.25788014062500003 0.0771484375 0.262107684375 0.072265625 0.2769040859375 0.0546875 0.8518499734375 0.0546875 0.8729876890625 0.0634765625 0.8793290046875001 0.0849609375 0.8751014609375
0 0.1083984375 0.8751014609375 0.111328125 0.8687601468749999 0.11328125 0.8349398000000001 0.12109375 0.6108800046875 0.126953125 0.344544778125 0.126953125 0.28535917187500004 0.1259765625 0.2832454 0.1123046875 0.2832454 0.1083984375 0.28747294375 0.107421875 0.289586715625 0.10546875 0.31917951875 0.09375 0.7926643671875 0.09375 0.8687601468749999 0.0966796875 0.8751014609375 0.1083984375 0.8751014609375
0 0.150390625 0.8687601468749999 0.154296875 0.7968919109375 0.173828125 0.21771847968750002 0.1708984375 0.2113771640625 0.1669921875 0.20714962187500002 0.1357421875 0.20714962187500002 0.130859375 0.2134909359375 0.12890625 0.226173565625 0.125 0.3529998640625 0.111328125 0.8687601468749999 0.1142578125 0.8793290046875001 0.1435546875 0.8793290046875001 0.150390625 0.8687601468749999
0 0.1748046875 0.8793290046875001 0.1806640625 0.8751014609375 0.18359375 0.8687601468749999 0.185546875 0.8518499734375 0.208984375 0.226173565625 0.2041015625 0.21983225156250003 0.1826171875 0.21983225156250003 0.1748046875 0.22405979375 0.169921875 0.2388561953125 0.16796875 0.28535917187500004 0.15234375 0.8687601468749999 0.1572265625 0.8751014609375 0.1650390625 0.8793290046875001 0.1748046875 0.8793290046875001
0 0.2275390625 0.8793290046875001 0.23046875 0.8729876890625 0.234375 0.7799817375 0.251953125 0.27267654218750004 0.251953125 0.234628653125 0.2451171875 0.2282873375 0.2158203125 0.2282873375 0.2099609375 0.23251488125000003 0.205078125 0.251538825 0.1875 0.7630715640625 0.185546875 0.8687601468749999 0.1884765625 0.8751014609375 0.1962890625 0.8793290046875001 0.2275390625 0.8793290046875001
0 0.2646484375 0.883556546875 0.2744140625 0.8793290046875001 0.28125 0.8729876890625 0.318359375 0.28535917187500004 0.318359375 0.2473112828125 0.3154296875 0.2409699671875 0.2939453125 0.2113771640625 0.2568359375 0.2156047078125 0.25390625 0.226173565625 0.251953125 0.2473112828125 0.25 0.293814259375 0.232421875 0.7968919109375 0.232421875 0.8729876890625 0.2353515625 0.8793290046875001 0.2646484375 0.883556546875
0 0.3125 0.572832115625 0.318359375 0.3318621484375 0.318359375 0.3064968890625 0.3154296875 0.3001555734375 0.3056640625 0.3001555734375 0.2998046875 0.3043831171875 0.296875 0.314951975 0.29296875 0.4417782734375 0.291015625 0.572832115625 0.3037109375 0.57917343125 0.3095703125 0.57917343125 0.3125 0.572832115625
0 0.3388671875 0.883556546875 0.3466796875 0.8793290046875001 0.349609375 0.8687601468749999 0.3515625 0.8138020828125001 0.365234375 0.2388561953125 0.365234375 0.2134909359375 0.3623046875 0.20714962187500002 0.3525390625 0.202922078125 0.3388671875 0.202922078125 0.3251953125 0.20714962187500002 0.322265625 0.2134909359375 0.3203125 0.226173565625 0.31640625 0.344544778125 0.3046875 0.8687601468749999 0.3095703125 0.8793290046875001 0.3154296875 0.883556546875 0.3388671875 0.883556546875
0 0.390625 0.8729876890625 0.404296875 0.21771847968750002 0.40234375 0.20503585000000002 0.4013671875 0.202922078125 0.3720703125 0.202922078125 0.3681640625 0.20714962187500002 0.365234375 0.2219460234375 0.36328125 0.27267654218750004 0.349609375 0.864532603125 0.3525390625 0.8793290046875001 0.3876953125 0.8793290046875001 0.390625 0.8729876890625
0 0.4287109375 0.883556546875 0.43359375 0.8772152328124999 0.435546875 0.8476224296874999 0.458984375 0.226173565625 0.455078125 0.2092633921875 0.4462890625 0.1860119046875 0.4287109375 0.1860119046875 0.4072265625 0.1902394484375 0.404296875 0.20080830624999998 0.40234375 0.2388561953125 0.390625 0.77575419375 0.390625 0.8772152328124999 0.3955078125 0.883556546875 0.4287109375 0.883556546875
0 0.46875 0.8772152328124999 0.48046875 0.289586715625 0.48046875 0.234628653125 0.4755859375 0.2282873375 0.4599609375 0.23251488125000003 0.4541015625 0.2409699671875 0.451171875 0.2473112828125 0.447265625 0.27267654218750004 0.4453125 0.3064968890625 0.4375 0.7165685875000001 0.435546875 0.8814427765625 0.4384765625 0.8877840906250001 0.4658203125 0.8877840906250001 0.46875 0.8772152328124999
0 0.515625 0.8856703187500001 0.517578125 0.8560775156249999 0.529296875 0.2219460234375 0.529296875 0.1796705890625 0.5263671875 0.173329275 0.4912109375 0.173329275 0.4853515625 0.17755681875 0.482421875 0.1838981328125 0.4765625 0.4248681 0.470703125 0.7377063046875 0.46875 0.8814427765625 0.4736328125 0.8877840906250001 0.5146484375 0.8877840906250001 0.515625 0.8856703187500001
0 0.5361328125 0.892011634375 0.5517578125 0.892011634375 0.5634765625 0.883556546875 0.56640625 0.8729876890625 0.568359375 0.8180296265625 0.578125 0.2219460234375 0.578125 0.1881256765625 0.5732421875 0.173329275 0.5361328125 0.173329275 0.53125 0.1838981328125 0.529296875 0.1923532203125 0.521484375 0.5432393125 0.517578125 0.77575419375 0.517578125 0.8814427765625 0.5205078125 0.8877840906250001 0.5361328125 0.892011634375
0 0.6103515625 0.8877840906250001 0.615234375 0.8772152328124999 0.6171875 0.8222571703125 0.62890625 0.1881256765625 0.62890625 0.1796705890625 0.626953125 0.171215503125 0.6201171875 0.1606466453125 0.6083984375 0.1564191015625 0.5869140625 0.1564191015625 0.5830078125 0.1606466453125 0.578125 0.175443046875 0.5703125 0.6193350921875 0.568359375 0.750388934375 0.568359375 0.8814427765625 0.5732421875 0.8877840906250001 0.6103515625 0.8877840906250001
0 0.6533203125 0.892011634375 0.65625 0.8814427765625 0.658203125 0.8180296265625 0.6640625 0.2134909359375 0.6611328125 0.20714962187500002 0.6318359375 0.20714962187500002 0.62890625 0.2134909359375 0.626953125 0.226173565625 0.6171875 0.7630715640625 0.6171875 0.8856703187500001 0.6220703125 0.892011634375 0.6533203125 0.892011634375
0 0.6708984375 0.892011634375 0.6845703125 0.892011634375 0.6943359375 0.8877840906250001 0.697265625 0.8772152328124999 0.697265625 0.2684489984375 0.6943359375 0.262107684375 0.6689453125 0.262107684375 0.6640625 0.2684489984375 0.662109375 0.3572274078125 0.658203125 0.6362452656250001 0.658203125 0.8814427765625 0.6611328125 0.8877840906250001 0.6708984375 0.892011634375
0 0.7001953125 0.883556546875 0.7099609375 0.8877840906250001 0.7451171875 0.8877840906250001 0.751953125 0.8772152328124999 0.751953125 0.6869757843750001 0.748046875 0.1627604171875 0.7431640625 0.1521915578125 0.7041015625 0.1521915578125 0.6962890625 0.1564191015625 0.673828125 0.2388561953125 0.671875 0.2473112828125 0.671875 0.25999391250000004 0.697265625 0.8772152328124999 0.7001953125 0.883556546875
0 0.7607421875 0.8877840906250001 0.7958984375 0.892011634375 0.8056640625 0.8877840906250001 0.80859375 0.8814427765625 0.80859375 0.7334787609375 0.8046875 0.42909564375000003 0.798828125 0.1543053296875 0.7958984375 0.147964015625 0.7607421875 0.147964015625 0.7529296875 0.1521915578125 0.75 0.1585328734375 0.748046875 0.166987959375 0.748046875 0.2769040859375 0.75390625 0.8772152328124999 0.7607421875 0.8877840906250001
0 0.8076171875 0.541125540625 0.8369140625 0.541125540625 0.837890625 0.53901176875 0.837890625 0.47559862031250005 0.830078125 0.171215503125 0.8232421875 0.1606466453125 0.8017578125 0.1648741890625 0.798828125 0.171215503125 0.798828125 0.1838981328125 0.8046875 0.5305566828125 0.8076171875 0.541125540625
0 0.8837890625 0.883556546875 0.88671875 0.8772152328124999 0.88671875 0.7842092796875 0.865234375 0.1585328734375 0.86328125 0.12894007031250002 0.8603515625 0.1183712125 0.8486328125 0.11414366875 0.8408203125 0.11414366875 0.8291015625 0.1183712125 0.8251953125 0.12259875468749999 0.814453125 0.14585024375 0.810546875 0.1585328734375 0.849609375 0.8772152328124999 0.8525390625 0.883556546875 0.8837890625 0.883556546875
0 0.890625 0.8729876890625 0.8955078125 0.883556546875 0.9287109375 0.883556546875 0.93359375 0.8772152328124999 0.93359375 0.7968919109375 0.908203125 0.1416227 0.90625 0.12048498437499999 0.9033203125 0.109916125 0.8740234375 0.109916125 0.865234375 0.12048498437499999 0.86328125 0.1331676140625 0.86328125 0.1416227 0.888671875 0.860305059375 0.890625 0.8729876890625