1 0.0205078125 0.74404761875 0.0380859375 0.74404761875 0.0498046875 0.739820075 0.056640625 0.7334787609375 0.056640625 0.6996584140625 0.0537109375 0.6806344703125 0.0458984375 0.6806344703125 0.0166015625 0.68908955625 0.015625 0.6912033281250001 0.015625 0.71234104375 0.017578125 0.7334787609375 0.0205078125 0.74404761875
1 0.0615234375 0.75250270625 0.0908203125 0.75250270625 0.095703125 0.746161390625 0.091796875 0.6996584140625 0.0888671875 0.6933171 0.0576171875 0.6975446421875 0.056640625 0.6996584140625 0.056640625 0.7292512171875 0.05859375 0.746161390625 0.0615234375 0.75250270625
1 0.0966796875 0.7482751624999999 0.1005859375 0.75250270625 0.1142578125 0.7567302484375 0.1220703125 0.7567302484375 0.123046875 0.7546164765625 0.123046875 0.725023675 0.1201171875 0.7017721859375 0.1103515625 0.6975446421875 0.0927734375 0.6975446421875 0.091796875 0.6996584140625 0.091796875 0.7165685875000001 0.09375 0.7419338468750001 0.0966796875 0.7482751624999999
1 0.1259765625 0.7609577921875 0.1416015625 0.7567302484375 0.14453125 0.750388934375 0.14453125 0.7292512171875 0.142578125 0.6996584140625 0.1416015625 0.6975446421875 0.1337890625 0.6975446421875 0.1220703125 0.7017721859375 0.12109375 0.7038859578125 0.12109375 0.72079613125 0.123046875 0.7546164765625 0.1259765625 0.7609577921875
1 0.1494140625 0.782095509375 0.1630859375 0.782095509375 0.1708984375 0.7778679656249999 0.173828125 0.77152665 0.173828125 0.7419338468750001 0.1708984375 0.718682359375 0.1455078125 0.7229099031249999 0.14453125 0.725023675 0.14453125 0.7588440203125 0.146484375 0.77575419375 0.1494140625 0.782095509375
1 0.1748046875 0.75250270625 0.2099609375 0.75250270625 0.220703125 0.746161390625 0.220703125 0.7165685875000001 0.2177734375 0.68908955625 0.1728515625 0.6975446421875 0.171875 0.6996584140625 0.171875 0.72079613125 0.173828125 0.750388934375 0.1748046875 0.75250270625
1 0.2236328125 0.7609577921875 0.2373046875 0.7651853359375 0.2470703125 0.7651853359375 0.25 0.7588440203125 0.25 0.7334787609375 0.248046875 0.7038859578125 0.2451171875 0.6975446421875 0.2353515625 0.6975446421875 0.2216796875 0.7017721859375 0.220703125 0.7038859578125 0.220703125 0.746161390625 0.22265625 0.7588440203125 0.2236328125 0.7609577921875
1 0.2529296875 0.75250270625 0.2626953125 0.75250270625 0.2744140625 0.7482751624999999 0.275390625 0.746161390625 0.275390625 0.7292512171875 0.2734375 0.6912033281250001 0.2705078125 0.6848620125 0.2490234375 0.68908955625 0.24609375 0.695430871875 0.24609375 0.6996584140625 0.25 0.746161390625 0.2529296875 0.75250270625
1 0.3154296875 0.769412878125 0.322265625 0.7630715640625 0.3203125 0.7165685875000001 0.3173828125 0.7059997296875 0.2763671875 0.7102272734375 0.2734375 0.7165685875000001 0.275390625 0.7546164765625 0.2783203125 0.769412878125 0.3154296875 0.769412878125
1 0.3232421875 0.7567302484375 0.3447265625 0.7567302484375 0.345703125 0.7546164765625 0.345703125 0.6996584140625 0.3427734375 0.6933171 0.3212890625 0.6975446421875 0.3203125 0.6996584140625 0.3203125 0.746161390625 0.322265625 0.7546164765625 0.3232421875 0.7567302484375
1 0.3505859375 0.7567302484375 0.3662109375 0.75250270625 0.3671875 0.750388934375 0.3671875 0.6996584140625 0.3642578125 0.6933171 0.3466796875 0.6933171 0.34375 0.6996584140625 0.345703125 0.746161390625 0.34765625 0.7546164765625 0.3505859375 0.7567302484375
1 0.3935546875 0.7567302484375 0.3984375 0.750388934375 0.3984375 0.72079613125 0.3955078125 0.6933171 0.3701171875 0.6933171 0.3671875 0.6996584140625 0.3671875 0.7419338468750001 0.3701171875 0.7567302484375 0.3935546875 0.7567302484375
1 0.4072265625 0.769412878125 0.4228515625 0.769412878125 0.4384765625 0.7651853359375 0.44140625 0.7588440203125 0.44140625 0.725023675 0.4384765625 0.7017721859375 0.4228515625 0.7017721859375 0.4033203125 0.7059997296875 0.40234375 0.7081135015625 0.40234375 0.725023675 0.404296875 0.7630715640625 0.4072265625 0.769412878125
1 0.4599609375 0.769412878125 0.4716796875 0.7651853359375 0.474609375 0.7588440203125 0.474609375 0.725023675 0.4716796875 0.7017721859375 0.4423828125 0.7059997296875 0.44140625 0.7081135015625 0.44140625 0.7546164765625 0.4462890625 0.769412878125 0.4599609375 0.769412878125
1 0.4755859375 0.75250270625 0.5068359375 0.7482751624999999 0.5078125 0.746161390625 0.5078125 0.6869757843750001 0.5068359375 0.6848620125 0.4912109375 0.6848620125 0.4736328125 0.68908955625 0.47265625 0.6912033281250001 0.47265625 0.71234104375 0.474609375 0.750388934375 0.4755859375 0.75250270625
1 0.5341796875 0.769412878125 0.537109375 0.7630715640625 0.537109375 0.7081135015625 0.5361328125 0.7059997296875 0.5205078125 0.7059997296875 0.5107421875 0.7102272734375 0.5078125 0.7165685875000001 0.509765625 0.7672991078125 0.5107421875 0.769412878125 0.5341796875 0.769412878125
1 0.5400390625 0.7609577921875 0.5654296875 0.7609577921875 0.56640625 0.7588440203125 0.56640625 0.72079613125 0.564453125 0.695430871875 0.5615234375 0.6933171 0.5380859375 0.6975446421875 0.537109375 0.6996584140625 0.537109375 0.7334787609375 0.5390625 0.7588440203125 0.5400390625 0.7609577921875
1 0.5947265625 0.7271374453125 0.59375 0.7334787609375 0.5966796875 0.7355925328125 0.59765625 0.7292512171875 0.5947265625 0.7271374453125
1 0.5908203125 0.7609577921875 0.59375 0.7546164765625 0.59375 0.6996584140625 0.5927734375 0.6975446421875 0.5673828125 0.6975446421875 0.56640625 0.6996584140625 0.56640625 0.7546164765625 0.5693359375 0.7609577921875 0.5908203125 0.7609577921875
1 0.6083984375 0.7355925328125 0.609375 0.7334787609375 0.609375 0.7038859578125 0.607421875 0.6785206984375 0.6064453125 0.6764069265625 0.5947265625 0.6764069265625 0.59375 0.6785206984375 0.59375 0.7334787609375 0.5947265625 0.7355925328125 0.6083984375 0.7355925328125
1 0.6298828125 0.7609577921875 0.6357421875 0.7567302484375 0.638671875 0.750388934375 0.638671875 0.695430871875 0.6376953125 0.6933171 0.6123046875 0.6933171 0.609375 0.6996584140625 0.611328125 0.7546164765625 0.6162109375 0.7609577921875 0.6298828125 0.7609577921875
1 0.6611328125 0.7482751624999999 0.6640625 0.7419338468750001 0.6640625 0.682748240625 0.6630859375 0.6806344703125 0.6416015625 0.6806344703125 0.638671875 0.6869757843750001 0.638671875 0.7377063046875 0.6435546875 0.7482751624999999 0.6611328125 0.7482751624999999
1 0.6689453125 0.7567302484375 0.6904296875 0.7567302484375 0.6982421875 0.75250270625 0.701171875 0.746161390625 0.701171875 0.6912033281250001 0.6982421875 0.6848620125 0.6669921875 0.6848620125 0.6640625 0.6912033281250001 0.6640625 0.71234104375 0.666015625 0.750388934375 0.6689453125 0.7567302484375
1 0.7236328125 0.74404761875 0.724609375 0.7419338468750001 0.724609375 0.6700656109375001 0.7236328125 0.6679518390625 0.7021484375 0.6679518390625 0.701171875 0.6700656109375001 0.701171875 0.7377063046875 0.7041015625 0.74404761875 0.7236328125 0.74404761875
1 0.7412109375 0.7313649890625 0.7490234375 0.7271374453125 0.751953125 0.72079613125 0.751953125 0.6700656109375001 0.7490234375 0.663724296875 0.7275390625 0.663724296875 0.724609375 0.6700656109375001 0.724609375 0.72079613125 0.7314453125 0.7313649890625 0.7412109375 0.7313649890625
1 0.7587890625 0.7482751624999999 0.7763671875 0.7482751624999999 0.77734375 0.746161390625 0.77734375 0.6869757843750001 0.7763671875 0.6848620125 0.7626953125 0.6806344703125 0.7568359375 0.6806344703125 0.755859375 0.682748240625 0.75390625 0.7165685875000001 0.75390625 0.7334787609375 0.755859375 0.7419338468750001 0.7587890625 0.7482751624999999
1 0.7939453125 0.75250270625 0.8017578125 0.7482751624999999 0.802734375 0.746161390625 0.802734375 0.6869757843750001 0.8017578125 0.6848620125 0.7802734375 0.6848620125 0.779296875 0.6869757843750001 0.77734375 0.7081135015625 0.77734375 0.7419338468750001 0.7802734375 0.7482751624999999 0.7939453125 0.75250270625
1 0.8251953125 0.739820075 0.8505859375 0.739820075 0.8642578125 0.7355925328125 0.865234375 0.7334787609375 0.865234375 0.6700656109375001 0.8642578125 0.6679518390625 0.8154296875 0.6679518390625 0.810546875 0.6785206984375 0.810546875 0.7292512171875 0.8134765625 0.7355925328125 0.8251953125 0.739820075
1 0.9150390625 0.7229099031249999 0.927734375 0.7165685875000001 0.9296875 0.695430871875 0.9296875 0.6531554390625 0.9287109375 0.6510416671875 0.8740234375 0.6510416671875 0.87109375 0.6573829812499999 0.869140625 0.682748240625 0.869140625 0.7165685875000001 0.8720703125 0.7229099031249999 0.9150390625 0.7229099031249999
1 0.9541015625 0.7355925328125 0.955078125 0.7334787609375 0.95703125 0.695430871875 0.95703125 0.6700656109375001 0.9560546875 0.6679518390625 0.9423828125 0.663724296875 0.9345703125 0.663724296875 0.93359375 0.6658380687500001 0.93359375 0.7292512171875 0.9384765625 0.7355925328125 0.9541015625 0.7355925328125
1 0.9658203125 0.7355925328125 0.96875 0.7292512171875 0.970703125 0.6700656109375001 0.9677734375 0.663724296875 0.9599609375 0.663724296875 0.95703125 0.6700656109375001 0.955078125 0.6869757843750001 0.955078125 0.7334787609375 0.9560546875 0.7355925328125 0.9658203125 0.7355925328125
0 0 0.4671435328125 0.02734375 0.89412540625 0.029296875 0.9068080359374999 0.0341796875 0.91737689375 0.0517578125 0.91737689375 0.0595703125 0.91314935 0.06640625 0.9025804921875 0.06640625 0.8772152328124999 0.052734375 0.6447003515625 0.025390625 0.25576636875 0.0224609375 0.2494250546875 0.0126953125 0.2409699671875 0.0009765625 0.2409699671875 0 0.24308373906249997 0 0.4671435328125
0 0.068359375 0.8983529484374999 0.0732421875 0.9089218078125001 0.0830078125 0.91314935 0.1005859375 0.91314935 0.103515625 0.9068080359374999 0.103515625 0.8814427765625 0.099609375 0.8138020828125001 0.0625 0.25576636875 0.060546875 0.24308373906249997 0.0576171875 0.236742425 0.0361328125 0.2409699671875 0.0283203125 0.24519751093750003 0.025390625 0.251538825 0.025390625 0.25999391250000004 0.06640625 0.8856703187500001 0.068359375 0.8983529484374999
0 0.10546875 0.9110355796875 0.1142578125 0.9216044374999999 0.1279296875 0.9216044374999999 0.1328125 0.9110355796875 0.14453125 0.1965807625 0.1337890625 0.1902394484375 0.0791015625 0.1817843609375 0.0732421875 0.1817843609375 0.0634765625 0.1860119046875 0.0595703125 0.1902394484375 0.05859375 0.1923532203125 0.05859375 0.2134909359375 0.103515625 0.8983529484374999 0.10546875 0.9110355796875
0 0.1328125 0.915263121875 0.1376953125 0.92583198125 0.1474609375 0.92583198125 0.154296875 0.915263121875 0.154296875 0.8898978625 0.111328125 0.226173565625 0.1083984375 0.21983225156250003 0.0986328125 0.21983225156250003 0.0947265625 0.22405979375 0.091796875 0.23040110937499997 0.09375 0.289586715625 0.130859375 0.89412540625 0.1328125 0.915263121875
0 0.1591796875 0.9216044374999999 0.1728515625 0.9216044374999999 0.1787109375 0.91737689375 0.181640625 0.9110355796875 0.181640625 0.8814427765625 0.171875 0.71234104375 0.140625 0.226173565625 0.1376953125 0.21983225156250003 0.1240234375 0.21983225156250003 0.1142578125 0.22405979375 0.111328125 0.23040110937499997 0.11328125 0.27267654218750004 0.154296875 0.9068080359374999 0.1591796875 0.9216044374999999
0 0.1884765625 0.9216044374999999 0.2158203125 0.9216044374999999 0.2275390625 0.91737689375 0.23046875 0.9110355796875 0.23046875 0.89412540625 0.212890625 0.2134909359375 0.2119140625 0.2113771640625 0.1787109375 0.2113771640625 0.1416015625 0.21983225156250003 0.140625 0.2219460234375 0.140625 0.251538825 0.18359375 0.9110355796875 0.1884765625 0.9216044374999999
0 0.23046875 0.9110355796875 0.2353515625 0.9216044374999999 0.2509765625 0.9216044374999999 0.2578125 0.915263121875 0.2578125 0.8814427765625 0.224609375 0.26422145625 0.22265625 0.24308373906249997 0.2177734375 0.23251488125000003 0.1962890625 0.236742425 0.1953125 0.2388561953125 0.1953125 0.26422145625 0.22265625 0.7842092796875 0.23046875 0.9110355796875
0 0.2802734375 0.9300595234375001 0.283203125 0.923718209375 0.283203125 0.8983529484374999 0.25 0.23040110937499997 0.2470703125 0.22405979375 0.2138671875 0.22405979375 0.212890625 0.23040110937499997 0.2578125 0.915263121875 0.2626953125 0.9300595234375001 0.2802734375 0.9300595234375001
0 0.2900390625 0.9342870671875 0.2939453125 0.9385146109375 0.3232421875 0.9385146109375 0.3271484375 0.9342870671875 0.330078125 0.923718209375 0.34765625 0.2684489984375 0.34765625 0.23040110937499997 0.3427734375 0.2156047078125 0.2978515625 0.198694534375 0.2880859375 0.198694534375 0.2529296875 0.20714962187500002 0.25 0.21771847968750002 0.248046875 0.23040110937499997 0.283203125 0.9110355796875 0.28515625 0.923718209375 0.2900390625 0.9342870671875
0 0.330078125 0.9321732953125 0.3349609375 0.9385146109375 0.3427734375 0.9385146109375 0.3505859375 0.9342870671875 0.353515625 0.923718209375 0.353515625 0.9194906656249999 0.34765625 0.7630715640625 0.3447265625 0.7567302484375 0.3251953125 0.7567302484375 0.322265625 0.7630715640625 0.322265625 0.7799817375 0.328125 0.915263121875 0.330078125 0.9321732953125
0 0.3193359375 0.6975446421875 0.3408203125 0.6975446421875 0.34375 0.6912033281250001 0.34375 0.6447003515625 0.330078125 0.31917951875 0.3271484375 0.3043831171875 0.3076171875 0.3043831171875 0.3046875 0.31072443125000004 0.3046875 0.3699100375 0.318359375 0.695430871875 0.3193359375 0.6975446421875
0 0.3583984375 0.9385146109375 0.3662109375 0.9385146109375 0.3701171875 0.9342870671875 0.375 0.923718209375 0.375 0.9194906656249999 0.3515625 0.3064968890625 0.349609375 0.28535917187500004 0.3466796875 0.2790178578125 0.3408203125 0.2790178578125 0.330078125 0.28535917187500004 0.328125 0.3022693453125 0.3515625 0.9110355796875 0.3544921875 0.9342870671875 0.3583984375 0.9385146109375
0 0.37109375 0.8560775156249999 0.375 0.9321732953125 0.3779296875 0.9385146109375 0.3837890625 0.942742153125 0.3935546875 0.942742153125 0.4013671875 0.9342870671875 0.40625 0.923718209375 0.40625 0.9110355796875 0.380859375 0.1923532203125 0.3759765625 0.1860119046875 0.349609375 0.20080830624999998 0.34765625 0.2092633921875 0.34765625 0.226173565625 0.3515625 0.34877232187499996 0.37109375 0.8560775156249999
0 0.408203125 0.923718209375 0.412109375 0.9406283828124999 0.4150390625 0.946969696875 0.4248046875 0.9511972406250001 0.4384765625 0.9511972406250001 0.4443359375 0.946969696875 0.447265625 0.9406283828124999 0.447265625 0.8856703187500001 0.421875 0.20503585000000002 0.4208984375 0.202922078125 0.3876953125 0.202922078125 0.384765625 0.2092633921875 0.384765625 0.314951975 0.3984375 0.6996584140625 0.408203125 0.923718209375
0 0.44921875 0.9279457515624999 0.451171875 0.9406283828124999 0.4541015625 0.946969696875 0.4599609375 0.9511972406250001 0.4677734375 0.946969696875 0.4755859375 0.9385146109375 0.48046875 0.9279457515624999 0.494140625 0.1500777875 0.4921875 0.1416227 0.4873046875 0.1310538421875 0.4599609375 0.088778409375 0.4267578125 0.088778409375 0.4189453125 0.093005953125 0.41796875 0.0951197234375 0.41796875 0.12048498437499999 0.447265625 0.89412540625 0.44921875 0.9279457515624999
0 0.48046875 0.9406283828124999 0.4873046875 0.9554247828125 0.5087890625 0.9511972406250001 0.51171875 0.944855925 0.51953125 0.226173565625 0.5146484375 0.2113771640625 0.4990234375 0.198694534375 0.4658203125 0.198694534375 0.4619140625 0.202922078125 0.4609375 0.20503585000000002 0.4609375 0.27267654218750004 0.466796875 0.522101596875 0.48046875 0.9406283828124999
0 0.513671875 0.944855925 0.5166015625 0.9511972406250001 0.5380859375 0.9511972406250001 0.541015625 0.944855925 0.541015625 0.864532603125 0.537109375 0.27267654218750004 0.5322265625 0.2494250546875 0.5029296875 0.2494250546875 0.5 0.25576636875 0.5 0.3360896921875 0.51171875 0.915263121875 0.513671875 0.944855925
0 0.54296875 0.944855925 0.5458984375 0.9511972406250001 0.5654296875 0.9511972406250001 0.568359375 0.944855925 0.5703125 0.9321732953125 0.55859375 0.37413758124999996 0.5556640625 0.3635687234375 0.5458984375 0.3635687234375 0.5361328125 0.367796265625 0.53125 0.378365125 0.53125 0.41218547031249997 0.5390625 0.8138020828125001 0.54296875 0.944855925
0 0.5712890625 0.9300595234375001 0.5771484375 0.9342870671875 0.5830078125 0.9342870671875 0.595703125 0.9279457515624999 0.59375 0.344544778125 0.580078125 0.21771847968750002 0.5771484375 0.2113771640625 0.5576171875 0.2113771640625 0.5498046875 0.21983225156250003 0.548828125 0.2219460234375 0.548828125 0.23040110937499997 0.568359375 0.923718209375 0.5712890625 0.9300595234375001
0 0.5986328125 0.92583198125 0.6083984375 0.92583198125 0.611328125 0.915263121875 0.611328125 0.8772152328124999 0.60546875 0.340317234375 0.603515625 0.3022693453125 0.6005859375 0.2959280296875 0.5947265625 0.2959280296875 0.5888671875 0.3001555734375 0.5859375 0.3064968890625 0.5859375 0.31917951875 0.595703125 0.915263121875 0.5986328125 0.92583198125
0 0.6572265625 0.9385146109375 0.6630859375 0.9342870671875 0.666015625 0.923718209375 0.666015625 0.5601494859375 0.6640625 0.1585328734375 0.6611328125 0.1521915578125 0.6396484375 0.1521915578125 0.6357421875 0.1564191015625 0.6328125 0.166987959375 0.630859375 0.2092633921875 0.642578125 0.9279457515624999 0.6494140625 0.9385146109375 0.6572265625 0.9385146109375
0 0.611328125 0.9279457515624999 0.6142578125 0.9342870671875 0.6201171875 0.9385146109375 0.6376953125 0.9385146109375 0.640625 0.9321732953125 0.640625 0.746161390625 0.63671875 0.251538825 0.6318359375 0.23251488125000003 0.6083984375 0.236742425 0.599609375 0.24308373906249997 0.595703125 0.27267654218750004 0.595703125 0.28535917187500004 0.609375 0.8983529484374999 0.611328125 0.9279457515624999
0 0.66796875 0.9321732953125 0.6728515625 0.9385146109375 0.6865234375 0.9385146109375 0.6962890625 0.9342870671875 0.69921875 0.9279457515624999 0.701171875 0.915263121875 0.703125 0.1881256765625 0.7001953125 0.173329275 0.6806640625 0.173329275 0.6669921875 0.17755681875 0.666015625 0.1796705890625 0.6640625 0.1881256765625 0.6640625 0.746161390625 0.666015625 0.923718209375 0.66796875 0.9321732953125
0 0.7197265625 0.9216044374999999 0.72265625 0.915263121875 0.724609375 0.8898978625 0.728515625 0.26422145625 0.7265625 0.234628653125 0.7236328125 0.2282873375 0.7060546875 0.2282873375 0.703125 0.234628653125 0.701171875 0.4798261640625 0.701171875 0.9110355796875 0.7041015625 0.9216044374999999 0.7197265625 0.9216044374999999
0 0.7275390625 0.9216044374999999 0.7451171875 0.9216044374999999 0.748046875 0.915263121875 0.75 0.89412540625 0.7578125 0.27267654218750004 0.7578125 0.1416227 0.7548828125 0.1352813859375 0.7314453125 0.1352813859375 0.7197265625 0.143736471875 0.7060546875 0.1648741890625 0.705078125 0.166987959375 0.705078125 0.23040110937499997 0.72265625 0.9068080359374999 0.7275390625 0.9216044374999999
0 0.7587890625 0.942742153125 0.7724609375 0.942742153125 0.775390625 0.9364008390624999 0.77734375 0.8222571703125 0.78515625 0.2473112828125 0.78515625 0.1796705890625 0.7783203125 0.16910173125 0.7705078125 0.16910173125 0.7626953125 0.173329275 0.759765625 0.1796705890625 0.7578125 0.1923532203125 0.75 0.809574540625 0.75 0.9279457515624999 0.7548828125 0.9385146109375 0.7587890625 0.942742153125
0 0.7958984375 0.942742153125 0.798828125 0.9364008390624999 0.80078125 0.9068080359374999 0.806640625 0.5897422890625 0.80859375 0.4206405578125 0.8056640625 0.4142992421875 0.7841796875 0.4142992421875 0.78125 0.4206405578125 0.775390625 0.8476224296874999 0.775390625 0.9364008390624999 0.7783203125 0.942742153125 0.7958984375 0.942742153125
0 0.8095703125 0.942742153125 0.8193359375 0.9511972406250001 0.8486328125 0.9511972406250001 0.8564453125 0.946969696875 0.859375 0.9406283828124999 0.861328125 0.9194906656249999 0.86328125 0.8560775156249999 0.87890625 0.20503585000000002 0.87890625 0.1923532203125 0.8740234375 0.1817843609375 0.8173828125 0.1817843609375 0.814453125 0.1881256765625 0.8125 0.2134909359375 0.802734375 0.746161390625 0.80078125 0.864532603125 0.80078125 0.915263121875 0.802734375 0.9279457515624999 0.8095703125 0.942742153125
0 0.8662109375 0.9385146109375 0.8818359375 0.946969696875 0.8994140625 0.946969696875 0.9111328125 0.942742153125 0.921875 0.9321732953125 0.923828125 0.9025804921875 0.951171875 0.0951197234375 0.94921875 0.08243709375 0.9462890625 0.0760957796875 0.8857421875 0.0760957796875 0.8564453125 0.093005953125 0.8173828125 0.1352813859375 0.81640625 0.13739515625 0.81640625 0.1627604171875 0.861328125 0.9321732953125 0.8662109375 0.9385146109375
0 0.9423828125 0.946969696875 0.9462890625 0.942742153125 0.951171875 0.9321732953125 0.978515625 0.107802353125 0.978515625 0.052844290625 0.9736328125 0.0465029765625 0.9560546875 0.0465029765625 0.9384765625 0.0549580625 0.93359375 0.0655269203125 0.921875 0.9279457515624999 0.9267578125 0.9385146109375 0.9306640625 0.942742153125 0.9423828125 0.946969696875
0 1 0.0443892046875 0.9990234375 0.0422754328125 0.99609375 0.0486167484375 0.9921875 0.0697544640625 0.990234375 0.09089218125000001 0.978515625 0.3825926671875 0.96484375 0.77575419375 0.962890625 0.9110355796875 0.9697265625 0.92583198125 0.9716796875 0.92583198125 0.974609375 0.9194906656249999 0.982421875 0.7419338468750001 1 0.26422145625 1 0.0443892046875