1 0.1884765625 0.75250270625 0.2001953125 0.75250270625 0.20703125 0.746161390625 0.205078125 0.7081135015625 0.2001953125 0.6975446421875 0.1826171875 0.7017721859375 0.181640625 0.7038859578125 0.181640625 0.71234104375 0.185546875 0.746161390625 0.1884765625 0.75250270625
1 0.2099609375 0.75250270625 0.2197265625 0.75250270625 0.220703125 0.746161390625 0.216796875 0.7081135015625 0.2158203125 0.7059997296875 0.2060546875 0.7059997296875 0.205078125 0.7081135015625 0.205078125 0.7292512171875 0.208984375 0.750388934375 0.2099609375 0.75250270625
1 0.2216796875 0.7567302484375 0.2294921875 0.7567302484375 0.2353515625 0.75250270625 0.236328125 0.750388934375 0.236328125 0.72079613125 0.234375 0.7081135015625 0.2333984375 0.7059997296875 0.2177734375 0.7059997296875 0.216796875 0.7081135015625 0.216796875 0.72079613125 0.220703125 0.7546164765625 0.2216796875 0.7567302484375
1 0.2529296875 0.7482751624999999 0.251953125 0.750388934375 0.2529296875 0.7567302484375 0.25390625 0.7546164765625 0.2529296875 0.7482751624999999
1 0.2470703125 0.7778679656249999 0.2626953125 0.7778679656249999 0.263671875 0.77575419375 0.263671875 0.750388934375 0.26171875 0.7334787609375 0.2587890625 0.7271374453125 0.2373046875 0.7229099031249999 0.236328125 0.725023675 0.236328125 0.746161390625 0.2412109375 0.7736404218749999 0.2470703125 0.7778679656249999
1 0.2666015625 0.769412878125 0.2705078125 0.769412878125 0.275390625 0.7588440203125 0.271484375 0.7165685875000001 0.2705078125 0.714454815625 0.2626953125 0.714454815625 0.259765625 0.72079613125 0.259765625 0.725023675 0.263671875 0.7630715640625 0.2666015625 0.769412878125
1 0.3173828125 0.7736404218749999 0.330078125 0.7672991078125 0.330078125 0.7419338468750001 0.3271484375 0.718682359375 0.2744140625 0.7271374453125 0.2734375 0.7292512171875 0.2734375 0.7419338468750001 0.2783203125 0.7736404218749999 0.3173828125 0.7736404218749999
1 0.3330078125 0.75250270625 0.3720703125 0.75250270625 0.376953125 0.746161390625 0.376953125 0.71234104375 0.3740234375 0.6975446421875 0.3291015625 0.7017721859375 0.328125 0.7038859578125 0.328125 0.7165685875000001 0.330078125 0.746161390625 0.3330078125 0.75250270625
1 0.4052734375 0.769412878125 0.4208984375 0.7651853359375 0.423828125 0.7588440203125 0.423828125 0.7165685875000001 0.4208984375 0.7102272734375 0.3798828125 0.718682359375 0.37890625 0.72079613125 0.37890625 0.750388934375 0.3818359375 0.769412878125 0.4052734375 0.769412878125
1 0.4501953125 0.7482751624999999 0.458984375 0.7419338468750001 0.458984375 0.725023675 0.45703125 0.695430871875 0.4560546875 0.6933171 0.4267578125 0.6975446421875 0.42578125 0.6996584140625 0.42578125 0.725023675 0.4287109375 0.7482751624999999 0.4501953125 0.7482751624999999
1 0.5048828125 0.7482751624999999 0.5126953125 0.74404761875 0.515625 0.7377063046875 0.515625 0.7081135015625 0.5126953125 0.6933171 0.4755859375 0.6975446421875 0.4619140625 0.7017721859375 0.4609375 0.7038859578125 0.4609375 0.746161390625 0.4638671875 0.75250270625 0.5048828125 0.7482751624999999
1 0.5322265625 0.7313649890625 0.5380859375 0.7271374453125 0.541015625 0.72079613125 0.541015625 0.682748240625 0.5380859375 0.6764069265625 0.5185546875 0.6806344703125 0.517578125 0.682748240625 0.517578125 0.725023675 0.5205078125 0.7313649890625 0.5322265625 0.7313649890625
1 0.5576171875 0.7313649890625 0.5791015625 0.7313649890625 0.5927734375 0.7271374453125 0.595703125 0.72079613125 0.595703125 0.6785206984375 0.5927734375 0.6721793828125 0.5439453125 0.6721793828125 0.541015625 0.6785206984375 0.54296875 0.72079613125 0.5478515625 0.7271374453125 0.5576171875 0.7313649890625
1 0.6240234375 0.7271374453125 0.634765625 0.72079613125 0.634765625 0.6742931546875 0.6337890625 0.6721793828125 0.6083984375 0.6764069265625 0.6025390625 0.6806344703125 0.599609375 0.6869757843750001 0.599609375 0.72079613125 0.6044921875 0.7313649890625 0.6240234375 0.7271374453125
1 0.6650390625 0.7313649890625 0.6787109375 0.7271374453125 0.681640625 0.72079613125 0.681640625 0.6785206984375 0.6787109375 0.6721793828125 0.6396484375 0.6806344703125 0.638671875 0.682748240625 0.638671875 0.7292512171875 0.6396484375 0.7313649890625 0.6650390625 0.7313649890625
1 0.7138671875 0.7313649890625 0.7373046875 0.7271374453125 0.74609375 0.72079613125 0.748046875 0.695430871875 0.748046875 0.6742931546875 0.7470703125 0.6721793828125 0.7392578125 0.6721793828125 0.7119140625 0.6806344703125 0.708984375 0.6869757843750001 0.70703125 0.7165685875000001 0.70703125 0.725023675 0.7080078125 0.7271374453125 0.7138671875 0.7313649890625
1 0.6982421875 0.714454815625 0.7060546875 0.714454815625 0.70703125 0.71234104375 0.708984375 0.6658380687500001 0.7060546875 0.659496753125 0.6865234375 0.659496753125 0.68359375 0.6658380687500001 0.68359375 0.7081135015625 0.6845703125 0.7102272734375 0.6982421875 0.714454815625
1 0.7744140625 0.7229099031249999 0.775390625 0.72079613125 0.77734375 0.6912033281250001 0.77734375 0.6742931546875 0.7763671875 0.6721793828125 0.7490234375 0.6721793828125 0.748046875 0.6742931546875 0.748046875 0.72079613125 0.7509765625 0.7271374453125 0.7744140625 0.7229099031249999
1 0.7880859375 0.7229099031249999 0.791015625 0.7165685875000001 0.79296875 0.6742931546875 0.7900390625 0.6679518390625 0.7783203125 0.6679518390625 0.77734375 0.6700656109375001 0.77734375 0.72079613125 0.7783203125 0.7229099031249999 0.7880859375 0.7229099031249999
1 0.8359375 0.7165685875000001 0.837890625 0.6742931546875 0.8349609375 0.6679518390625 0.8212890625 0.6679518390625 0.7958984375 0.6721793828125 0.794921875 0.6742931546875 0.79296875 0.7165685875000001 0.7998046875 0.7271374453125 0.8251953125 0.7229099031249999 0.8359375 0.7165685875000001
1 0.8701171875 0.7229099031249999 0.8955078125 0.7229099031249999 0.9052734375 0.718682359375 0.912109375 0.7081135015625 0.9140625 0.682748240625 0.9140625 0.6658380687500001 0.9130859375 0.663724296875 0.8662109375 0.6679518390625 0.86328125 0.6742931546875 0.861328125 0.7038859578125 0.861328125 0.7165685875000001 0.8623046875 0.718682359375 0.8701171875 0.7229099031249999
1 0.9306640625 0.7271374453125 0.9482421875 0.7271374453125 0.9697265625 0.718682359375 0.97265625 0.7081135015625 0.9765625 0.6700656109375001 0.9765625 0.6489278953125 0.9755859375 0.6468141234375 0.9228515625 0.6510416671875 0.919921875 0.6616105250000001 0.91796875 0.695430871875 0.91796875 0.7165685875000001 0.9189453125 0.718682359375 0.9306640625 0.7271374453125
0 0.2041015625 0.9004667203125001 0.2177734375 0.9004667203125001 0.22265625 0.8898978625 0.22265625 0.8814427765625 0.205078125 0.21771847968750002 0.2021484375 0.2113771640625 0.1435546875 0.2705627703125 0.134765625 0.289586715625 0.134765625 0.293814259375 0.201171875 0.89412540625 0.2041015625 0.9004667203125001
0 0.2353515625 0.9004667203125001 0.2490234375 0.9004667203125001 0.251953125 0.89412540625 0.251953125 0.8856703187500001 0.22265625 0.2219460234375 0.2216796875 0.21983225156250003 0.2119140625 0.21983225156250003 0.1767578125 0.26633522656249997 0.173828125 0.27267654218750004 0.173828125 0.293814259375 0.232421875 0.8898978625 0.2353515625 0.9004667203125001
0 0.22265625 0.8898978625 0.2275390625 0.9004667203125001 0.2314453125 0.9004667203125001 0.234375 0.89412540625 0.232421875 0.8687601468749999 0.220703125 0.7419338468750001 0.181640625 0.3572274078125 0.1787109375 0.34243100625 0.1708984375 0.34243100625 0.16796875 0.34877232187499996 0.169921875 0.3825926671875 0.216796875 0.83916734375 0.22265625 0.8898978625
0 0.251953125 0.8983529484374999 0.2568359375 0.91314935 0.2724609375 0.91314935 0.275390625 0.9068080359374999 0.275390625 0.8814427765625 0.271484375 0.83071225625 0.22265625 0.28535917187500004 0.2197265625 0.2705627703125 0.2138671875 0.2705627703125 0.1982421875 0.2832454 0.1953125 0.289586715625 0.1953125 0.31072443125000004 0.201171875 0.378365125 0.251953125 0.8983529484374999
0 0.2783203125 0.91314935 0.2841796875 0.91314935 0.287109375 0.8983529484374999 0.28515625 0.8729876890625 0.232421875 0.251538825 0.23046875 0.234628653125 0.2275390625 0.2282873375 0.2236328125 0.2282873375 0.21875 0.2388561953125 0.21875 0.281131628125 0.275390625 0.9068080359374999 0.2783203125 0.91314935
0 0.2939453125 0.9089218078125001 0.3212890625 0.9089218078125001 0.3330078125 0.9046942640625 0.33984375 0.89412540625 0.357421875 0.1416227 0.3544921875 0.1352813859375 0.3115234375 0.12259875468749999 0.3037109375 0.12259875468749999 0.2841796875 0.139508928125 0.2529296875 0.173329275 0.2392578125 0.1902394484375 0.23046875 0.20503585000000002 0.228515625 0.226173565625 0.287109375 0.89412540625 0.2890625 0.9025804921875 0.2939453125 0.9089218078125001
0 0.341796875 0.8983529484374999 0.3447265625 0.9046942640625 0.3779296875 0.9046942640625 0.3818359375 0.9004667203125001 0.384765625 0.8898978625 0.384765625 0.860305059375 0.349609375 0.2092633921875 0.3466796875 0.202922078125 0.3388671875 0.202922078125 0.3330078125 0.20714962187500002 0.3212890625 0.21983225156250003 0.2998046875 0.25365259687499997 0.298828125 0.25576636875 0.298828125 0.29804180156250004 0.328125 0.725023675 0.341796875 0.8983529484374999
0 0.3916015625 0.9046942640625 0.4208984375 0.9046942640625 0.4267578125 0.9004667203125001 0.4296875 0.8898978625 0.4375 0.12471252656250001 0.4345703125 0.1183712125 0.3974609375 0.109916125 0.3583984375 0.16910173125 0.349609375 0.1881256765625 0.34765625 0.20080830624999998 0.3515625 0.2769040859375 0.38671875 0.89412540625 0.3916015625 0.9046942640625
0 0.431640625 0.8772152328124999 0.43359375 0.8856703187500001 0.4365234375 0.892011634375 0.4482421875 0.892011634375 0.4599609375 0.8877840906250001 0.462890625 0.8814427765625 0.462890625 0.83071225625 0.44921875 0.2092633921875 0.4443359375 0.202922078125 0.4345703125 0.20714962187500002 0.4248046875 0.22405979375 0.4140625 0.251538825 0.408203125 0.2769040859375 0.408203125 0.289586715625 0.4296875 0.8476224296874999 0.431640625 0.8772152328124999
0 0.46438065625 0.8079817671875 0.46926346875 0.818550625 0.51027909375 0.818550625 0.51418534375 0.8143230828125001 0.51711503125 0.8037542234374999 0.51711503125 0.740341075 0.50734940625 0.0892994078125 0.50637284375 0.08718563593749999 0.46340409375 0.08718563593749999 0.45266190625 0.11889221093749999 0.44484940625 0.1484850140625 0.44289628125 0.16539518749999998 0.44289628125 0.2288083359375 0.44484940625 0.30490411562499997 0.46438065625 0.8079817671875
0 0.51953125 0.8729876890625 0.5244140625 0.883556546875 0.5361328125 0.883556546875 0.54296875 0.8729876890625 0.54296875 0.8349398000000001 0.53515625 0.166987959375 0.533203125 0.14585024375 0.5302734375 0.139508928125 0.5166015625 0.139508928125 0.513671875 0.14585024375 0.5078125 0.175443046875 0.50390625 0.21771847968750002 0.50390625 0.23040110937499997 0.517578125 0.860305059375 0.51953125 0.8729876890625
0 0.5908203125 0.3551136359375 0.591796875 0.3529998640625 0.591796875 0.24308373906249997 0.58203125 0.1923532203125 0.5771484375 0.1817843609375 0.5458984375 0.1860119046875 0.541015625 0.20080830624999998 0.5390625 0.2219460234375 0.537109375 0.251538825 0.537109375 0.3529998640625 0.5380859375 0.3551136359375 0.5908203125 0.3551136359375
0 0.544921875 0.8687601468749999 0.5478515625 0.8751014609375 0.5576171875 0.883556546875 0.5830078125 0.883556546875 0.5908203125 0.8793290046875001 0.595703125 0.8687601468749999 0.595703125 0.5432393125 0.59375 0.3656824953125 0.5908203125 0.3593411796875 0.5400390625 0.3593411796875 0.537109375 0.3656824953125 0.537109375 0.462915990625 0.541015625 0.7377063046875 0.544921875 0.8687601468749999
0 0.6044921875 0.883556546875 0.6318359375 0.8751014609375 0.634765625 0.8687601468749999 0.634765625 0.2092633921875 0.625 0.171215503125 0.6123046875 0.1352813859375 0.6064453125 0.1310538421875 0.5849609375 0.1352813859375 0.5810546875 0.139508928125 0.578125 0.14585024375 0.578125 0.1500777875 0.59765625 0.8729876890625 0.6044921875 0.883556546875
0 0.6455078125 0.8877840906250001 0.6591796875 0.8877840906250001 0.6708984375 0.883556546875 0.6767578125 0.8793290046875001 0.6796875 0.8729876890625 0.681640625 0.801119453125 0.68359375 0.24308373906249997 0.6513671875 0.173329275 0.6435546875 0.1648741890625 0.6318359375 0.17755681875 0.62890625 0.1838981328125 0.63671875 0.8687601468749999 0.638671875 0.8772152328124999 0.6455078125 0.8877840906250001
0 0.6845703125 0.86241883125 0.6904296875 0.866646375 0.7021484375 0.866646375 0.70703125 0.860305059375 0.716796875 0.175443046875 0.71484375 0.166987959375 0.7060546875 0.147964015625 0.6708984375 0.1014610390625 0.6435546875 0.1014610390625 0.640625 0.107802353125 0.640625 0.1500777875 0.681640625 0.8560775156249999 0.6845703125 0.86241883125
0 0.7158203125 0.8793290046875001 0.7373046875 0.8793290046875001 0.7421875 0.8729876890625 0.744140625 0.860305059375 0.74609375 0.8138020828125001 0.755859375 0.3234070609375 0.755859375 0.23040110937499997 0.7529296875 0.21983225156250003 0.7255859375 0.1860119046875 0.7197265625 0.1860119046875 0.716796875 0.1923532203125 0.71484375 0.20503585000000002 0.70703125 0.7165685875000001 0.708984375 0.860305059375 0.7109375 0.8687601468749999 0.7158203125 0.8793290046875001
0 0.771484375 0.8729876890625 0.7734375 0.8433948859375 0.7890625 0.251538825 0.7763671875 0.2282873375 0.7509765625 0.194466990625 0.748046875 0.20080830624999998 0.744140625 0.8772152328124999 0.7470703125 0.883556546875 0.7646484375 0.883556546875 0.771484375 0.8729876890625
0 0.8115234375 0.883556546875 0.8271484375 0.8793290046875001 0.830078125 0.8560775156249999 0.8515625 0.34877232187499996 0.85546875 0.2473112828125 0.85546875 0.2219460234375 0.8486328125 0.20714962187500002 0.8037109375 0.1521915578125 0.7900390625 0.143736471875 0.7822265625 0.143736471875 0.7783203125 0.147964015625 0.77734375 0.1500777875 0.787109375 0.8772152328124999 0.7919921875 0.883556546875 0.8115234375 0.883556546875
0 0.7744140625 0.8793290046875001 0.7802734375 0.8793290046875001 0.787109375 0.8687601468749999 0.7890625 0.83071225625 0.806640625 0.2769040859375 0.806640625 0.20080830624999998 0.7998046875 0.1860119046875 0.7626953125 0.143736471875 0.7529296875 0.1352813859375 0.7294921875 0.1310538421875 0.7265625 0.13739515625 0.7265625 0.1585328734375 0.771484375 0.8687601468749999 0.7744140625 0.8793290046875001
0 0.8408203125 0.8793290046875001 0.8466796875 0.8751014609375 0.849609375 0.8687601468749999 0.8515625 0.8476224296874999 0.880859375 0.24308373906249997 0.880859375 0.2219460234375 0.8408203125 0.1521915578125 0.8251953125 0.1564191015625 0.82421875 0.1585328734375 0.822265625 0.171215503125 0.830078125 0.8729876890625 0.8349609375 0.8793290046875001 0.8408203125 0.8793290046875001
0 0.8701171875 0.883556546875 0.8818359375 0.883556546875 0.8994140625 0.8793290046875001 0.90234375 0.8729876890625 0.904296875 0.860305059375 0.9375 0.3022693453125 0.94140625 0.226173565625 0.94140625 0.20503585000000002 0.9365234375 0.194466990625 0.8759765625 0.1521915578125 0.8486328125 0.1352813859375 0.8427734375 0.1352813859375 0.83984375 0.1416227 0.833984375 0.1627604171875 0.8515625 0.8687601468749999 0.8564453125 0.8793290046875001 0.8701171875 0.883556546875
0 1 0.171215503125 0.9951171875 0.1648741890625 0.9619140625 0.139508928125 0.9052734375 0.1056885828125 0.8466796875 0.1183712125 0.845703125 0.12048498437499999 0.845703125 0.1416227 0.90625 0.8560775156249999 0.9091796875 0.86241883125 0.9365234375 0.86241883125 0.9541015625 0.8581912875000001 0.9609375 0.8476224296874999 0.96484375 0.8138020828125001 1 0.3825926671875 1 0.171215503125