1 0.0751953125 0.7271374453125 0.1044921875 0.7271374453125 0.10546875 0.725023675 0.107421875 0.71234104375 0.109375 0.6785206984375 0.109375 0.6658380687500001 0.1083984375 0.663724296875 0.0908203125 0.659496753125 0.0458984375 0.659496753125 0.044921875 0.6616105250000001 0.04296875 0.6912033281250001 0.04296875 0.72079613125 0.0439453125 0.7229099031249999 0.0751953125 0.7271374453125
1 0.1298828125 0.7229099031249999 0.1357421875 0.7229099031249999 0.13671875 0.72079613125 0.138671875 0.695430871875 0.138671875 0.6658380687500001 0.1357421875 0.659496753125 0.1240234375 0.655269209375 0.1123046875 0.655269209375 0.109375 0.6700656109375001 0.107421875 0.6996584140625 0.107421875 0.7165685875000001 0.1083984375 0.718682359375 0.1298828125 0.7229099031249999
1 0.2626953125 0.7609577921875 0.29296875 0.725023675 0.29296875 0.7165685875000001 0.283203125 0.682748240625 0.2783203125 0.6721793828125 0.2724609375 0.6721793828125 0.2509765625 0.6975446421875 0.248046875 0.7038859578125 0.248046875 0.71234104375 0.2578125 0.750388934375 0.2626953125 0.7609577921875
1 0.3876953125 0.7313649890625 0.388671875 0.7292512171875 0.388671875 0.6869757843750001 0.38671875 0.6742931546875 0.3837890625 0.6679518390625 0.3759765625 0.663724296875 0.3564453125 0.6721793828125 0.35546875 0.6742931546875 0.35546875 0.72079613125 0.3583984375 0.739820075 0.3876953125 0.7313649890625
1 0.4052734375 0.739820075 0.40625 0.7377063046875 0.40625 0.7292512171875 0.404296875 0.6869757843750001 0.40234375 0.6742931546875 0.3994140625 0.6721793828125 0.3916015625 0.6764069265625 0.388671875 0.682748240625 0.390625 0.7334787609375 0.3935546875 0.74404761875 0.4052734375 0.739820075
1 0.4091796875 0.7355925328125 0.4384765625 0.7313649890625 0.439453125 0.7292512171875 0.439453125 0.695430871875 0.4375 0.6700656109375001 0.4345703125 0.663724296875 0.4072265625 0.655269209375 0.404296875 0.6573829812499999 0.40234375 0.6700656109375001 0.404296875 0.7081135015625 0.40625 0.7292512171875 0.4091796875 0.7355925328125
1 0.4462890625 0.7482751624999999 0.4501953125 0.7482751624999999 0.4697265625 0.739820075 0.470703125 0.7377063046875 0.470703125 0.72079613125 0.46875 0.6912033281250001 0.466796875 0.6785206984375 0.4658203125 0.6764069265625 0.4541015625 0.6764069265625 0.4443359375 0.6806344703125 0.44140625 0.6869757843750001 0.44140625 0.7165685875000001 0.443359375 0.7419338468750001 0.4462890625 0.7482751624999999
1 0.4716796875 0.7355925328125 0.5126953125 0.7271374453125 0.513671875 0.725023675 0.513671875 0.6912033281250001 0.51171875 0.6700656109375001 0.5087890625 0.663724296875 0.4951171875 0.663724296875 0.4697265625 0.6721793828125 0.46875 0.6742931546875 0.46875 0.7038859578125 0.470703125 0.7334787609375 0.4716796875 0.7355925328125
1 0.5185546875 0.7355925328125 0.5302734375 0.7355925328125 0.5478515625 0.7313649890625 0.560546875 0.725023675 0.560546875 0.6912033281250001 0.55859375 0.6700656109375001 0.5556640625 0.663724296875 0.5146484375 0.6721793828125 0.513671875 0.6742931546875 0.513671875 0.6996584140625 0.515625 0.725023675 0.5185546875 0.7355925328125
1 0.5712890625 0.7313649890625 0.5947265625 0.7313649890625 0.59765625 0.725023675 0.59765625 0.71234104375 0.59375 0.6700656109375001 0.5908203125 0.663724296875 0.5712890625 0.663724296875 0.5673828125 0.6679518390625 0.56640625 0.6700656109375001 0.56640625 0.6996584140625 0.568359375 0.725023675 0.5712890625 0.7313649890625
1 0.654296875 0.7419338468750001 0.6572265625 0.75250270625 0.6611328125 0.75250270625 0.6826171875 0.739820075 0.6875 0.7334787609375 0.6796875 0.682748240625 0.6767578125 0.6764069265625 0.6708984375 0.6764069265625 0.6494140625 0.68908955625 0.6484375 0.6912033281250001 0.6484375 0.6996584140625 0.650390625 0.7165685875000001 0.654296875 0.7419338468750001
1 0.6962890625 0.7651853359375 0.7109375 0.7546164765625 0.7109375 0.7419338468750001 0.708984375 0.7292512171875 0.703125 0.695430871875 0.7001953125 0.68908955625 0.6923828125 0.6933171 0.6845703125 0.7017721859375 0.68359375 0.7081135015625 0.685546875 0.72079613125 0.693359375 0.7588440203125 0.6962890625 0.7651853359375
1 0.7548828125 0.7651853359375 0.76953125 0.7546164765625 0.76953125 0.7377063046875 0.7607421875 0.68908955625 0.7529296875 0.68908955625 0.7333984375 0.7017721859375 0.73046875 0.7081135015625 0.73828125 0.7546164765625 0.7431640625 0.769412878125 0.7548828125 0.7651853359375
1 0.7763671875 0.7651853359375 0.8125 0.7419338468750001 0.8125 0.7292512171875 0.80859375 0.7038859578125 0.8046875 0.682748240625 0.8017578125 0.6764069265625 0.7685546875 0.6975446421875 0.765625 0.7038859578125 0.765625 0.71234104375 0.771484375 0.750388934375 0.7763671875 0.7651853359375
1 0.8349609375 0.7355925328125 0.8583984375 0.7355925328125 0.8955078125 0.7313649890625 0.896484375 0.7292512171875 0.896484375 0.6996584140625 0.8916015625 0.663724296875 0.8740234375 0.663724296875 0.8310546875 0.6721793828125 0.830078125 0.6742931546875 0.830078125 0.6996584140625 0.83203125 0.725023675 0.8349609375 0.7355925328125
1 0.9072265625 0.769412878125 0.9306640625 0.769412878125 0.94140625 0.7630715640625 0.94140625 0.746161390625 0.939453125 0.72079613125 0.9375 0.7038859578125 0.9345703125 0.6975446421875 0.9033203125 0.7017721859375 0.90234375 0.7038859578125 0.90234375 0.7334787609375 0.904296875 0.7588440203125 0.9072265625 0.769412878125
1 1 0.7038859578125 0.9990234375 0.7017721859375 0.9794921875 0.7017721859375 0.9765625 0.7081135015625 0.9765625 0.7165685875000001 0.98046875 0.7672991078125 0.9833984375 0.7736404218749999 0.9990234375 0.7736404218749999 1 0.77152665 1 0.7038859578125
1 0.953125 0.7630715640625 0.9541015625 0.7651853359375 0.9794921875 0.769412878125 0.98046875 0.7672991078125 0.98046875 0.750388934375 0.9765625 0.7038859578125 0.974609375 0.695430871875 0.9716796875 0.68908955625 0.9521484375 0.6933171 0.94921875 0.6996584140625 0.94921875 0.71234104375 0.951171875 0.750388934375 0.953125 0.7630715640625
0 0.1083984375 0.663724296875 0.111328125 0.6447003515625 0.119140625 0.5347842265625 0.119140625 0.4967363359375 0.0615234375 0.41852678593750003 0.05859375 0.4248681 0.056640625 0.4417782734375 0.046875 0.6066524624999999 0.046875 0.6573829812499999 0.0478515625 0.659496753125 0.1083984375 0.663724296875
0 0.1181640625 0.91737689375 0.125 0.9068080359374999 0.1875 0.48828125 0.1875 0.48405370625 0.142578125 0.293814259375 0.1376953125 0.2832454 0.134765625 0.293814259375 0.1328125 0.31072443125000004 0.1015625 0.7799817375 0.095703125 0.8687601468749999 0.095703125 0.9110355796875 0.0966796875 0.91314935 0.1181640625 0.91737689375
0 0.302734375 0.9279457515624999 0.3056640625 0.9342870671875 0.3095703125 0.9342870671875 0.3349609375 0.9046942640625 0.345703125 0.8814427765625 0.345703125 0.8729876890625 0.25390625 0.31917951875 0.2490234375 0.3086106609375 0.1552734375 0.1860119046875 0.1416015625 0.1860119046875 0.1259765625 0.198694534375 0.123046875 0.20503585000000002 0.123046875 0.21771847968750002 0.126953125 0.234628653125 0.302734375 0.9279457515624999
0 0.3662109375 0.9300595234375001 0.3798828125 0.9300595234375001 0.3935546875 0.92583198125 0.3984375 0.915263121875 0.3984375 0.8814427765625 0.37890625 0.20503585000000002 0.37109375 0.1796705890625 0.3603515625 0.1606466453125 0.3388671875 0.1648741890625 0.3359375 0.171215503125 0.3359375 0.1838981328125 0.361328125 0.915263121875 0.3662109375 0.9300595234375001
0 0.4033203125 0.9342870671875 0.4130859375 0.9342870671875 0.416015625 0.9279457515624999 0.416015625 0.915263121875 0.400390625 0.27267654218750004 0.38671875 0.23040110937499997 0.3798828125 0.2156047078125 0.3701171875 0.2156047078125 0.3671875 0.2219460234375 0.3671875 0.25576636875 0.400390625 0.9279457515624999 0.4033203125 0.9342870671875
0 0.4169921875 0.9342870671875 0.4365234375 0.9342870671875 0.4482421875 0.9300595234375001 0.451171875 0.923718209375 0.451171875 0.8983529484374999 0.435546875 0.6193350921875 0.416015625 0.3022693453125 0.4140625 0.289586715625 0.4091796875 0.2790178578125 0.3994140625 0.2790178578125 0.3876953125 0.2832454 0.384765625 0.289586715625 0.384765625 0.314951975 0.416015625 0.9321732953125 0.4169921875 0.9342870671875
0 0.453125 0.9279457515624999 0.4599609375 0.9342870671875 0.4775390625 0.9300595234375001 0.482421875 0.923718209375 0.482421875 0.9110355796875 0.44140625 0.2388561953125 0.4365234375 0.2282873375 0.4189453125 0.2282873375 0.4150390625 0.23251488125000003 0.4140625 0.234628653125 0.4140625 0.25576636875 0.416015625 0.293814259375 0.453125 0.9279457515624999
0 0.484375 0.9279457515624999 0.4912109375 0.9385146109375 0.5205078125 0.9300595234375001 0.525390625 0.923718209375 0.525390625 0.8856703187500001 0.484375 0.226173565625 0.482421875 0.21771847968750002 0.4775390625 0.2113771640625 0.4599609375 0.2113771640625 0.4501953125 0.2156047078125 0.443359375 0.2219460234375 0.44140625 0.234628653125 0.4453125 0.314951975 0.482421875 0.915263121875 0.484375 0.9279457515624999
0 0.53125 0.9321732953125 0.5361328125 0.942742153125 0.5615234375 0.942742153125 0.5712890625 0.9342870671875 0.57421875 0.923718209375 0.5625 0.71234104375 0.53125 0.234628653125 0.5263671875 0.21983225156250003 0.5185546875 0.21983225156250003 0.4892578125 0.2282873375 0.486328125 0.234628653125 0.484375 0.251538825 0.50390625 0.5643770296875 0.517578125 0.7672991078125 0.53125 0.9321732953125
0 0.5830078125 0.942742153125 0.6103515625 0.9385146109375 0.611328125 0.9364008390624999 0.611328125 0.9068080359374999 0.5625 0.226173565625 0.5576171875 0.2156047078125 0.5361328125 0.21983225156250003 0.533203125 0.226173565625 0.53125 0.234628653125 0.54296875 0.42909564375000003 0.578125 0.9279457515624999 0.5830078125 0.942742153125
0 0.64453125 0.83071225625 0.658203125 0.9025804921875 0.662109375 0.9194906656249999 0.6669921875 0.9300595234375001 0.6845703125 0.9554247828125 0.7001953125 0.9511972406250001 0.7177734375 0.9385146109375 0.720703125 0.9321732953125 0.724609375 0.860305059375 0.724609375 0.8349398000000001 0.72265625 0.8180296265625 0.623046875 0.226173565625 0.6201171875 0.21983225156250003 0.6064453125 0.21983225156250003 0.5751953125 0.236742425 0.5712890625 0.2409699671875 0.56640625 0.251538825 0.56640625 0.27267654218750004 0.61328125 0.6362452656250001 0.64453125 0.83071225625
0 0.701171875 0.7038859578125 0.7421875 0.9364008390624999 0.7470703125 0.9554247828125 0.7548828125 0.9554247828125 0.7607421875 0.9511972406250001 0.767578125 0.9406283828124999 0.763671875 0.9025804921875 0.654296875 0.25999391250000004 0.65234375 0.251538825 0.6474609375 0.2409699671875 0.6357421875 0.2409699671875 0.6318359375 0.24519751093750003 0.630859375 0.2473112828125 0.630859375 0.26422145625 0.6328125 0.281131628125 0.701171875 0.7038859578125
0 0.720703125 0.9406283828124999 0.7255859375 0.9554247828125 0.7353515625 0.9554247828125 0.7412109375 0.9511972406250001 0.744140625 0.944855925 0.744140625 0.9364008390624999 0.734375 0.8729876890625 0.623046875 0.2219460234375 0.6201171875 0.2156047078125 0.6142578125 0.2156047078125 0.6064453125 0.21983225156250003 0.603515625 0.226173565625 0.603515625 0.234628653125 0.607421875 0.25999391250000004 0.720703125 0.9406283828124999
0 0.8251953125 0.9596523265625001 0.8330078125 0.9554247828125 0.8427734375 0.946969696875 0.845703125 0.9406283828124999 0.845703125 0.9321732953125 0.841796875 0.9025804921875 0.833984375 0.860305059375 0.83203125 0.8518499734375 0.8291015625 0.8455086578125 0.828125 0.8476224296874999 0.810546875 0.923718209375 0.810546875 0.9533110125 0.8173828125 0.9596523265625001 0.8251953125 0.9596523265625001
0 0.765625 0.9194906656249999 0.771484375 0.944855925 0.7763671875 0.9554247828125 0.7880859375 0.9554247828125 0.7998046875 0.946969696875 0.80078125 0.944855925 0.80078125 0.9279457515624999 0.767578125 0.72079613125 0.685546875 0.2473112828125 0.6806640625 0.2282873375 0.6767578125 0.2282873375 0.6611328125 0.236742425 0.65625 0.2473112828125 0.65625 0.25576636875 0.6640625 0.314951975 0.765625 0.9194906656249999
0 0.765625 0.695430871875 0.7685546875 0.7017721859375 0.7998046875 0.6806344703125 0.80078125 0.6785206984375 0.80078125 0.6616105250000001 0.7734375 0.5009638796875 0.7666015625 0.49039502187500006 0.7607421875 0.49039502187500006 0.7431640625 0.4988501078125 0.740234375 0.5051914234375 0.73828125 0.513646509375 0.73828125 0.5263291390625 0.740234375 0.5432393125 0.765625 0.695430871875
0 0.81640625 0.7630715640625 0.8515625 0.9617660984375 0.8603515625 0.9681074140625 0.9130859375 0.9638798703125 0.916015625 0.9533110125 0.916015625 0.9490834687499999 0.900390625 0.725023675 0.857421875 0.2092633921875 0.8525390625 0.194466990625 0.8232421875 0.194466990625 0.7978515625 0.198694534375 0.7939453125 0.202922078125 0.744140625 0.31072443125000004 0.744140625 0.3276346046875 0.75390625 0.3910477546875 0.81640625 0.7630715640625
0 0.9052734375 0.6933171 0.9326171875 0.6933171 0.935546875 0.6869757843750001 0.935546875 0.6742931546875 0.916015625 0.41218547031249997 0.9140625 0.39950284062499997 0.9091796875 0.39316152656250003 0.8935546875 0.39316152656250003 0.8857421875 0.39738906875 0.884765625 0.39950284062499997 0.884765625 0.4206405578125 0.90234375 0.682748240625 0.9052734375 0.6933171
0 0.95703125 0.9575385546874999 0.9619140625 0.9723349562499999 0.9736328125 0.9765625 0.9833984375 0.9765625 0.9931640625 0.9723349562499999 0.99609375 0.9659936421875001 0.99609375 0.9364008390624999 0.939453125 0.20080830624999998 0.9326171875 0.1606466453125 0.9287109375 0.1564191015625 0.9072265625 0.1564191015625 0.9033203125 0.1606466453125 0.900390625 0.166987959375 0.900390625 0.1923532203125 0.904296875 0.26422145625 0.95703125 0.9575385546874999
0 1 0.6742931546875 0.97265625 0.289586715625 0.96484375 0.2092633921875 0.962890625 0.20080830624999998 0.9580078125 0.1902394484375 0.9482421875 0.1860119046875 0.9423828125 0.1902394484375 0.939453125 0.1965807625 0.939453125 0.21771847968750002 0.943359375 0.281131628125 0.98828125 0.8729876890625 0.99609375 0.9575385546874999 0.9990234375 0.9638798703125 1 0.9617660984375 1 0.6742931546875