1 0.2001953125 0.7059997296875 0.2333984375 0.6806344703125 0.236328125 0.6742931546875 0.236328125 0.6658380687500001 0.2255859375 0.6172213203125 0.2197265625 0.6172213203125 0.1865234375 0.6425865796875 0.185546875 0.6447003515625 0.185546875 0.6531554390625 0.1953125 0.695430871875 0.2001953125 0.7059997296875
1 0.2421875 0.695430871875 0.2451171875 0.7017721859375 0.2490234375 0.7017721859375 0.2666015625 0.68908955625 0.27734375 0.6785206984375 0.27734375 0.6658380687500001 0.2734375 0.6404728078125 0.26953125 0.6235626359374999 0.2666015625 0.6172213203125 0.2626953125 0.6172213203125 0.2333984375 0.6383590375 0.232421875 0.6404728078125 0.232421875 0.6489278953125 0.234375 0.6616105250000001 0.2421875 0.695430871875
1 0.2861328125 0.7017721859375 0.2900390625 0.7017721859375 0.2998046875 0.6933171 0.3173828125 0.6764069265625 0.3203125 0.6700656109375001 0.310546875 0.6193350921875 0.3076171875 0.6129937765625 0.2744140625 0.6383590375 0.2734375 0.6404728078125 0.2734375 0.6531554390625 0.283203125 0.695430871875 0.2861328125 0.7017721859375
1 0.3271484375 0.6975446421875 0.3544921875 0.6764069265625 0.359375 0.6658380687500001 0.359375 0.6616105250000001 0.349609375 0.6193350921875 0.3466796875 0.6129937765625 0.3408203125 0.6129937765625 0.3154296875 0.63413149375 0.314453125 0.6362452656250001 0.314453125 0.6447003515625 0.32421875 0.6912033281250001 0.3271484375 0.6975446421875
1 0.3662109375 0.68908955625 0.3720703125 0.68908955625 0.39453125 0.6658380687500001 0.39453125 0.6573829812499999 0.388671875 0.6235626359374999 0.3837890625 0.608766234375 0.3779296875 0.608766234375 0.3564453125 0.62990395 0.35546875 0.6320177218749999 0.35546875 0.6447003515625 0.36328125 0.682748240625 0.3662109375 0.68908955625
1 0.400390625 0.6912033281250001 0.4052734375 0.7017721859375 0.4306640625 0.6806344703125 0.4345703125 0.6764069265625 0.439453125 0.6658380687500001 0.439453125 0.6573829812499999 0.43359375 0.6235626359374999 0.4287109375 0.608766234375 0.3935546875 0.6383590375 0.392578125 0.6404728078125 0.392578125 0.6489278953125 0.39453125 0.6616105250000001 0.400390625 0.6912033281250001
1 0.4541015625 0.6975446421875 0.4619140625 0.6933171 0.4853515625 0.6721793828125 0.48828125 0.6658380687500001 0.48828125 0.6573829812499999 0.486328125 0.6447003515625 0.478515625 0.6108800046875 0.4755859375 0.604538690625 0.4423828125 0.63413149375 0.44140625 0.6362452656250001 0.44140625 0.6489278953125 0.451171875 0.6912033281250001 0.4541015625 0.6975446421875
1 0.4990234375 0.6933171 0.5048828125 0.6933171 0.5107421875 0.68908955625 0.5302734375 0.6679518390625 0.533203125 0.6616105250000001 0.533203125 0.6531554390625 0.525390625 0.6108800046875 0.5224609375 0.604538690625 0.5185546875 0.604538690625 0.4873046875 0.63413149375 0.486328125 0.6404728078125 0.48828125 0.6531554390625 0.49609375 0.6869757843750001 0.4990234375 0.6933171
1 0.5458984375 0.7017721859375 0.5654296875 0.6848620125 0.5732421875 0.6764069265625 0.576171875 0.6700656109375001 0.576171875 0.6616105250000001 0.5703125 0.6277901781249999 0.5654296875 0.6129937765625 0.5634765625 0.6129937765625 0.5380859375 0.6383590375 0.53515625 0.6447003515625 0.53515625 0.6573829812499999 0.541015625 0.6912033281250001 0.5458984375 0.7017721859375
1 0.58203125 0.682748240625 0.5869140625 0.6933171 0.6064453125 0.6806344703125 0.6142578125 0.6721793828125 0.6171875 0.6658380687500001 0.611328125 0.6277901781249999 0.6064453125 0.604538690625 0.6025390625 0.604538690625 0.5751953125 0.62990395 0.57421875 0.6320177218749999 0.57421875 0.6404728078125 0.576171875 0.6531554390625 0.58203125 0.682748240625
1 0.6201171875 0.6806344703125 0.6259765625 0.6806344703125 0.6357421875 0.6721793828125 0.638671875 0.6658380687500001 0.6328125 0.6277901781249999 0.62890625 0.6108800046875 0.6279296875 0.608766234375 0.6240234375 0.608766234375 0.6142578125 0.6172213203125 0.611328125 0.6235626359374999 0.611328125 0.6362452656250001 0.619140625 0.6785206984375 0.6201171875 0.6806344703125
1 0.6455078125 0.6764069265625 0.6533203125 0.6764069265625 0.6669921875 0.6679518390625 0.6845703125 0.6468141234375 0.6875 0.6404728078125 0.6796875 0.5897422890625 0.6767578125 0.57917343125 0.6376953125 0.6129937765625 0.634765625 0.6193350921875 0.63671875 0.6404728078125 0.640625 0.6616105250000001 0.6455078125 0.6764069265625
1 0.6962890625 0.6721793828125 0.7197265625 0.655269209375 0.73046875 0.6447003515625 0.73046875 0.6320177218749999 0.7216796875 0.5834009734375 0.7158203125 0.5834009734375 0.6884765625 0.604538690625 0.685546875 0.6108800046875 0.685546875 0.6277901781249999 0.693359375 0.6658380687500001 0.6962890625 0.6721793828125
1 0.7373046875 0.6721793828125 0.7451171875 0.6721793828125 0.7568359375 0.663724296875 0.7646484375 0.655269209375 0.767578125 0.6489278953125 0.767578125 0.6404728078125 0.76171875 0.6024249187499999 0.7587890625 0.5918560609375 0.7548828125 0.5918560609375 0.7294921875 0.608766234375 0.728515625 0.6108800046875 0.728515625 0.6235626359374999 0.734375 0.6616105250000001 0.7373046875 0.6721793828125
1 0.7919921875 0.6383590375 0.8046875 0.6277901781249999 0.8046875 0.6066524624999999 0.798828125 0.568604571875 0.7958984375 0.5622632578125 0.7626953125 0.5834009734375 0.759765625 0.5897422890625 0.767578125 0.6404728078125 0.7705078125 0.6468141234375 0.7919921875 0.6383590375
1 0.8173828125 0.6679518390625 0.8330078125 0.663724296875 0.8447265625 0.655269209375 0.853515625 0.6404728078125 0.849609375 0.6066524624999999 0.8447265625 0.57917343125 0.8115234375 0.600311146875 0.80859375 0.6066524624999999 0.80859375 0.6193350921875 0.8125 0.6489278953125 0.8173828125 0.6679518390625
1 0.9091796875 0.6468141234375 0.921875 0.6362452656250001 0.921875 0.572832115625 0.9208984375 0.5707183437500001 0.8798828125 0.57917343125 0.8759765625 0.5834009734375 0.873046875 0.5897422890625 0.875 0.6447003515625 0.8759765625 0.6468141234375 0.9091796875 0.6468141234375
1 1 0.598197375 0.9990234375 0.5960836031250001 0.9697265625 0.5960836031250001 0.9462890625 0.600311146875 0.9453125 0.6024249187499999 0.943359375 0.6320177218749999 0.943359375 0.6573829812499999 0.9462890625 0.6679518390625 0.9736328125 0.6679518390625 0.9990234375 0.663724296875 1 0.6616105250000001 1 0.598197375
0 0.234375 0.8772152328124999 0.2412109375 0.8877840906250001 0.2470703125 0.8877840906250001 0.2646484375 0.8751014609375 0.271484375 0.860305059375 0.271484375 0.8518499734375 0.263671875 0.8053469968750001 0.146484375 0.21771847968750002 0.1416015625 0.202922078125 0.1201171875 0.202922078125 0.1005859375 0.2156047078125 0.099609375 0.2219460234375 0.1015625 0.251538825 0.12890625 0.38682021093749996 0.234375 0.8772152328124999
0 0.26953125 0.8349398000000001 0.27734375 0.8687601468749999 0.2822265625 0.8793290046875001 0.2958984375 0.8793290046875001 0.3017578125 0.8751014609375 0.3095703125 0.866646375 0.314453125 0.8560775156249999 0.30859375 0.8138020828125001 0.185546875 0.20080830624999998 0.1826171875 0.194466990625 0.1708984375 0.194466990625 0.1533203125 0.2113771640625 0.1484375 0.2219460234375 0.1484375 0.23040110937499997 0.15625 0.27267654218750004 0.26953125 0.8349398000000001
0 0.314453125 0.8476224296874999 0.3232421875 0.8751014609375 0.3369140625 0.8751014609375 0.3486328125 0.86241883125 0.353515625 0.8518499734375 0.3515625 0.8264847124999999 0.232421875 0.2092633921875 0.228515625 0.1923532203125 0.2216796875 0.173329275 0.2060546875 0.17755681875 0.1884765625 0.194466990625 0.185546875 0.20080830624999998 0.185546875 0.2092633921875 0.189453125 0.234628653125 0.314453125 0.8476224296874999
0 0.197265625 0.2684489984375 0.1982421875 0.2705627703125 0.2021484375 0.2705627703125 0.216796875 0.226173565625 0.21875 0.2134909359375 0.216796875 0.1881256765625 0.2041015625 0.1817843609375 0.1982421875 0.1860119046875 0.1884765625 0.202922078125 0.1875 0.20503585000000002 0.1875 0.21771847968750002 0.19140625 0.24308373906249997 0.197265625 0.2684489984375
0 0.326171875 0.7081135015625 0.35546875 0.8518499734375 0.359375 0.8687601468749999 0.3662109375 0.8793290046875001 0.3818359375 0.8708739171875 0.3896484375 0.86241883125 0.392578125 0.8518499734375 0.390625 0.8264847124999999 0.283203125 0.2092633921875 0.2763671875 0.202922078125 0.2607421875 0.202922078125 0.2412109375 0.21983225156250003 0.236328125 0.23040110937499997 0.236328125 0.24308373906249997 0.23828125 0.25576636875 0.326171875 0.7081135015625
0 0.373046875 0.750388934375 0.3984375 0.860305059375 0.4033203125 0.8708739171875 0.4130859375 0.866646375 0.4248046875 0.8539637453125 0.4296875 0.8433948859375 0.4296875 0.8349398000000001 0.314453125 0.24308373906249997 0.3076171875 0.2156047078125 0.3017578125 0.2156047078125 0.2939453125 0.21983225156250003 0.2802734375 0.23251488125000003 0.279296875 0.234628653125 0.279296875 0.25576636875 0.287109375 0.3022693453125 0.373046875 0.750388934375
0 0.40625 0.72079613125 0.435546875 0.864532603125 0.4404296875 0.8751014609375 0.4541015625 0.8751014609375 0.4599609375 0.8708739171875 0.4677734375 0.86241883125 0.47265625 0.8518499734375 0.47265625 0.8349398000000001 0.34765625 0.166987959375 0.3427734375 0.1606466453125 0.3291015625 0.1606466453125 0.3193359375 0.16910173125 0.30859375 0.1923532203125 0.30859375 0.2134909359375 0.310546875 0.226173565625 0.40625 0.72079613125
0 0.486328125 0.860305059375 0.4931640625 0.8751014609375 0.5009765625 0.8793290046875001 0.5087890625 0.8793290046875001 0.5146484375 0.8751014609375 0.517578125 0.8687601468749999 0.521484375 0.8476224296874999 0.515625 0.8053469968750001 0.486328125 0.6447003515625 0.396484375 0.1838981328125 0.3896484375 0.16910173125 0.3876953125 0.16910173125 0.3525390625 0.194466990625 0.3515625 0.1965807625 0.3515625 0.2092633921875 0.36328125 0.293814259375 0.486328125 0.860305059375
0 0.447265625 0.45446090312500004 0.515625 0.7968919109375 0.533203125 0.860305059375 0.5380859375 0.8708739171875 0.5498046875 0.8708739171875 0.5615234375 0.86241883125 0.568359375 0.8476224296874999 0.568359375 0.8349398000000001 0.5625 0.801119453125 0.447265625 0.20080830624999998 0.439453125 0.166987959375 0.4326171875 0.1606466453125 0.4248046875 0.1606466453125 0.4111328125 0.16910173125 0.4013671875 0.1817843609375 0.3984375 0.1881256765625 0.3984375 0.1923532203125 0.40234375 0.2134909359375 0.447265625 0.45446090312500004
0 0.5751953125 0.86241883125 0.5791015625 0.866646375 0.5908203125 0.866646375 0.5966796875 0.86241883125 0.6044921875 0.8539637453125 0.609375 0.8433948859375 0.60546875 0.8138020828125001 0.484375 0.1585328734375 0.482421875 0.1500777875 0.4775390625 0.139508928125 0.4716796875 0.1352813859375 0.4521484375 0.1521915578125 0.4423828125 0.1648741890625 0.44140625 0.166987959375 0.44140625 0.175443046875 0.556640625 0.7926643671875 0.5751953125 0.86241883125
0 0.6279296875 0.8751014609375 0.6376953125 0.866646375 0.646484375 0.8560775156249999 0.646484375 0.8349398000000001 0.548828125 0.25576636875 0.5234375 0.112029896875 0.5166015625 0.084550865625 0.5087890625 0.084550865625 0.4970703125 0.093005953125 0.4814453125 0.109916125 0.474609375 0.12471252656250001 0.61328125 0.864532603125 0.6162109375 0.8751014609375 0.6279296875 0.8751014609375
0 0.64453125 0.8349398000000001 0.6484375 0.8560775156249999 0.6513671875 0.86241883125 0.6552734375 0.86241883125 0.6611328125 0.8581912875000001 0.66796875 0.8476224296874999 0.66796875 0.83916734375 0.6640625 0.8138020828125001 0.544921875 0.112029896875 0.5380859375 0.088778409375 0.5244140625 0.0972334953125 0.5234375 0.0993472671875 0.5234375 0.11625744062500001 0.525390625 0.12894007031250002 0.64453125 0.8349398000000001
0 0.666015625 0.83071225625 0.673828125 0.864532603125 0.6767578125 0.8708739171875 0.6865234375 0.8708739171875 0.7041015625 0.86241883125 0.71875 0.8433948859375 0.71875 0.8264847124999999 0.65234375 0.4164130140625 0.6015625 0.112029896875 0.5986328125 0.1014610390625 0.5947265625 0.0972334953125 0.5908203125 0.0972334953125 0.5517578125 0.12259875468749999 0.548828125 0.12894007031250002 0.548828125 0.1416227 0.5546875 0.1796705890625 0.666015625 0.83071225625
0 0.7216796875 0.8581912875000001 0.7314453125 0.8581912875000001 0.7568359375 0.8412811140625 0.759765625 0.8349398000000001 0.759765625 0.8264847124999999 0.755859375 0.7968919109375 0.646484375 0.0866646375 0.6416015625 0.06764069218749999 0.6357421875 0.06764069218749999 0.6123046875 0.084550865625 0.609375 0.09089218125000001 0.607421875 0.0993472671875 0.607421875 0.13739515625 0.71875 0.8476224296874999 0.7216796875 0.8581912875000001
0 0.76171875 0.8433948859375 0.7666015625 0.8539637453125 0.7802734375 0.8539637453125 0.7919921875 0.8455086578125 0.794921875 0.83916734375 0.794921875 0.83071225625 0.71484375 0.2684489984375 0.685546875 0.08243709375 0.6806640625 0.06764069218749999 0.6748046875 0.06764069218749999 0.6572265625 0.08032332187499999 0.6513671875 0.088778409375 0.6484375 0.0951197234375 0.6484375 0.10357481093750001 0.654296875 0.14585024375 0.76171875 0.8433948859375
0 0.794921875 0.83071225625 0.7998046875 0.8412811140625 0.8095703125 0.8455086578125 0.8291015625 0.832826028125 0.83203125 0.8264847124999999 0.83203125 0.8138020828125001 0.82421875 0.7377063046875 0.791015625 0.48405370625 0.744140625 0.14585024375 0.7333984375 0.12682629843749998 0.7275390625 0.12682629843749998 0.7099609375 0.139508928125 0.7041015625 0.147964015625 0.701171875 0.1543053296875 0.701171875 0.175443046875 0.755859375 0.5643770296875 0.794921875 0.83071225625
0 0.837890625 0.8222571703125 0.841796875 0.83916734375 0.8466796875 0.8497362015625001 0.8525390625 0.8539637453125 0.8583984375 0.8539637453125 0.8740234375 0.8412811140625 0.876953125 0.8349398000000001 0.876953125 0.809574540625 0.791015625 0.107802353125 0.7861328125 0.088778409375 0.7763671875 0.088778409375 0.744140625 0.1585328734375 0.748046875 0.1965807625 0.802734375 0.5897422890625 0.837890625 0.8222571703125
0 0.8857421875 0.8412811140625 0.8896484375 0.8455086578125 0.9130859375 0.8455086578125 0.9228515625 0.8412811140625 0.923828125 0.83916734375 0.923828125 0.7588440203125 0.921875 0.314951975 0.919921875 0.0443892046875 0.91796875 0.031706575 0.9072265625 0.025365259374999997 0.8935546875 0.025365259374999997 0.8525390625 0.0380478890625 0.7919921875 0.0718682359375 0.7744140625 0.084550865625 0.7705078125 0.088778409375 0.763671875 0.10357481093750001 0.76171875 0.112029896875 0.76171875 0.12048498437499999 0.880859375 0.83071225625 0.8857421875 0.8412811140625
0 0.9306640625 0 0.9296875 0.002113771875 0.921875 0.035934117187499996 0.923828125 0.6066524624999999 0.92578125 0.801119453125 0.927734375 0.8349398000000001 0.9326171875 0.8455086578125 0.9423828125 0.8539637453125 0.9677734375 0.8539637453125 0.9990234375 0.8497362015625001 1 0.8476224296874999 1 0.002113771875 0.9990234375 0 0.9306640625 0