1 0.0517578125 0.6933171 0.0595703125 0.6975446421875 0.0712890625 0.6975446421875 0.0908203125 0.6933171 0.095703125 0.6869757843750001 0.091796875 0.6277901781249999 0.0888671875 0.6214488640625 0.0478515625 0.62567640625 0.046875 0.6277901781249999 0.046875 0.6447003515625 0.048828125 0.6785206984375 0.0517578125 0.6933171
1 0.1630859375 0.6933171 0.2158203125 0.6679518390625 0.22265625 0.6573829812499999 0.21875 0.6066524624999999 0.2158203125 0.5960836031250001 0.2099609375 0.5960836031250001 0.1474609375 0.62567640625 0.146484375 0.6277901781249999 0.146484375 0.6489278953125 0.1533203125 0.6933171 0.1630859375 0.6933171
1 0.2490234375 0.6806344703125 0.2919921875 0.659496753125 0.302734375 0.6489278953125 0.302734375 0.6362452656250001 0.298828125 0.6024249187499999 0.2939453125 0.5918560609375 0.2900390625 0.5876285171875 0.2451171875 0.608766234375 0.2333984375 0.6172213203125 0.23046875 0.6235626359374999 0.23046875 0.6489278953125 0.2353515625 0.6806344703125 0.2490234375 0.6806344703125
1 0.3095703125 0.6721793828125 0.3193359375 0.6721793828125 0.337890625 0.6616105250000001 0.333984375 0.6108800046875 0.3310546875 0.5960836031250001 0.3232421875 0.5960836031250001 0.3056640625 0.604538690625 0.302734375 0.6108800046875 0.302734375 0.6235626359374999 0.306640625 0.6658380687500001 0.3095703125 0.6721793828125
1 0.3427734375 0.68908955625 0.3525390625 0.68908955625 0.3623046875 0.6848620125 0.3740234375 0.6764069265625 0.376953125 0.6700656109375001 0.3701171875 0.6129937765625 0.3642578125 0.6129937765625 0.3369140625 0.62567640625 0.3359375 0.6277901781249999 0.3359375 0.6489278953125 0.33984375 0.6785206984375 0.3427734375 0.68908955625
1 0.416015625 0.6869757843750001 0.4189453125 0.6933171 0.4443359375 0.68908955625 0.4599609375 0.6806344703125 0.462890625 0.6742931546875 0.462890625 0.6616105250000001 0.458984375 0.6193350921875 0.4560546875 0.6129937765625 0.4130859375 0.62567640625 0.412109375 0.6277901781249999 0.412109375 0.6489278953125 0.4140625 0.6742931546875 0.416015625 0.6869757843750001
1 0.5380859375 0.6806344703125 0.5673828125 0.6721793828125 0.5810546875 0.663724296875 0.583984375 0.6573829812499999 0.583984375 0.6320177218749999 0.58203125 0.6024249187499999 0.5810546875 0.600311146875 0.5205078125 0.6172213203125 0.51953125 0.6193350921875 0.51953125 0.6531554390625 0.5224609375 0.6806344703125 0.5380859375 0.6806344703125
1 0.6357421875 0.6806344703125 0.640625 0.6742931546875 0.640625 0.6489278953125 0.638671875 0.6193350921875 0.6357421875 0.6129937765625 0.5966796875 0.62567640625 0.595703125 0.6277901781249999 0.595703125 0.6658380687500001 0.5986328125 0.68908955625 0.6357421875 0.6806344703125
1 0.6630859375 0.6848620125 0.6689453125 0.6806344703125 0.669921875 0.6785206984375 0.669921875 0.6151075484375 0.6689453125 0.6129937765625 0.6650390625 0.6129937765625 0.6474609375 0.6214488640625 0.64453125 0.6277901781249999 0.64453125 0.682748240625 0.6455078125 0.6848620125 0.6630859375 0.6848620125
1 0.6845703125 0.6679518390625 0.6962890625 0.663724296875 0.697265625 0.6616105250000001 0.697265625 0.6066524624999999 0.6943359375 0.600311146875 0.6728515625 0.604538690625 0.669921875 0.6108800046875 0.671875 0.6658380687500001 0.6728515625 0.6679518390625 0.6845703125 0.6679518390625
1 0.7333984375 0.663724296875 0.7509765625 0.659496753125 0.751953125 0.6573829812499999 0.751953125 0.598197375 0.7509765625 0.5960836031250001 0.7373046875 0.5960836031250001 0.7216796875 0.600311146875 0.720703125 0.6024249187499999 0.720703125 0.6616105250000001 0.7216796875 0.663724296875 0.7333984375 0.663724296875
1 0.7666015625 0.6468141234375 0.7783203125 0.6425865796875 0.779296875 0.6404728078125 0.779296875 0.581287203125 0.7783203125 0.57917343125 0.7685546875 0.57917343125 0.7548828125 0.5834009734375 0.751953125 0.5897422890625 0.751953125 0.6404728078125 0.7548828125 0.6468141234375 0.7666015625 0.6468141234375
1 0.8212890625 0.6468141234375 0.82421875 0.6404728078125 0.826171875 0.6151075484375 0.826171875 0.5855147453125 0.8251953125 0.5834009734375 0.8134765625 0.5834009734375 0.7978515625 0.5876285171875 0.794921875 0.5939698328125 0.794921875 0.6447003515625 0.7978515625 0.6510416671875 0.8212890625 0.6468141234375
1 0.8623046875 0.6510416671875 0.865234375 0.6362452656250001 0.865234375 0.5855147453125 0.8642578125 0.5834009734375 0.8603515625 0.5834009734375 0.8369140625 0.5876285171875 0.833984375 0.5939698328125 0.833984375 0.6489278953125 0.8388671875 0.655269209375 0.8623046875 0.6510416671875
1 0.8857421875 0.659496753125 0.8916015625 0.655269209375 0.89453125 0.6404728078125 0.89453125 0.598197375 0.8935546875 0.5960836031250001 0.8701171875 0.5960836031250001 0.869140625 0.598197375 0.8671875 0.6066524624999999 0.8671875 0.6531554390625 0.8701171875 0.659496753125 0.8857421875 0.659496753125
1 0.9013671875 0.6510416671875 0.9306640625 0.6510416671875 0.931640625 0.6489278953125 0.93359375 0.6320177218749999 0.93359375 0.5897422890625 0.9326171875 0.5876285171875 0.9013671875 0.5834009734375 0.8974609375 0.5834009734375 0.896484375 0.5855147453125 0.89453125 0.6151075484375 0.89453125 0.6447003515625 0.8955078125 0.6468141234375 0.9013671875 0.6510416671875
1 0.9482421875 0.62990395 0.951171875 0.6193350921875 0.951171875 0.572832115625 0.9501953125 0.5707183437500001 0.9365234375 0.5707183437500001 0.935546875 0.572832115625 0.93359375 0.5897422890625 0.93359375 0.6277901781249999 0.9345703125 0.62990395 0.9482421875 0.62990395
0 0.0009765625 0 0 0.002113771875 0 0.057071834375 0.0625 0.8814427765625 0.0673828125 0.896239178125 0.1005859375 0.896239178125 0.1142578125 0.8793290046875001 0.1328125 0.83916734375 0.15234375 0.7926643671875 0.15625 0.7799817375 0.158203125 0.052844290625 0.1396484375 0.0380478890625 0.0751953125 0.00422754375 0.0615234375 0 0.0009765625 0
0 0.1787109375 0.9004667203125001 0.1884765625 0.9004667203125001 0.2001953125 0.896239178125 0.2236328125 0.883556546875 0.2392578125 0.8708739171875 0.25 0.8518499734375 0.25 0.83071225625 0.162109375 0.13739515625 0.15625 0.0951197234375 0.15234375 0.07820955156250001 0.1494140625 0.0718682359375 0.1474609375 0.0718682359375 0.0634765625 0.093005953125 0.05859375 0.10357481093750001 0.056640625 0.11625744062500001 0.07421875 0.251538825 0.17578125 0.89412540625 0.1787109375 0.9004667203125001
0 0.255859375 0.864532603125 0.2587890625 0.8751014609375 0.2724609375 0.8751014609375 0.2978515625 0.86241883125 0.3193359375 0.8455086578125 0.32421875 0.8349398000000001 0.322265625 0.7968919109375 0.25390625 0.0866646375 0.2373046875 0.06341315 0.2236328125 0.06341315 0.1591796875 0.084550865625 0.15625 0.09089218125000001 0.166015625 0.1838981328125 0.208984375 0.517874053125 0.255859375 0.864532603125
0 0.328125 0.8560775156249999 0.3310546875 0.86241883125 0.3486328125 0.86241883125 0.3564453125 0.8581912875000001 0.359375 0.8518499734375 0.359375 0.8433948859375 0.287109375 0.10357481093750001 0.2841796875 0.0972334953125 0.2626953125 0.0972334953125 0.2490234375 0.1014610390625 0.2451171875 0.1056885828125 0.244140625 0.107802353125 0.244140625 0.12471252656250001 0.326171875 0.8433948859375 0.328125 0.8560775156249999
0 0.359375 0.8560775156249999 0.361328125 0.864532603125 0.3662109375 0.8751014609375 0.3720703125 0.8793290046875001 0.3857421875 0.8793290046875001 0.3896484375 0.8751014609375 0.39453125 0.864532603125 0.39453125 0.8476224296874999 0.322265625 0.112029896875 0.3154296875 0.1014610390625 0.3076171875 0.1014610390625 0.2861328125 0.109916125 0.2822265625 0.11414366875 0.28125 0.11625744062500001 0.28125 0.12894007031250002 0.283203125 0.1543053296875 0.359375 0.8560775156249999
0 0.396484375 0.864532603125 0.4013671875 0.8751014609375 0.4111328125 0.8751014609375 0.4287109375 0.866646375 0.431640625 0.8560775156249999 0.4296875 0.8264847124999999 0.3671875 0.14585024375 0.361328125 0.0993472671875 0.3603515625 0.0972334953125 0.3447265625 0.0972334953125 0.3310546875 0.1014610390625 0.3251953125 0.1056885828125 0.322265625 0.112029896875 0.32421875 0.14585024375 0.357421875 0.48828125 0.396484375 0.864532603125
0 0.431640625 0.860305059375 0.4345703125 0.8708739171875 0.4404296875 0.8751014609375 0.4521484375 0.8751014609375 0.4716796875 0.866646375 0.4765625 0.8560775156249999 0.4765625 0.8264847124999999 0.41796875 0.10357481093750001 0.4140625 0.0866646375 0.4111328125 0.08032332187499999 0.3642578125 0.0972334953125 0.361328125 0.10357481093750001 0.361328125 0.107802353125 0.404296875 0.5770596593749999 0.431640625 0.860305059375
0 0.53125 0.864532603125 0.5419921875 0.8751014609375 0.5576171875 0.8708739171875 0.5849609375 0.8581912875000001 0.591796875 0.8433948859375 0.591796875 0.7926643671875 0.572265625 0.20080830624999998 0.568359375 0.12048498437499999 0.5654296875 0.1056885828125 0.5478515625 0.1056885828125 0.4853515625 0.1183712125 0.4765625 0.13739515625 0.4765625 0.1796705890625 0.521484375 0.7672991078125 0.53125 0.864532603125
0 0.6025390625 0.8708739171875 0.6357421875 0.86241883125 0.6416015625 0.8581912875000001 0.64453125 0.8518499734375 0.64453125 0.8222571703125 0.62890625 0.12048498437499999 0.626953125 0.0697544640625 0.6240234375 0.06341315 0.5849609375 0.06341315 0.5673828125 0.06764069218749999 0.5615234375 0.0718682359375 0.556640625 0.08243709375 0.5546875 0.0951197234375 0.59375 0.83916734375 0.595703125 0.860305059375 0.6025390625 0.8708739171875
0 0.64453125 0.8560775156249999 0.6474609375 0.86241883125 0.6669921875 0.86241883125 0.673828125 0.8518499734375 0.673828125 0.8222571703125 0.662109375 0.0866646375 0.6591796875 0.06764069218749999 0.6318359375 0.06764069218749999 0.62890625 0.0739820078125 0.62890625 0.1416227 0.6328125 0.3572274078125 0.64453125 0.8560775156249999
0 0.673828125 0.8476224296874999 0.6787109375 0.8581912875000001 0.6845703125 0.8581912875000001 0.6943359375 0.8539637453125 0.69921875 0.8433948859375 0.69921875 0.7588440203125 0.689453125 0.07820955156250001 0.6826171875 0.06764069218749999 0.6728515625 0.06764069218749999 0.6669921875 0.0718682359375 0.6640625 0.07820955156250001 0.662109375 0.0866646375 0.662109375 0.1500777875 0.671875 0.8053469968750001 0.673828125 0.8476224296874999
0 0.7197265625 0.8497362015625001 0.7236328125 0.8539637453125 0.7333984375 0.8539637453125 0.7490234375 0.8497362015625001 0.751953125 0.83916734375 0.75390625 0.0739820078125 0.7490234375 0.06341315 0.7138671875 0.06341315 0.7080078125 0.06764069218749999 0.705078125 0.0739820078125 0.705078125 0.09089218125000001 0.7109375 0.8264847124999999 0.7197265625 0.8497362015625001
0 0.77734375 0.8222571703125 0.779296875 0.7672991078125 0.787109375 0.0739820078125 0.7841796875 0.06341315 0.7568359375 0.06341315 0.75390625 0.0697544640625 0.751953125 0.8264847124999999 0.7529296875 0.828598484375 0.7744140625 0.828598484375 0.77734375 0.8222571703125
0 0.8095703125 0.8370535718750001 0.8154296875 0.832826028125 0.8203125 0.8222571703125 0.82421875 0.7081135015625 0.8359375 0.1965807625 0.8359375 0.0739820078125 0.8330078125 0.06764069218749999 0.7900390625 0.06764069218749999 0.7890625 0.0697544640625 0.787109375 0.0951197234375 0.78125 0.581287203125 0.779296875 0.8222571703125 0.78125 0.83071225625 0.7861328125 0.8370535718750001 0.8095703125 0.8370535718750001
0 0.8486328125 0.828598484375 0.8583984375 0.8243709421875 0.861328125 0.8180296265625 0.880859375 0.11625744062500001 0.87890625 0.10357481093750001 0.8759765625 0.0972334953125 0.8544921875 0.0972334953125 0.8408203125 0.1014610390625 0.83984375 0.10357481093750001 0.837890625 0.13739515625 0.822265625 0.7799817375 0.822265625 0.8138020828125001 0.8271484375 0.828598484375 0.8486328125 0.828598484375
0 0.8837890625 0.8243709421875 0.888671875 0.8138020828125001 0.912109375 0.0739820078125 0.9091796875 0.06764069218749999 0.8720703125 0.06764069218749999 0.8525390625 0.0760957796875 0.849609375 0.08243709375 0.86328125 0.8180296265625 0.8662109375 0.8243709421875 0.8837890625 0.8243709421875
0 0.8994140625 0.832826028125 0.9208984375 0.832826028125 0.92578125 0.8222571703125 0.9296875 0.7377063046875 0.95703125 0.0655269203125 0.95703125 0.040161660937499996 0.9541015625 0.033820346875000004 0.9150390625 0.0380478890625 0.8759765625 0.050730518749999995 0.8662109375 0.05918560625 0.865234375 0.061299378125000005 0.888671875 0.8180296265625 0.8935546875 0.828598484375 0.8994140625 0.832826028125