1 0.2939453125 0.7017721859375 0.3046875 0.695430871875 0.3046875 0.6404728078125 0.2998046875 0.62990395 0.2666015625 0.6425865796875 0.265625 0.6447003515625 0.265625 0.6996584140625 0.2666015625 0.7017721859375 0.2939453125 0.7017721859375
1 0.3388671875 0.7017721859375 0.34765625 0.695430871875 0.345703125 0.6320177218749999 0.3447265625 0.62990395 0.3291015625 0.62990395 0.3056640625 0.63413149375 0.3046875 0.6362452656250001 0.3046875 0.6912033281250001 0.3076171875 0.7017721859375 0.3388671875 0.7017721859375
1 0.3505859375 0.6764069265625 0.3662109375 0.6764069265625 0.3876953125 0.6721793828125 0.388671875 0.6700656109375001 0.388671875 0.6066524624999999 0.3876953125 0.604538690625 0.3525390625 0.604538690625 0.3486328125 0.608766234375 0.34765625 0.6108800046875 0.34765625 0.6404728078125 0.349609375 0.6742931546875 0.3505859375 0.6764069265625
1 0.4970703125 0.6764069265625 0.5 0.6700656109375001 0.5 0.6193350921875 0.4970703125 0.6129937765625 0.4560546875 0.6129937765625 0.453125 0.6193350921875 0.453125 0.6742931546875 0.4541015625 0.6764069265625 0.4970703125 0.6764069265625
1 0.7490234375 0.68908955625 0.7939453125 0.6806344703125 0.794921875 0.6785206984375 0.796875 0.6573829812499999 0.796875 0.6193350921875 0.7958984375 0.6172213203125 0.7373046875 0.6129937765625 0.728515625 0.6235626359374999 0.7265625 0.6447003515625 0.7265625 0.6742931546875 0.7353515625 0.68908955625 0.7490234375 0.68908955625
1 0.8349609375 0.7017721859375 0.8544921875 0.6975446421875 0.85546875 0.695430871875 0.857421875 0.6362452656250001 0.8544921875 0.62990395 0.8076171875 0.63413149375 0.806640625 0.6362452656250001 0.8046875 0.6489278953125 0.8046875 0.695430871875 0.8076171875 0.7017721859375 0.8349609375 0.7017721859375
1 0.9169921875 0.6933171 0.919921875 0.6869757843750001 0.921875 0.6658380687500001 0.921875 0.6235626359374999 0.9208984375 0.6214488640625 0.8701171875 0.6214488640625 0.869140625 0.6235626359374999 0.869140625 0.6869757843750001 0.8720703125 0.6933171 0.9169921875 0.6933171
1 0.4208984375 0.68908955625 0.423828125 0.682748240625 0.423828125 0.6235626359374999 0.4208984375 0.6172213203125 0.3916015625 0.6214488640625 0.388671875 0.6277901781249999 0.390625 0.6869757843750001 0.3916015625 0.68908955625 0.4208984375 0.68908955625
1 0.0283203125 0.6933171 0.0615234375 0.68908955625 0.064453125 0.682748240625 0.0625 0.6235626359374999 0.0595703125 0.6172213203125 0.0263671875 0.6214488640625 0.0234375 0.6277901781249999 0.0234375 0.6489278953125 0.025390625 0.6785206984375 0.0283203125 0.6933171
1 0.0673828125 0.6933171 0.0927734375 0.6933171 0.1181640625 0.6848620125 0.123046875 0.6785206984375 0.123046875 0.6531554390625 0.12109375 0.6193350921875 0.1201171875 0.6172213203125 0.1064453125 0.6172213203125 0.0634765625 0.62567640625 0.0625 0.6277901781249999 0.0625 0.6531554390625 0.064453125 0.6869757843750001 0.0673828125 0.6933171
1 0.125 0.6996584140625 0.1259765625 0.7017721859375 0.1357421875 0.7017721859375 0.138671875 0.695430871875 0.138671875 0.6912033281250001 0.134765625 0.6320177218749999 0.1337890625 0.62990395 0.1240234375 0.62990395 0.12109375 0.6362452656250001 0.12109375 0.6489278953125 0.123046875 0.6869757843750001 0.125 0.6996584140625
1 0.1396484375 0.6933171 0.1689453125 0.6933171 0.1943359375 0.6848620125 0.197265625 0.6785206984375 0.1953125 0.6235626359374999 0.1923828125 0.6172213203125 0.1357421875 0.62567640625 0.134765625 0.6277901781249999 0.134765625 0.6489278953125 0.13671875 0.682748240625 0.1396484375 0.6933171
1 0.2548828125 0.6975446421875 0.26171875 0.6912033281250001 0.259765625 0.6277901781249999 0.2587890625 0.62567640625 0.2275390625 0.62990395 0.2177734375 0.63413149375 0.216796875 0.6362452656250001 0.216796875 0.6912033281250001 0.2197265625 0.7017721859375 0.2548828125 0.6975446421875
1 0.1982421875 0.6848620125 0.2138671875 0.6848620125 0.216796875 0.6742931546875 0.21484375 0.6277901781249999 0.212890625 0.6193350921875 0.2119140625 0.6172213203125 0.2080078125 0.6172213203125 0.1962890625 0.6214488640625 0.1953125 0.6235626359374999 0.1953125 0.6573829812499999 0.197265625 0.682748240625 0.1982421875 0.6848620125
1 0.5400390625 0.6764069265625 0.54296875 0.6700656109375001 0.54296875 0.6151075484375 0.5419921875 0.6129937765625 0.5205078125 0.6129937765625 0.5068359375 0.6172213203125 0.50390625 0.6235626359374999 0.50390625 0.6700656109375001 0.5068359375 0.6764069265625 0.5400390625 0.6764069265625
1 0.5517578125 0.6933171 0.5810546875 0.6933171 0.5986328125 0.68908955625 0.6015625 0.682748240625 0.6015625 0.6235626359374999 0.6005859375 0.6214488640625 0.5458984375 0.62567640625 0.544921875 0.6277901781249999 0.544921875 0.6785206984375 0.546875 0.6869757843750001 0.5517578125 0.6933171
1 0.6083984375 0.6848620125 0.6357421875 0.6848620125 0.6474609375 0.6806344703125 0.650390625 0.6742931546875 0.650390625 0.6151075484375 0.6494140625 0.6129937765625 0.6044921875 0.6172213203125 0.603515625 0.6193350921875 0.603515625 0.6785206984375 0.6044921875 0.6806344703125 0.6083984375 0.6848620125
1 0.7021484375 0.6806344703125 0.7119140625 0.6764069265625 0.71484375 0.6700656109375001 0.71484375 0.6108800046875 0.7138671875 0.608766234375 0.6533203125 0.6129937765625 0.65234375 0.6151075484375 0.65234375 0.6742931546875 0.6552734375 0.6806344703125 0.7021484375 0.6806344703125
0 0 0.289586715625 0.0390625 0.8898978625 0.0439453125 0.9004667203125001 0.0673828125 0.9004667203125001 0.0751953125 0.896239178125 0.078125 0.8856703187500001 0.078125 0.8814427765625 0.037109375 0.0951197234375 0.0302734375 0.088778409375 0.0029296875 0.093005953125 0 0.0993472671875 0 0.289586715625
0 0.078125 0.89412540625 0.0810546875 0.9004667203125001 0.1083984375 0.9004667203125001 0.1279296875 0.892011634375 0.1328125 0.8856703187500001 0.1328125 0.8433948859375 0.09375 0.112029896875 0.0888671875 0.0972334953125 0.0576171875 0.0972334953125 0.0361328125 0.1014610390625 0.033203125 0.107802353125 0.033203125 0.1500777875 0.064453125 0.682748240625 0.078125 0.89412540625
0 0.0927734375 0 0.091796875 0.002113771875 0.08984375 0.0105688578125 0.091796875 0.0993472671875 0.1328125 0.8687601468749999 0.1357421875 0.892011634375 0.1474609375 0.892011634375 0.1484375 0.8898978625 0.1484375 0.8560775156249999 0.119140625 0.02747903125 0.1162109375 0 0.0927734375 0
0 0.1484375 0.8729876890625 0.150390625 0.8898978625 0.1552734375 0.9004667203125001 0.1787109375 0.896239178125 0.1884765625 0.892011634375 0.2021484375 0.883556546875 0.205078125 0.8729876890625 0.205078125 0.8687601468749999 0.173828125 0.1331676140625 0.1689453125 0.12259875468749999 0.1142578125 0.12682629843749998 0.111328125 0.1331676140625 0.109375 0.14585024375 0.109375 0.1585328734375 0.119140625 0.3656824953125 0.1484375 0.8729876890625
0 0.2216796875 0.8877840906250001 0.224609375 0.8814427765625 0.224609375 0.864532603125 0.193359375 0.1331676140625 0.19140625 0.112029896875 0.1884765625 0.1056885828125 0.1767578125 0.1056885828125 0.171875 0.11625744062500001 0.205078125 0.8772152328124999 0.2099609375 0.8877840906250001 0.2216796875 0.8877840906250001
0 0.224609375 0.8772152328124999 0.2314453125 0.8877840906250001 0.2470703125 0.8877840906250001 0.2626953125 0.883556546875 0.267578125 0.8729876890625 0.267578125 0.8476224296874999 0.2421875 0.12894007031250002 0.240234375 0.112029896875 0.2353515625 0.1014610390625 0.1962890625 0.0972334953125 0.193359375 0.10357481093750001 0.193359375 0.1585328734375 0.1953125 0.2134909359375 0.224609375 0.8772152328124999
0 0.2705078125 0.883556546875 0.2763671875 0.8877840906250001 0.2998046875 0.8877840906250001 0.3076171875 0.883556546875 0.310546875 0.8772152328124999 0.310546875 0.8476224296874999 0.287109375 0.107802353125 0.2861328125 0.1056885828125 0.2431640625 0.1014610390625 0.2421875 0.10357481093750001 0.2421875 0.1838981328125 0.267578125 0.8772152328124999 0.2705078125 0.883556546875
0 0.3173828125 0.8877840906250001 0.3427734375 0.8877840906250001 0.3486328125 0.883556546875 0.3515625 0.8729876890625 0.3515625 0.8433948859375 0.337890625 0.226173565625 0.333984375 0.12471252656250001 0.3310546875 0.1014610390625 0.2919921875 0.1014610390625 0.2890625 0.107802353125 0.287109375 0.11625744062500001 0.287109375 0.1500777875 0.310546875 0.8772152328124999 0.3173828125 0.8877840906250001
0 0.349609375 0.8349398000000001 0.3515625 0.8814427765625 0.3583984375 0.892011634375 0.3701171875 0.892011634375 0.3876953125 0.8877840906250001 0.39453125 0.8729876890625 0.39453125 0.8476224296874999 0.380859375 0.07820955156250001 0.3798828125 0.0760957796875 0.3681640625 0.0760957796875 0.3388671875 0.08032332187499999 0.3349609375 0.084550865625 0.333984375 0.0866646375 0.333984375 0.0993472671875 0.341796875 0.47559862031250005 0.349609375 0.8349398000000001
0 0.3974609375 0.883556546875 0.4208984375 0.883556546875 0.42578125 0.8772152328124999 0.42578125 0.7630715640625 0.419921875 0.0697544640625 0.41796875 0.052844290625 0.4130859375 0.0465029765625 0.3896484375 0.0465029765625 0.3857421875 0.050730518749999995 0.3828125 0.057071834375 0.3828125 0.314951975 0.39453125 0.8772152328124999 0.3974609375 0.883556546875
0 0.443359375 0.864532603125 0.4453125 0.8729876890625 0.4501953125 0.8793290046875001 0.4951171875 0.8751014609375 0.498046875 0.8687601468749999 0.5 0.83916734375 0.5 0.6193350921875 0.49609375 0.0739820078125 0.4931640625 0.06764069218749999 0.4365234375 0.06764069218749999 0.435546875 0.0697544640625 0.43359375 0.0866646375 0.43359375 0.12894007031250002 0.44140625 0.7926643671875 0.443359375 0.864532603125
0 0.5107421875 0.883556546875 0.5361328125 0.883556546875 0.5439453125 0.8793290046875001 0.546875 0.864532603125 0.54296875 0.0739820078125 0.541015625 0.006341315625000001 0.5380859375 0 0.5029296875 0.00422754375 0.498046875 0.0147964015625 0.49609375 0.057071834375 0.49609375 0.2092633921875 0.501953125 0.8687601468749999 0.5107421875 0.883556546875
0 0.548828125 0.8729876890625 0.55078125 0.8898978625 0.5576171875 0.9004667203125001 0.5908203125 0.9004667203125001 0.5966796875 0.896239178125 0.6015625 0.8856703187500001 0.6015625 0.5305566828125 0.599609375 0.13739515625 0.5966796875 0.1183712125 0.5595703125 0.1183712125 0.5439453125 0.12259875468749999 0.541015625 0.12894007031250002 0.541015625 0.31072443125000004 0.544921875 0.6785206984375 0.548828125 0.8729876890625
0 0.603515625 0.8772152328124999 0.6103515625 0.8877840906250001 0.6396484375 0.8877840906250001 0.6455078125 0.883556546875 0.650390625 0.8729876890625 0.650390625 0.12048498437499999 0.6455078125 0.109916125 0.6103515625 0.109916125 0.6005859375 0.11414366875 0.59765625 0.12048498437499999 0.59765625 0.12471252656250001 0.6015625 0.8264847124999999 0.603515625 0.8772152328124999
0 0.65234375 0.860305059375 0.654296875 0.8687601468749999 0.6591796875 0.8793290046875001 0.6748046875 0.8877840906250001 0.6826171875 0.8877840906250001 0.7060546875 0.8793290046875001 0.7099609375 0.8751014609375 0.712890625 0.8687601468749999 0.71484375 0.8349398000000001 0.720703125 0.12471252656250001 0.71875 0.07820955156250001 0.7158203125 0.0718682359375 0.6552734375 0.0718682359375 0.6513671875 0.0760957796875 0.6484375 0.08243709375 0.6484375 0.11625744062500001 0.650390625 0.7081135015625 0.65234375 0.860305059375
0 0.7236328125 0.8877840906250001 0.7451171875 0.8877840906250001 0.748046875 0.8814427765625 0.75 0.809574540625 0.759765625 0.20503585000000002 0.759765625 0.1331676140625 0.7587890625 0.1310538421875 0.7236328125 0.1310538421875 0.720703125 0.13739515625 0.71875 0.234628653125 0.712890625 0.860305059375 0.71484375 0.8729876890625 0.7197265625 0.883556546875 0.7236328125 0.8877840906250001
0 0.7529296875 0.8877840906250001 0.7783203125 0.8877840906250001 0.7900390625 0.883556546875 0.79296875 0.8729876890625 0.810546875 0.12048498437499999 0.810546875 0.07820955156250001 0.8056640625 0.06764069218749999 0.7666015625 0.06764069218749999 0.7568359375 0.0760957796875 0.748046875 0.09089218125000001 0.74609375 0.10357481093750001 0.74609375 0.12894007031250002 0.75 0.8814427765625 0.7529296875 0.8877840906250001
0 0.8466796875 0.883556546875 0.849609375 0.8772152328124999 0.8515625 0.83916734375 0.857421875 0.6531554390625 0.87109375 0.11625744062500001 0.87109375 0.061299378125000005 0.8681640625 0.0549580625 0.8583984375 0.050730518749999995 0.8134765625 0.050730518749999995 0.806640625 0.057071834375 0.794921875 0.7968919109375 0.794921875 0.8772152328124999 0.7978515625 0.883556546875 0.8466796875 0.883556546875
0 0.8720703125 0.896239178125 0.9091796875 0.896239178125 0.9130859375 0.892011634375 0.91796875 0.8814427765625 0.919921875 0.8138020828125001 0.9375 0.11625744062500001 0.9375 0.057071834375 0.9365234375 0.0549580625 0.8759765625 0.0549580625 0.873046875 0.061299378125000005 0.87109375 0.10357481093750001 0.865234375 0.3699100375 0.859375 0.6869757843750001 0.857421875 0.801119453125 0.857421875 0.8729876890625 0.8662109375 0.892011634375 0.8720703125 0.896239178125