1 0.19140625 0.7588440203125 0.19140625 0.7377063046875 0.1875 0.6996584140625 0.1845703125 0.6848620125 0.1728515625 0.6848620125 0.1318359375 0.7017721859375 0.12890625 0.7081135015625 0.1376953125 0.7651853359375 0.1865234375 0.7651853359375 0.19140625 0.7588440203125
1 0.1982421875 0.7863230515625 0.2041015625 0.7863230515625 0.2099609375 0.782095509375 0.2109375 0.7799817375 0.2109375 0.7630715640625 0.205078125 0.7165685875000001 0.2041015625 0.714454815625 0.2001953125 0.714454815625 0.1904296875 0.718682359375 0.189453125 0.72079613125 0.189453125 0.7334787609375 0.1953125 0.7799817375 0.1982421875 0.7863230515625
1 0.2158203125 0.7736404218749999 0.2275390625 0.7736404218749999 0.2392578125 0.769412878125 0.2568359375 0.7609577921875 0.263671875 0.7546164765625 0.263671875 0.7334787609375 0.259765625 0.6996584140625 0.2568359375 0.6933171 0.2509765625 0.6933171 0.2099609375 0.7102272734375 0.208984375 0.71234104375 0.208984375 0.725023675 0.212890625 0.7588440203125 0.2158203125 0.7736404218749999
1 0.2744140625 0.7905505953125 0.2861328125 0.7905505953125 0.3193359375 0.7778679656249999 0.3291015625 0.769412878125 0.33203125 0.7588440203125 0.326171875 0.71234104375 0.3232421875 0.7059997296875 0.2685546875 0.7271374453125 0.265625 0.7334787609375 0.265625 0.7377063046875 0.271484375 0.7842092796875 0.2744140625 0.7905505953125
1 0.3388671875 0.7863230515625 0.3505859375 0.7863230515625 0.3623046875 0.782095509375 0.375 0.77152665 0.375 0.746161390625 0.373046875 0.725023675 0.3701171875 0.7102272734375 0.3642578125 0.7102272734375 0.3330078125 0.7271374453125 0.33203125 0.7292512171875 0.33203125 0.7377063046875 0.3359375 0.77152665 0.3388671875 0.7863230515625
1 0.38671875 0.7884368234375 0.3896484375 0.7947781390624999 0.4052734375 0.7905505953125 0.419921875 0.7799817375 0.419921875 0.7672991078125 0.416015625 0.72079613125 0.4130859375 0.714454815625 0.3837890625 0.7271374453125 0.380859375 0.7334787609375 0.380859375 0.7377063046875 0.384765625 0.77575419375 0.38671875 0.7884368234375
1 0.4541015625 0.7863230515625 0.4599609375 0.782095509375 0.462890625 0.77575419375 0.462890625 0.7546164765625 0.4580078125 0.714454815625 0.4443359375 0.718682359375 0.4306640625 0.7271374453125 0.427734375 0.7334787609375 0.427734375 0.7842092796875 0.4306640625 0.7947781390624999 0.4541015625 0.7863230515625
1 0.4892578125 0.782095509375 0.5068359375 0.782095509375 0.5205078125 0.7778679656249999 0.53125 0.77152665 0.53125 0.71234104375 0.5302734375 0.7102272734375 0.4814453125 0.718682359375 0.48046875 0.72079613125 0.48046875 0.77152665 0.4833984375 0.7778679656249999 0.4892578125 0.782095509375
1 0.5712890625 0.7947781390624999 0.5810546875 0.7905505953125 0.583984375 0.7799817375 0.583984375 0.7292512171875 0.5810546875 0.7229099031249999 0.5361328125 0.7313649890625 0.53515625 0.7334787609375 0.533203125 0.7419338468750001 0.53515625 0.7926643671875 0.5361328125 0.7947781390624999 0.5712890625 0.7947781390624999
1 0.6279296875 0.7736404218749999 0.6337890625 0.769412878125 0.63671875 0.7630715640625 0.63671875 0.71234104375 0.6357421875 0.7102272734375 0.5888671875 0.7102272734375 0.587890625 0.71234104375 0.5859375 0.72079613125 0.5859375 0.7672991078125 0.5888671875 0.7736404218749999 0.6279296875 0.7736404218749999
1 0.6767578125 0.7947781390624999 0.6845703125 0.7905505953125 0.6875 0.7842092796875 0.689453125 0.7588440203125 0.689453125 0.7377063046875 0.6884765625 0.7355925328125 0.6435546875 0.7355925328125 0.642578125 0.7377063046875 0.642578125 0.7926643671875 0.6435546875 0.7947781390624999 0.6767578125 0.7947781390624999
1 0.7021484375 0.8032332249999999 0.7353515625 0.8032332249999999 0.744140625 0.7968919109375 0.74609375 0.7884368234375 0.74609375 0.7377063046875 0.7451171875 0.7355925328125 0.7001953125 0.7355925328125 0.697265625 0.7419338468750001 0.697265625 0.7968919109375 0.6982421875 0.7990056812499999 0.7021484375 0.8032332249999999
1 0.7783203125 0.7863230515625 0.7880859375 0.782095509375 0.7939453125 0.7778679656249999 0.796875 0.77152665 0.798828125 0.7377063046875 0.798828125 0.7165685875000001 0.7978515625 0.714454815625 0.7724609375 0.7229099031249999 0.765625 0.7292512171875 0.763671875 0.750388934375 0.763671875 0.7842092796875 0.7646484375 0.7863230515625 0.7783203125 0.7863230515625
1 0.8427734375 0.7905505953125 0.8505859375 0.7863230515625 0.853515625 0.7799817375 0.85546875 0.750388934375 0.85546875 0.72079613125 0.8544921875 0.718682359375 0.8037109375 0.718682359375 0.802734375 0.72079613125 0.80078125 0.77575419375 0.8037109375 0.782095509375 0.8115234375 0.7905505953125 0.8427734375 0.7905505953125
1 0.8681640625 0.7863230515625 0.8837890625 0.7863230515625 0.8974609375 0.782095509375 0.900390625 0.77575419375 0.90234375 0.7630715640625 0.904296875 0.7292512171875 0.904296875 0.72079613125 0.9033203125 0.718682359375 0.8662109375 0.7229099031249999 0.86328125 0.7292512171875 0.861328125 0.750388934375 0.861328125 0.7799817375 0.8623046875 0.782095509375 0.8681640625 0.7863230515625
1 1 0.746161390625 0.9990234375 0.74404761875 0.9560546875 0.739820075 0.953125 0.746161390625 0.94921875 0.7884368234375 0.94921875 0.7968919109375 0.9501953125 0.7990056812499999 0.9560546875 0.8032332249999999 0.9716796875 0.8074607687500001 0.9873046875 0.8074607687500001 0.99609375 0.801119453125 1 0.7672991078125 1 0.746161390625
1 0.935546875 0.77575419375 0.939453125 0.7334787609375 0.939453125 0.725023675 0.9384765625 0.7229099031249999 0.9111328125 0.718682359375 0.908203125 0.7292512171875 0.90625 0.77575419375 0.9091796875 0.782095509375 0.9326171875 0.782095509375 0.935546875 0.77575419375
0 0.078125 0.31917951875 0.158203125 0.9406283828124999 0.162109375 0.9617660984375 0.1669921875 0.9681074140625 0.2021484375 0.9596523265625001 0.2080078125 0.9554247828125 0.21875 0.9364008390624999 0.220703125 0.9110355796875 0.220703125 0.8814427765625 0.123046875 0.1627604171875 0.1142578125 0.1310538421875 0.0732421875 0.139508928125 0.0703125 0.14585024375 0.0703125 0.21771847968750002 0.07421875 0.281131628125 0.078125 0.31917951875
0 0.21875 0.9659936421875001 0.2216796875 0.9723349562499999 0.2255859375 0.9723349562499999 0.232421875 0.9659936421875001 0.234375 0.12471252656250001 0.2314453125 0.1183712125 0.2216796875 0.11414366875 0.1845703125 0.109916125 0.1396484375 0.109916125 0.1259765625 0.11414366875 0.1201171875 0.1183712125 0.115234375 0.12894007031250002 0.115234375 0.1331676140625 0.205078125 0.8687601468749999 0.21875 0.9659936421875001
0 0.240234375 0.9617660984375 0.2451171875 0.9723349562499999 0.2587890625 0.9723349562499999 0.2822265625 0.9596523265625001 0.287109375 0.9490834687499999 0.287109375 0.9321732953125 0.203125 0.1965807625 0.1982421875 0.1860119046875 0.1865234375 0.1860119046875 0.1474609375 0.202922078125 0.14453125 0.2092633921875 0.146484375 0.24308373906249997 0.2109375 0.7546164765625 0.240234375 0.9617660984375
0 0.29296875 0.9659936421875001 0.2978515625 0.9765625 0.3095703125 0.9765625 0.3232421875 0.9723349562499999 0.3388671875 0.9638798703125 0.345703125 0.9533110125 0.34765625 0.944855925 0.34765625 0.9364008390624999 0.283203125 0.1585328734375 0.2783203125 0.147964015625 0.2705078125 0.139508928125 0.2587890625 0.139508928125 0.2041015625 0.1521915578125 0.203125 0.1543053296875 0.203125 0.1923532203125 0.287109375 0.9364008390624999 0.29296875 0.9659936421875001
0 0.3603515625 0.9765625 0.3798828125 0.9765625 0.3916015625 0.9681074140625 0.396484375 0.9575385546874999 0.396484375 0.9490834687499999 0.32421875 0.1838981328125 0.3232421875 0.1817843609375 0.3154296875 0.1817843609375 0.2861328125 0.1902394484375 0.2744140625 0.198694534375 0.271484375 0.20503585000000002 0.271484375 0.21771847968750002 0.357421875 0.9702211843749999 0.3603515625 0.9765625
0 0.3828125 0.77152665 0.40625 0.9617660984375 0.4111328125 0.9765625 0.4228515625 0.9765625 0.4306640625 0.9723349562499999 0.4365234375 0.9681074140625 0.439453125 0.9575385546874999 0.4375 0.9321732953125 0.3671875 0.1881256765625 0.3642578125 0.1860119046875 0.3291015625 0.198694534375 0.3251953125 0.202922078125 0.32421875 0.20503585000000002 0.32421875 0.2219460234375 0.330078125 0.281131628125 0.3828125 0.77152665
0 0.443359375 0.9533110125 0.4453125 0.9659936421875001 0.4501953125 0.9765625 0.4658203125 0.9765625 0.4736328125 0.9681074140625 0.478515625 0.9575385546874999 0.478515625 0.9279457515624999 0.412109375 0.2092633921875 0.4091796875 0.198694534375 0.3701171875 0.20714962187500002 0.3671875 0.2134909359375 0.3671875 0.23040110937499997 0.4296875 0.8349398000000001 0.443359375 0.9533110125
0 0.484375 0.9575385546874999 0.4892578125 0.9681074140625 0.5009765625 0.9723349562499999 0.5146484375 0.9723349562499999 0.5244140625 0.9681074140625 0.5283203125 0.9638798703125 0.53125 0.9575385546874999 0.533203125 0.9406283828124999 0.533203125 0.750388934375 0.52734375 0.21771847968750002 0.525390625 0.20503585000000002 0.5224609375 0.198694534375 0.4697265625 0.202922078125 0.46875 0.20503585000000002 0.46875 0.251538825 0.47265625 0.4671435328125 0.484375 0.9575385546874999
0 0.53515625 0.9575385546874999 0.5419921875 0.9681074140625 0.5634765625 0.9681074140625 0.5771484375 0.9596523265625001 0.58203125 0.9533110125 0.5859375 0.72079613125 0.587890625 0.40373038437500003 0.587890625 0.1543053296875 0.5869140625 0.1521915578125 0.5048828125 0.1521915578125 0.50390625 0.1543053296875 0.50390625 0.1796705890625 0.533203125 0.944855925 0.53515625 0.9575385546874999
0 0.6123046875 0.9681074140625 0.6240234375 0.9638798703125 0.6318359375 0.9554247828125 0.634765625 0.9406283828124999 0.6484375 0.21771847968750002 0.6484375 0.1627604171875 0.6435546875 0.1521915578125 0.5986328125 0.1521915578125 0.5927734375 0.1564191015625 0.58984375 0.1627604171875 0.587890625 0.171215503125 0.5859375 0.1923532203125 0.583984375 0.9533110125 0.5869140625 0.9638798703125 0.5966796875 0.9681074140625 0.6123046875 0.9681074140625
0 0.6455078125 0.9638798703125 0.6591796875 0.9681074140625 0.6728515625 0.9681074140625 0.6787109375 0.9638798703125 0.68359375 0.9490834687499999 0.70703125 0.20503585000000002 0.70703125 0.166987959375 0.7001953125 0.1564191015625 0.6533203125 0.1564191015625 0.6484375 0.1627604171875 0.634765625 0.915263121875 0.63671875 0.944855925 0.6416015625 0.9596523265625001 0.6455078125 0.9638798703125
0 0.6962890625 0.9681074140625 0.7099609375 0.9765625 0.7255859375 0.9765625 0.7353515625 0.9681074140625 0.73828125 0.9617660984375 0.740234375 0.9490834687499999 0.7421875 0.9194906656249999 0.76953125 0.166987959375 0.7685546875 0.1648741890625 0.7314453125 0.1606466453125 0.7099609375 0.1606466453125 0.70703125 0.166987959375 0.6875 0.864532603125 0.6875 0.9490834687499999 0.689453125 0.9575385546874999 0.6962890625 0.9681074140625
0 0.7783203125 0.9765625 0.7861328125 0.9681074140625 0.791015625 0.9533110125 0.826171875 0.175443046875 0.8212890625 0.1606466453125 0.8095703125 0.1521915578125 0.7939453125 0.1521915578125 0.7724609375 0.16910173125 0.76953125 0.175443046875 0.755859375 0.5305566828125 0.7421875 0.9533110125 0.744140625 0.9617660984375 0.7529296875 0.9765625 0.7783203125 0.9765625
0 0.8056640625 0.9765625 0.8173828125 0.9807900437500001 0.8271484375 0.9807900437500001 0.8408203125 0.9723349562499999 0.84375 0.9659936421875001 0.845703125 0.9533110125 0.880859375 0.251538825 0.8828125 0.2092633921875 0.8828125 0.175443046875 0.8818359375 0.173329275 0.8740234375 0.16910173125 0.8291015625 0.16910173125 0.82421875 0.1838981328125 0.822265625 0.20503585000000002 0.796875 0.8138020828125001 0.79296875 0.9194906656249999 0.79296875 0.9533110125 0.7998046875 0.9723349562499999 0.8056640625 0.9765625
0 0.8505859375 0.9723349562499999 0.8720703125 0.9765625 0.8818359375 0.9765625 0.8896484375 0.9638798703125 0.892578125 0.9533110125 0.935546875 0.1838981328125 0.935546875 0.1796705890625 0.9326171875 0.16910173125 0.8857421875 0.16910173125 0.8828125 0.175443046875 0.845703125 0.9194906656249999 0.845703125 0.9575385546874999 0.84765625 0.9659936421875001 0.8505859375 0.9723349562499999
0 0.9033203125 0.9596523265625001 0.9150390625 0.9596523265625001 0.9228515625 0.9554247828125 0.9296875 0.944855925 0.9765625 0.25999391250000004 0.98046875 0.20080830624999998 0.98046875 0.1838981328125 0.9775390625 0.17755681875 0.9638671875 0.173329275 0.9365234375 0.17755681875 0.935546875 0.1796705890625 0.927734375 0.28535917187500004 0.892578125 0.9194906656249999 0.892578125 0.9490834687499999 0.8955078125 0.9554247828125 0.9033203125 0.9596523265625001
0 1 0.1838981328125 0.9990234375 0.1817843609375 0.9853515625 0.1817843609375 0.982421875 0.1881256765625 0.98046875 0.2092633921875 0.93359375 0.923718209375 0.93359375 0.9406283828124999 0.9384765625 0.9511972406250001 0.9541015625 0.9638798703125 0.9775390625 0.9638798703125 0.984375 0.9575385546874999 0.986328125 0.9490834687499999 1 0.77575419375 1 0.1838981328125