1 0.1083984375 0.6806344703125 0.1259765625 0.6764069265625 0.1328125 0.6658380687500001 0.130859375 0.6066524624999999 0.1298828125 0.604538690625 0.1025390625 0.608766234375 0.1015625 0.6108800046875 0.1015625 0.6362452656250001 0.103515625 0.6700656109375001 0.1083984375 0.6806344703125
1 0.1435546875 0.6468141234375 0.1552734375 0.6468141234375 0.1650390625 0.6425865796875 0.16796875 0.6362452656250001 0.166015625 0.581287203125 0.1650390625 0.57917343125 0.1318359375 0.57917343125 0.130859375 0.581287203125 0.130859375 0.6235626359374999 0.1337890625 0.6425865796875 0.1435546875 0.6468141234375
1 0.1982421875 0.663724296875 0.201171875 0.6573829812499999 0.201171875 0.598197375 0.2001953125 0.5960836031250001 0.1689453125 0.5960836031250001 0.16796875 0.598197375 0.16796875 0.6573829812499999 0.1708984375 0.663724296875 0.1982421875 0.663724296875
1 0.2666015625 0.663724296875 0.2744140625 0.659496753125 0.27734375 0.6531554390625 0.27734375 0.6024249187499999 0.2744140625 0.5960836031250001 0.2080078125 0.5960836031250001 0.20703125 0.598197375 0.20703125 0.6573829812499999 0.2119140625 0.663724296875 0.2666015625 0.663724296875
1 0.2939453125 0.6721793828125 0.3369140625 0.6721793828125 0.3505859375 0.6679518390625 0.353515625 0.6616105250000001 0.353515625 0.6108800046875 0.3505859375 0.604538690625 0.2919921875 0.6129937765625 0.291015625 0.6151075484375 0.291015625 0.6320177218749999 0.29296875 0.6700656109375001 0.2939453125 0.6721793828125
1 0.3603515625 0.655269209375 0.3740234375 0.659496753125 0.3876953125 0.655269209375 0.388671875 0.6531554390625 0.388671875 0.5939698328125 0.3876953125 0.5918560609375 0.3564453125 0.5918560609375 0.35546875 0.5939698328125 0.35546875 0.6362452656250001 0.357421875 0.6489278953125 0.3603515625 0.655269209375
1 0.4365234375 0.6721793828125 0.44921875 0.6658380687500001 0.44921875 0.6108800046875 0.4462890625 0.604538690625 0.3896484375 0.608766234375 0.388671875 0.6108800046875 0.388671875 0.6658380687500001 0.3916015625 0.6721793828125 0.4365234375 0.6721793828125
1 0.4677734375 0.659496753125 0.470703125 0.6531554390625 0.470703125 0.598197375 0.4638671875 0.5918560609375 0.4521484375 0.5918560609375 0.44921875 0.598197375 0.44921875 0.6573829812499999 0.4501953125 0.659496753125 0.4677734375 0.659496753125
1 0.4833984375 0.655269209375 0.4912109375 0.6510416671875 0.4921875 0.6489278953125 0.4921875 0.5897422890625 0.4912109375 0.5876285171875 0.4716796875 0.5876285171875 0.470703125 0.5897422890625 0.470703125 0.6489278953125 0.4775390625 0.655269209375 0.4833984375 0.655269209375
1 0.5224609375 0.655269209375 0.5234375 0.6531554390625 0.525390625 0.598197375 0.5224609375 0.5918560609375 0.4951171875 0.5918560609375 0.494140625 0.5939698328125 0.494140625 0.6531554390625 0.4951171875 0.655269209375 0.5224609375 0.655269209375
1 0.5595703125 0.6468141234375 0.564453125 0.6362452656250001 0.564453125 0.5855147453125 0.5634765625 0.5834009734375 0.5263671875 0.5834009734375 0.525390625 0.5855147453125 0.525390625 0.6447003515625 0.5263671875 0.6468141234375 0.5595703125 0.6468141234375
1 0.5830078125 0.6468141234375 0.6005859375 0.6468141234375 0.611328125 0.6404728078125 0.611328125 0.581287203125 0.6103515625 0.57917343125 0.5654296875 0.57917343125 0.564453125 0.581287203125 0.564453125 0.6404728078125 0.5654296875 0.6425865796875 0.5830078125 0.6468141234375
1 0.6494140625 0.6425865796875 0.65234375 0.6362452656250001 0.65234375 0.581287203125 0.6513671875 0.57917343125 0.6123046875 0.57917343125 0.611328125 0.581287203125 0.611328125 0.6362452656250001 0.6142578125 0.6425865796875 0.6494140625 0.6425865796875
1 0.6923828125 0.6425865796875 0.6953125 0.6362452656250001 0.697265625 0.5939698328125 0.697265625 0.581287203125 0.6962890625 0.57917343125 0.6552734375 0.57917343125 0.654296875 0.581287203125 0.654296875 0.6404728078125 0.6552734375 0.6425865796875 0.6923828125 0.6425865796875
1 0.7412109375 0.6383590375 0.7421875 0.6362452656250001 0.744140625 0.6277901781249999 0.744140625 0.5770596593749999 0.7431640625 0.5749458875 0.6982421875 0.5749458875 0.697265625 0.5770596593749999 0.697265625 0.6362452656250001 0.6982421875 0.6383590375 0.7412109375 0.6383590375
1 0.7548828125 0.6383590375 0.7783203125 0.6383590375 0.7841796875 0.63413149375 0.787109375 0.6277901781249999 0.787109375 0.572832115625 0.7861328125 0.5707183437500001 0.7509765625 0.5707183437500001 0.748046875 0.5770596593749999 0.74609375 0.5939698328125 0.74609375 0.6277901781249999 0.7490234375 0.63413149375 0.7548828125 0.6383590375
1 0.8212890625 0.62567640625 0.82421875 0.6193350921875 0.826171875 0.5897422890625 0.826171875 0.5643770296875 0.8232421875 0.5580357140625 0.7900390625 0.5622632578125 0.7890625 0.5643770296875 0.7890625 0.6235626359374999 0.7900390625 0.62567640625 0.8212890625 0.62567640625
1 0.8291015625 0.62990395 0.8525390625 0.62990395 0.8603515625 0.62567640625 0.86328125 0.6193350921875 0.865234375 0.5770596593749999 0.865234375 0.5643770296875 0.8642578125 0.5622632578125 0.8271484375 0.5664908015625 0.826171875 0.568604571875 0.82421875 0.6024249187499999 0.82421875 0.6235626359374999 0.8251953125 0.62567640625 0.8291015625 0.62990395
1 0.91015625 0.6235626359374999 0.912109375 0.572832115625 0.9091796875 0.5664908015625 0.8759765625 0.5664908015625 0.873046875 0.572832115625 0.87109375 0.6235626359374999 0.8759765625 0.63413149375 0.9033203125 0.63413149375 0.91015625 0.6235626359374999
1 0.9306640625 0.62567640625 0.9482421875 0.62567640625 0.95703125 0.6193350921875 0.9609375 0.5643770296875 0.9609375 0.5601494859375 0.9580078125 0.5538081703125 0.9189453125 0.5580357140625 0.91796875 0.5601494859375 0.916015625 0.581287203125 0.916015625 0.6193350921875 0.9169921875 0.6214488640625 0.9306640625 0.62567640625
1 0.9833984375 0.63413149375 0.986328125 0.6235626359374999 0.986328125 0.572832115625 0.9853515625 0.5707183437500001 0.9677734375 0.5707183437500001 0.96484375 0.5770596593749999 0.962890625 0.6320177218749999 0.9658203125 0.6383590375 0.9775390625 0.6383590375 0.9833984375 0.63413149375
0 0.111328125 0.8560775156249999 0.11328125 0.864532603125 0.1181640625 0.8708739171875 0.1337890625 0.8708739171875 0.138671875 0.860305059375 0.140625 0.8476224296874999 0.111328125 0.107802353125 0.109375 0.0866646375 0.1064453125 0.08032332187499999 0.0791015625 0.08032332187499999 0.078125 0.08243709375 0.078125 0.107802353125 0.083984375 0.251538825 0.111328125 0.8560775156249999
0 0.140625 0.8476224296874999 0.1455078125 0.8581912875000001 0.1669921875 0.86241883125 0.1708984375 0.8581912875000001 0.173828125 0.8476224296874999 0.173828125 0.8180296265625 0.150390625 0.0739820078125 0.1474609375 0.06764069218749999 0.1142578125 0.06764069218749999 0.111328125 0.0739820078125 0.111328125 0.12894007031250002 0.138671875 0.8264847124999999 0.140625 0.8476224296874999
0 0.1767578125 0.866646375 0.2001953125 0.866646375 0.20703125 0.8560775156249999 0.20703125 0.83071225625 0.197265625 0.462915990625 0.185546875 0.0866646375 0.1826171875 0.08032332187499999 0.1513671875 0.08032332187499999 0.1484375 0.0866646375 0.1484375 0.10357481093750001 0.173828125 0.860305059375 0.1767578125 0.866646375
0 0.2060546875 0.5834009734375 0.2763671875 0.5834009734375 0.283203125 0.572832115625 0.283203125 0.5601494859375 0.2734375 0.0866646375 0.271484375 0.0697544640625 0.2685546875 0.06341315 0.2490234375 0.05918560625 0.1884765625 0.05918560625 0.185546875 0.0655269203125 0.185546875 0.12471252656250001 0.201171875 0.5770596593749999 0.2060546875 0.5834009734375
0 0.2744140625 0 0.2734375 0.002113771875 0.271484375 0.0147964015625 0.2890625 0.8349398000000001 0.2919921875 0.8455086578125 0.2998046875 0.8497362015625001 0.3486328125 0.8497362015625001 0.35546875 0.83916734375 0.36328125 0.07820955156250001 0.36328125 0.052844290625 0.361328125 0.019023945312500002 0.3583984375 0.008455085937499999 0.3466796875 0 0.2744140625 0
0 0.3603515625 0.8412811140625 0.3837890625 0.8412811140625 0.388671875 0.8349398000000001 0.388671875 0.522101596875 0.384765625 0.0951197234375 0.3837890625 0.093005953125 0.3525390625 0.093005953125 0.349609375 0.0993472671875 0.349609375 0.28535917187500004 0.35546875 0.83071225625 0.3603515625 0.8412811140625
0 0.3896484375 0 0.38671875 0.0147964015625 0.384765625 0.0443892046875 0.384765625 0.11625744062500001 0.388671875 0.8349398000000001 0.3916015625 0.8455086578125 0.4384765625 0.8455086578125 0.4443359375 0.8412811140625 0.447265625 0.8349398000000001 0.44921875 0.7292512171875 0.44921875 0.0147964015625 0.4462890625 0 0.3896484375 0
0 0.46875 0.83916734375 0.470703125 0.77152665 0.470703125 0.08243709375 0.4677734375 0.0718682359375 0.4501953125 0.0718682359375 0.44921875 0.0739820078125 0.447265625 0.8349398000000001 0.4501953125 0.8455086578125 0.4658203125 0.8455086578125 0.46875 0.83916734375
0 0.4892578125 0.8455086578125 0.4921875 0.83916734375 0.49609375 0.08243709375 0.4931640625 0.0718682359375 0.4755859375 0.06764069218749999 0.470703125 0.0739820078125 0.46875 0.83916734375 0.4716796875 0.8455086578125 0.4794921875 0.8497362015625001 0.4892578125 0.8455086578125
0 0.521484375 0.83916734375 0.5234375 0.8222571703125 0.525390625 0.6489278953125 0.52734375 0.10357481093750001 0.5244140625 0.0972334953125 0.5146484375 0.093005953125 0.5029296875 0.093005953125 0.4970703125 0.0972334953125 0.494140625 0.112029896875 0.4921875 0.83916734375 0.4951171875 0.8455086578125 0.5166015625 0.8455086578125 0.521484375 0.83916734375
0 0.5498046875 0.8412811140625 0.5576171875 0.8370535718750001 0.5625 0.8264847124999999 0.56640625 0.1796705890625 0.5615234375 0.173329275 0.5302734375 0.17755681875 0.52734375 0.1838981328125 0.525390625 0.378365125 0.5234375 0.8264847124999999 0.525390625 0.8349398000000001 0.5302734375 0.8412811140625 0.5498046875 0.8412811140625
0 0.5771484375 0.8412811140625 0.6005859375 0.8412811140625 0.60546875 0.8349398000000001 0.609375 0.8138020828125001 0.61328125 0.5432393125 0.615234375 0.28535917187500004 0.615234375 0.1838981328125 0.6123046875 0.173329275 0.5693359375 0.173329275 0.56640625 0.1838981328125 0.564453125 0.39950284062499997 0.5625 0.7968919109375 0.564453125 0.83071225625 0.5693359375 0.8370535718750001 0.5771484375 0.8412811140625
0 0.6416015625 0.8370535718750001 0.6455078125 0.832826028125 0.6484375 0.8222571703125 0.650390625 0.77152665 0.65625 0.3022693453125 0.65625 0.171215503125 0.6533203125 0.1648741890625 0.6220703125 0.1648741890625 0.615234375 0.175443046875 0.61328125 0.3572274078125 0.609375 0.8222571703125 0.611328125 0.83071225625 0.6162109375 0.8370535718750001 0.6416015625 0.8370535718750001
0 0.6787109375 0.8370535718750001 0.6865234375 0.832826028125 0.69140625 0.8222571703125 0.693359375 0.7884368234375 0.697265625 0.598197375 0.703125 0.1923532203125 0.703125 0.12048498437499999 0.7001953125 0.11414366875 0.6923828125 0.1056885828125 0.6689453125 0.1056885828125 0.6591796875 0.109916125 0.65625 0.12048498437499999 0.65234375 0.4798261640625 0.650390625 0.8222571703125 0.6552734375 0.832826028125 0.6650390625 0.8370535718750001 0.6787109375 0.8370535718750001
0 0.744140625 0.568604571875 0.74609375 0.517874053125 0.751953125 0.28535917187500004 0.75390625 0.12471252656250001 0.7509765625 0.11414366875 0.7080078125 0.11414366875 0.703125 0.12894007031250002 0.69921875 0.3572274078125 0.697265625 0.568604571875 0.7001953125 0.5749458875 0.7412109375 0.5749458875 0.744140625 0.568604571875
0 0.7724609375 0.8370535718750001 0.7763671875 0.832826028125 0.78125 0.8180296265625 0.783203125 0.7799817375 0.796875 0.23040110937499997 0.796875 0.1543053296875 0.7958984375 0.1521915578125 0.7666015625 0.147964015625 0.7568359375 0.1521915578125 0.75390625 0.1585328734375 0.74609375 0.4460058171875 0.73828125 0.8138020828125001 0.7431640625 0.828598484375 0.7548828125 0.8370535718750001 0.7724609375 0.8370535718750001
0 0.8095703125 0.8201433984375001 0.818359375 0.8053469968750001 0.822265625 0.7546164765625 0.8359375 0.175443046875 0.8359375 0.1500777875 0.8349609375 0.147964015625 0.7998046875 0.147964015625 0.796875 0.1543053296875 0.787109375 0.5263291390625 0.783203125 0.7038859578125 0.783203125 0.8138020828125001 0.7861328125 0.8201433984375001 0.8095703125 0.8201433984375001
0 0.8369140625 0.8201433984375001 0.8466796875 0.8201433984375001 0.8544921875 0.8159158546875 0.857421875 0.809574540625 0.859375 0.7926643671875 0.876953125 0.21771847968750002 0.876953125 0.1627604171875 0.8740234375 0.1564191015625 0.8408203125 0.1564191015625 0.8359375 0.166987959375 0.830078125 0.34877232187499996 0.8203125 0.7630715640625 0.8203125 0.8053469968750001 0.8251953125 0.8159158546875 0.8369140625 0.8201433984375001
0 0.8779296875 0.828598484375 0.8935546875 0.828598484375 0.8994140625 0.8243709421875 0.904296875 0.809574540625 0.90625 0.7630715640625 0.923828125 0.251538825 0.92578125 0.171215503125 0.9228515625 0.1648741890625 0.8818359375 0.1648741890625 0.87890625 0.171215503125 0.875 0.24308373906249997 0.86328125 0.6151075484375 0.859375 0.801119453125 0.861328125 0.809574540625 0.8701171875 0.8243709421875 0.8779296875 0.828598484375
0 0.9150390625 0.828598484375 0.9404296875 0.828598484375 0.9443359375 0.8243709421875 0.94921875 0.8138020828125001 0.951171875 0.7926643671875 0.958984375 0.6108800046875 0.974609375 0.1796705890625 0.974609375 0.1627604171875 0.9716796875 0.1521915578125 0.9306640625 0.1521915578125 0.92578125 0.1627604171875 0.912109375 0.5263291390625 0.904296875 0.7799817375 0.904296875 0.809574540625 0.9091796875 0.8243709421875 0.9150390625 0.828598484375
0 1 0.10357481093750001 0.9990234375 0.1014610390625 0.9462890625 0.1014610390625 0.8955078125 0.109916125 0.873046875 0.12048498437499999 0.86328125 0.14585024375 0.94921875 0.8053469968750001 0.9521484375 0.8201433984375001 0.9580078125 0.8243709421875 0.9677734375 0.8243709421875 0.9736328125 0.8201433984375001 0.978515625 0.809574540625 0.98046875 0.7672991078125 1 0.31072443125000004 1 0.10357481093750001