1 0.0439453125 0.739820075 0.046875 0.7334787609375 0.048828125 0.7081135015625 0.048828125 0.6785206984375 0.0458984375 0.6721793828125 0.0302734375 0.6679518390625 0.02734375 0.6785206984375 0.025390625 0.7081135015625 0.025390625 0.7419338468750001 0.0263671875 0.74404761875 0.0439453125 0.739820075
1 0.0751953125 0.739820075 0.078125 0.7292512171875 0.078125 0.682748240625 0.0771484375 0.6806344703125 0.0634765625 0.6764069265625 0.0517578125 0.6764069265625 0.05078125 0.6785206984375 0.048828125 0.7038859578125 0.048828125 0.7377063046875 0.0498046875 0.739820075 0.0751953125 0.739820075
1 0.099609375 0.7546164765625 0.1015625 0.7038859578125 0.0986328125 0.6975446421875 0.0810546875 0.6975446421875 0.078125 0.71234104375 0.076171875 0.7546164765625 0.0791015625 0.7609577921875 0.0966796875 0.7609577921875 0.099609375 0.7546164765625
1 0.130859375 0.7588440203125 0.1328125 0.7334787609375 0.1328125 0.7038859578125 0.1318359375 0.7017721859375 0.1044921875 0.6975446421875 0.1015625 0.7038859578125 0.099609375 0.7165685875000001 0.09765625 0.7546164765625 0.1005859375 0.7609577921875 0.1298828125 0.7609577921875 0.130859375 0.7588440203125
1 0.1474609375 0.739820075 0.150390625 0.7334787609375 0.15234375 0.6869757843750001 0.1494140625 0.6806344703125 0.1357421875 0.6806344703125 0.134765625 0.682748240625 0.1328125 0.7081135015625 0.1328125 0.7377063046875 0.1337890625 0.739820075 0.1474609375 0.739820075
1 0.17578125 0.746161390625 0.177734375 0.6996584140625 0.1748046875 0.6933171 0.1552734375 0.68908955625 0.1533203125 0.68908955625 0.150390625 0.6996584140625 0.1484375 0.750388934375 0.1513671875 0.7567302484375 0.1728515625 0.7567302484375 0.17578125 0.746161390625
1 0.1962890625 0.75250270625 0.197265625 0.750388934375 0.19921875 0.71234104375 0.19921875 0.6912033281250001 0.1982421875 0.68908955625 0.1845703125 0.6848620125 0.1806640625 0.6848620125 0.177734375 0.6912033281250001 0.17578125 0.71234104375 0.17578125 0.750388934375 0.1767578125 0.75250270625 0.1962890625 0.75250270625
1 0.244140625 0.7672991078125 0.248046875 0.725023675 0.248046875 0.7165685875000001 0.2451171875 0.7102272734375 0.2216796875 0.7017721859375 0.2099609375 0.7017721859375 0.20703125 0.7081135015625 0.205078125 0.7630715640625 0.2080078125 0.769412878125 0.2412109375 0.7736404218749999 0.244140625 0.7672991078125
1 0.2685546875 0.75250270625 0.2783203125 0.75250270625 0.279296875 0.750388934375 0.28125 0.7419338468750001 0.28125 0.6912033281250001 0.2802734375 0.68908955625 0.2509765625 0.68908955625 0.25 0.6912033281250001 0.248046875 0.7081135015625 0.248046875 0.746161390625 0.2490234375 0.7482751624999999 0.2685546875 0.75250270625
1 0.33984375 0.7630715640625 0.341796875 0.725023675 0.341796875 0.71234104375 0.3408203125 0.7102272734375 0.3330078125 0.7059997296875 0.2841796875 0.7017721859375 0.28125 0.71234104375 0.279296875 0.7588440203125 0.2822265625 0.7651853359375 0.3369140625 0.7736404218749999 0.33984375 0.7630715640625
1 0.4638671875 0.7609577921875 0.466796875 0.7377063046875 0.46875 0.7038859578125 0.4658203125 0.6975446421875 0.4501953125 0.6975446421875 0.4404296875 0.7017721859375 0.439453125 0.7038859578125 0.439453125 0.7588440203125 0.4404296875 0.7609577921875 0.4638671875 0.7609577921875
1 0.5185546875 0.769412878125 0.5498046875 0.769412878125 0.552734375 0.7630715640625 0.552734375 0.7081135015625 0.5498046875 0.7017721859375 0.5439453125 0.6975446421875 0.5107421875 0.6975446421875 0.5078125 0.7038859578125 0.5078125 0.7630715640625 0.5087890625 0.7651853359375 0.5185546875 0.769412878125
1 0.6005859375 0.7567302484375 0.6015625 0.7546164765625 0.6015625 0.7038859578125 0.5986328125 0.6933171 0.5615234375 0.68908955625 0.560546875 0.6912033281250001 0.560546875 0.7588440203125 0.5615234375 0.7609577921875 0.6005859375 0.7567302484375
1 0.6240234375 0.7736404218749999 0.626953125 0.7672991078125 0.625 0.7038859578125 0.6240234375 0.7017721859375 0.6044921875 0.7017721859375 0.6015625 0.7081135015625 0.603515625 0.77152665 0.6044921875 0.7736404218749999 0.6240234375 0.7736404218749999
1 0.7021484375 0.7567302484375 0.703125 0.7546164765625 0.703125 0.7038859578125 0.7001953125 0.6848620125 0.6435546875 0.6848620125 0.642578125 0.6869757843750001 0.640625 0.7165685875000001 0.640625 0.750388934375 0.6435546875 0.7567302484375 0.7021484375 0.7567302484375
1 0.6357421875 0.782095509375 0.63671875 0.7799817375 0.63671875 0.7165685875000001 0.6357421875 0.714454815625 0.6259765625 0.714454815625 0.625 0.7165685875000001 0.625 0.77152665 0.6279296875 0.782095509375 0.6357421875 0.782095509375
1 0.7314453125 0.7778679656249999 0.732421875 0.77575419375 0.732421875 0.7081135015625 0.7294921875 0.7017721859375 0.7041015625 0.7017721859375 0.703125 0.7038859578125 0.703125 0.7672991078125 0.7060546875 0.7736404218749999 0.7314453125 0.7778679656249999
1 0.7939453125 0.7567302484375 0.8232421875 0.7567302484375 0.82421875 0.7546164765625 0.82421875 0.72079613125 0.822265625 0.6869757843750001 0.8212890625 0.6848620125 0.7939453125 0.6848620125 0.791015625 0.6912033281250001 0.791015625 0.7292512171875 0.79296875 0.7546164765625 0.7939453125 0.7567302484375
0 0.037109375 0.9194906656249999 0.044921875 0.801119453125 0.07421875 0.26422145625 0.07421875 0.23040110937499997 0.0732421875 0.2282873375 0.0556640625 0.2282873375 0.052734375 0.234628653125 0.05078125 0.25576636875 0.015625 0.8772152328124999 0.013671875 0.923718209375 0.0166015625 0.9300595234375001 0.0341796875 0.9300595234375001 0.037109375 0.9194906656249999
0 0.0595703125 0.9342870671875 0.064453125 0.9194906656249999 0.076171875 0.7377063046875 0.103515625 0.234628653125 0.0966796875 0.21983225156250003 0.0810546875 0.21983225156250003 0.0771484375 0.22405979375 0.07421875 0.234628653125 0.0390625 0.864532603125 0.037109375 0.9025804921875 0.037109375 0.9279457515624999 0.0400390625 0.9342870671875 0.0595703125 0.9342870671875
0 0.091796875 0.9068080359374999 0.099609375 0.77575419375 0.111328125 0.5559219421875 0.125 0.28535917187500004 0.125 0.24308373906249997 0.1240234375 0.2409699671875 0.1064453125 0.2409699671875 0.1015625 0.25576636875 0.072265625 0.801119453125 0.06640625 0.9279457515624999 0.0693359375 0.9342870671875 0.0888671875 0.9342870671875 0.091796875 0.9068080359374999
0 0.1162109375 0.9385146109375 0.12109375 0.9321732953125 0.21875 0.26422145625 0.220703125 0.23040110937499997 0.2158203125 0.21983225156250003 0.1533203125 0.1606466453125 0.1435546875 0.1606466453125 0.1318359375 0.1648741890625 0.12890625 0.175443046875 0.091796875 0.8729876890625 0.08984375 0.9279457515624999 0.0927734375 0.9342870671875 0.0986328125 0.9385146109375 0.1162109375 0.9385146109375
0 0.1357421875 0.9385146109375 0.138671875 0.9321732953125 0.216796875 0.28535917187500004 0.216796875 0.2769040859375 0.2138671875 0.2705627703125 0.1826171875 0.2409699671875 0.1630859375 0.236742425 0.158203125 0.2473112828125 0.154296875 0.3064968890625 0.123046875 0.8898978625 0.123046875 0.9364008390624999 0.1240234375 0.9385146109375 0.1357421875 0.9385146109375
0 0.1591796875 0.942742153125 0.1630859375 0.9385146109375 0.166015625 0.9279457515624999 0.216796875 0.314951975 0.216796875 0.29804180156250004 0.2060546875 0.28747294375 0.1982421875 0.2832454 0.1806640625 0.2832454 0.17578125 0.289586715625 0.169921875 0.3572274078125 0.1484375 0.7334787609375 0.138671875 0.9110355796875 0.138671875 0.9364008390624999 0.1416015625 0.942742153125 0.1591796875 0.942742153125
0 0.1845703125 0.942742153125 0.1875 0.9364008390624999 0.189453125 0.915263121875 0.1953125 0.8138020828125001 0.21484375 0.40373038437500003 0.216796875 0.3572274078125 0.216796875 0.344544778125 0.2158203125 0.34243100625 0.2099609375 0.3382034625 0.2001953125 0.34243100625 0.1953125 0.3529998640625 0.189453125 0.4417782734375 0.166015625 0.8983529484374999 0.166015625 0.9364008390624999 0.1689453125 0.942742153125 0.1845703125 0.942742153125
0 0.2353515625 0.946969696875 0.2392578125 0.942742153125 0.2421875 0.9321732953125 0.283203125 0.251538825 0.283203125 0.24308373906249997 0.2822265625 0.2409699671875 0.2451171875 0.202922078125 0.2333984375 0.202922078125 0.23046875 0.21771847968750002 0.20703125 0.682748240625 0.1953125 0.9406283828124999 0.2001953125 0.9511972406250001 0.2099609375 0.9554247828125 0.2353515625 0.946969696875
0 0.2724609375 0.946969696875 0.2734375 0.944855925 0.275390625 0.9110355796875 0.296875 0.3234070609375 0.298828125 0.25999391250000004 0.2958984375 0.25365259687499997 0.2783203125 0.25365259687499997 0.26953125 0.25999391250000004 0.267578125 0.281131628125 0.248046875 0.7081135015625 0.2421875 0.9068080359374999 0.2421875 0.9406283828124999 0.2451171875 0.946969696875 0.2724609375 0.946969696875
0 0.337890625 0.9490834687499999 0.36328125 0.4798261640625 0.369140625 0.171215503125 0.3603515625 0.1521915578125 0.3134765625 0.1564191015625 0.3056640625 0.1606466453125 0.302734375 0.166987959375 0.2890625 0.49250879375 0.2734375 0.9364008390624999 0.2763671875 0.946969696875 0.3310546875 0.9554247828125 0.337890625 0.9490834687499999
0 0.4619140625 0.9638798703125 0.4951171875 0.9638798703125 0.5 0.9490834687499999 0.501953125 0.6869757843750001 0.501953125 0.2388561953125 0.4990234375 0.23251488125000003 0.4638671875 0.23251488125000003 0.4443359375 0.236742425 0.44140625 0.2473112828125 0.439453125 0.26422145625 0.439453125 0.944855925 0.4423828125 0.9596523265625001 0.4619140625 0.9638798703125
0 0.5498046875 0.9681074140625 0.556640625 0.9575385546874999 0.5546875 0.2473112828125 0.55078125 0.23040110937499997 0.5458984375 0.22405979375 0.5068359375 0.23251488125000003 0.50390625 0.2388561953125 0.501953125 0.5939698328125 0.501953125 0.9617660984375 0.5048828125 0.9681074140625 0.5498046875 0.9681074140625
0 0.560546875 0.9659936421875001 0.5634765625 0.9723349562499999 0.5986328125 0.9723349562499999 0.6015625 0.9575385546874999 0.6015625 0.6996584140625 0.595703125 0.2134909359375 0.5888671875 0.202922078125 0.5673828125 0.202922078125 0.5595703125 0.20714962187500002 0.556640625 0.2134909359375 0.556640625 0.45023336093750005 0.55859375 0.83916734375 0.560546875 0.9659936421875001
0 0.603515625 0.9617660984375 0.6083984375 0.9765625 0.6259765625 0.9765625 0.626953125 0.974448728125 0.626953125 0.8138020828125001 0.619140625 0.21771847968750002 0.6162109375 0.2113771640625 0.6103515625 0.20714962187500002 0.5986328125 0.2156047078125 0.59765625 0.21771847968750002 0.59765625 0.395275296875 0.6015625 0.9025804921875 0.603515625 0.9617660984375
0 0.6298828125 0.9807900437500001 0.6376953125 0.9807900437500001 0.640625 0.974448728125 0.640625 0.9575385546874999 0.630859375 0.23040110937499997 0.62890625 0.1796705890625 0.6259765625 0.173329275 0.6220703125 0.173329275 0.619140625 0.1796705890625 0.619140625 0.251538825 0.626953125 0.9702211843749999 0.6298828125 0.9807900437500001
0 0.640625 0.978676271875 0.6455078125 0.9850175859375 0.7041015625 0.9850175859375 0.708984375 0.974448728125 0.6953125 0.1881256765625 0.693359375 0.1796705890625 0.6884765625 0.173329275 0.6357421875 0.17755681875 0.6318359375 0.1817843609375 0.62890625 0.1881256765625 0.62890625 0.20080830624999998 0.638671875 0.9490834687499999 0.640625 0.978676271875
0 0.73828125 0.974448728125 0.7431640625 0.9850175859375 0.7841796875 0.9892451296875 0.791015625 0.978676271875 0.791015625 0.9617660984375 0.775390625 0.171215503125 0.7724609375 0.1606466453125 0.7490234375 0.1606466453125 0.7314453125 0.1648741890625 0.7265625 0.171215503125 0.724609375 0.1796705890625 0.724609375 0.27267654218750004 0.736328125 0.9364008390624999 0.73828125 0.974448728125
0 0.70703125 0.9617660984375 0.708984375 0.978676271875 0.7119140625 0.9850175859375 0.7314453125 0.9892451296875 0.736328125 0.978676271875 0.736328125 0.9364008390624999 0.7265625 0.3022693453125 0.724609375 0.289586715625 0.7216796875 0.2832454 0.7001953125 0.2917004875 0.697265625 0.29804180156250004 0.697265625 0.3910477546875 0.703125 0.7968919109375 0.70703125 0.9617660984375
0 0.7998046875 0.9934726734374999 0.8232421875 0.9934726734374999 0.826171875 0.9871313578124999 0.826171875 0.89412540625 0.81640625 0.2473112828125 0.8125 0.0866646375 0.8115234375 0.084550865625 0.7880859375 0.084550865625 0.7841796875 0.088778409375 0.78125 0.0951197234375 0.775390625 0.12894007031250002 0.7734375 0.1500777875 0.791015625 0.944855925 0.79296875 0.9829038156250001 0.7998046875 0.9934726734374999
0 0.828125 0.9871313578124999 0.8310546875 0.9934726734374999 0.8427734375 0.9934726734374999 0.845703125 0.9871313578124999 0.845703125 0.9659936421875001 0.841796875 0.12894007031250002 0.8291015625 0.109916125 0.8173828125 0.109916125 0.814453125 0.11625744062500001 0.814453125 0.1416227 0.826171875 0.9617660984375 0.828125 0.9871313578124999