1 0.0146484375 0.6933171 0.0654296875 0.6806344703125 0.06640625 0.6785206984375 0.06640625 0.6447003515625 0.064453125 0.6277901781249999 0.0576171875 0.6172213203125 0.0341796875 0.6172213203125 0.0224609375 0.6214488640625 0.0107421875 0.62990395 0.009765625 0.6320177218749999 0.009765625 0.6658380687500001 0.01171875 0.6869757843750001 0.0146484375 0.6933171
1 0.0732421875 0.6933171 0.0810546875 0.6933171 0.1044921875 0.6848620125 0.10546875 0.682748240625 0.10546875 0.6658380687500001 0.103515625 0.6447003515625 0.1015625 0.6277901781249999 0.0986328125 0.6214488640625 0.0908203125 0.6214488640625 0.0693359375 0.62990395 0.068359375 0.6320177218749999 0.068359375 0.6573829812499999 0.0703125 0.6785206984375 0.0732421875 0.6933171
1 0.1103515625 0.7017721859375 0.1416015625 0.6975446421875 0.14453125 0.6912033281250001 0.140625 0.6447003515625 0.1376953125 0.63413149375 0.1279296875 0.62990395 0.1064453125 0.6383590375 0.103515625 0.6447003515625 0.103515625 0.6489278953125 0.107421875 0.695430871875 0.1103515625 0.7017721859375
1 0.1708984375 0.7059997296875 0.17578125 0.695430871875 0.17578125 0.6912033281250001 0.169921875 0.6404728078125 0.1689453125 0.6383590375 0.1572265625 0.6383590375 0.1513671875 0.6425865796875 0.1484375 0.6489278953125 0.154296875 0.7038859578125 0.1552734375 0.7059997296875 0.1708984375 0.7059997296875
1 0.1787109375 0.7102272734375 0.1826171875 0.7102272734375 0.2314453125 0.6848620125 0.234375 0.6785206984375 0.23046875 0.6277901781249999 0.2275390625 0.6214488640625 0.2216796875 0.6214488640625 0.2021484375 0.62990395 0.1748046875 0.6468141234375 0.171875 0.6531554390625 0.171875 0.6616105250000001 0.17578125 0.6996584140625 0.1787109375 0.7102272734375
1 0.23828125 0.7081135015625 0.2412109375 0.714454815625 0.2470703125 0.714454815625 0.2548828125 0.7102272734375 0.2685546875 0.7017721859375 0.2734375 0.695430871875 0.2666015625 0.6383590375 0.2607421875 0.6383590375 0.2353515625 0.655269209375 0.234375 0.6573829812499999 0.234375 0.6700656109375001 0.236328125 0.6912033281250001 0.23828125 0.7081135015625
1 0.2763671875 0.714454815625 0.2802734375 0.714454815625 0.3232421875 0.6933171 0.326171875 0.6869757843750001 0.326171875 0.6742931546875 0.322265625 0.6404728078125 0.3193359375 0.62567640625 0.3037109375 0.62990395 0.2724609375 0.6468141234375 0.26953125 0.6531554390625 0.26953125 0.6658380687500001 0.2734375 0.7038859578125 0.2763671875 0.714454815625
1 0.3330078125 0.714454815625 0.3740234375 0.6933171 0.376953125 0.6869757843750001 0.376953125 0.6700656109375001 0.375 0.6531554390625 0.3701171875 0.62990395 0.3623046875 0.62990395 0.3291015625 0.6468141234375 0.326171875 0.6531554390625 0.326171875 0.6700656109375001 0.330078125 0.7081135015625 0.3330078125 0.714454815625
1 0.3857421875 0.714454815625 0.3935546875 0.714454815625 0.4287109375 0.6975446421875 0.435546875 0.6912033281250001 0.435546875 0.6742931546875 0.431640625 0.6362452656250001 0.4287109375 0.62990395 0.4228515625 0.62990395 0.3798828125 0.6510416671875 0.37890625 0.6531554390625 0.37890625 0.6616105250000001 0.3828125 0.6996584140625 0.3857421875 0.714454815625
1 0.4462890625 0.718682359375 0.4716796875 0.7059997296875 0.474609375 0.6996584140625 0.474609375 0.6785206984375 0.4697265625 0.6383590375 0.4619140625 0.6383590375 0.4384765625 0.6510416671875 0.43359375 0.6616105250000001 0.439453125 0.71234104375 0.4423828125 0.718682359375 0.4462890625 0.718682359375
1 0.4814453125 0.7271374453125 0.5224609375 0.7102272734375 0.52734375 0.7038859578125 0.52734375 0.6869757843750001 0.5224609375 0.6425865796875 0.5107421875 0.6425865796875 0.4736328125 0.659496753125 0.47265625 0.6616105250000001 0.47265625 0.6700656109375001 0.4765625 0.71234104375 0.4814453125 0.7271374453125
1 0.5322265625 0.7271374453125 0.5400390625 0.7271374453125 0.5625 0.7165685875000001 0.5625 0.6912033281250001 0.5576171875 0.6510416671875 0.5517578125 0.6510416671875 0.5283203125 0.659496753125 0.525390625 0.6658380687500001 0.525390625 0.6785206984375 0.529296875 0.7165685875000001 0.5322265625 0.7271374453125
1 0.5712890625 0.7271374453125 0.6318359375 0.7059997296875 0.634765625 0.6996584140625 0.630859375 0.6531554390625 0.6279296875 0.6383590375 0.6162109375 0.6383590375 0.6025390625 0.6425865796875 0.5654296875 0.659496753125 0.564453125 0.6616105250000001 0.564453125 0.6785206984375 0.568359375 0.72079613125 0.5712890625 0.7271374453125
1 0.6865234375 0.739820075 0.7080078125 0.7482751624999999 0.7158203125 0.7482751624999999 0.71875 0.7419338468750001 0.720703125 0.7165685875000001 0.720703125 0.682748240625 0.7197265625 0.6806344703125 0.7021484375 0.6721793828125 0.6865234375 0.6679518390625 0.68359375 0.6869757843750001 0.681640625 0.71234104375 0.681640625 0.7334787609375 0.6826171875 0.7355925328125 0.6865234375 0.739820075
1 0.681640625 0.725023675 0.68359375 0.695430871875 0.68359375 0.6658380687500001 0.6806640625 0.659496753125 0.6728515625 0.659496753125 0.669921875 0.6869757843750001 0.66796875 0.72079613125 0.6748046875 0.7313649890625 0.6787109375 0.7313649890625 0.681640625 0.725023675
1 0.751953125 0.725023675 0.755859375 0.6658380687500001 0.7548828125 0.663724296875 0.7451171875 0.663724296875 0.7421875 0.6742931546875 0.740234375 0.695430871875 0.740234375 0.7292512171875 0.7490234375 0.7355925328125 0.751953125 0.725023675
1 0.7763671875 0.7355925328125 0.779296875 0.7292512171875 0.783203125 0.6869757843750001 0.783203125 0.6658380687500001 0.7822265625 0.663724296875 0.7666015625 0.659496753125 0.7587890625 0.659496753125 0.755859375 0.6700656109375001 0.75390625 0.6912033281250001 0.751953125 0.725023675 0.7548828125 0.7313649890625 0.7646484375 0.7355925328125 0.7763671875 0.7355925328125
1 0.7939453125 0.739820075 0.796875 0.7292512171875 0.80078125 0.682748240625 0.80078125 0.6658380687500001 0.7998046875 0.663724296875 0.7861328125 0.659496753125 0.783203125 0.6700656109375001 0.779296875 0.7165685875000001 0.779296875 0.7292512171875 0.7822265625 0.7355925328125 0.7939453125 0.739820075
1 0.8212890625 0.7355925328125 0.822265625 0.7334787609375 0.826171875 0.6742931546875 0.8232421875 0.6679518390625 0.8154296875 0.663724296875 0.8037109375 0.663724296875 0.80078125 0.6700656109375001 0.798828125 0.6912033281250001 0.796875 0.725023675 0.7998046875 0.7313649890625 0.8134765625 0.7355925328125 0.8212890625 0.7355925328125
1 0.8310546875 0.7271374453125 0.8564453125 0.7355925328125 0.8623046875 0.7355925328125 0.86328125 0.7334787609375 0.865234375 0.725023675 0.8671875 0.6869757843750001 0.8671875 0.6742931546875 0.8642578125 0.6679518390625 0.8466796875 0.659496753125 0.8310546875 0.659496753125 0.828125 0.6742931546875 0.826171875 0.7081135015625 0.826171875 0.72079613125 0.8271484375 0.7229099031249999 0.8310546875 0.7271374453125
1 0.9169921875 0.74404761875 0.919921875 0.7334787609375 0.921875 0.6700656109375001 0.9130859375 0.663724296875 0.8876953125 0.663724296875 0.88671875 0.6658380687500001 0.884765625 0.6912033281250001 0.884765625 0.7292512171875 0.8896484375 0.7355925328125 0.9169921875 0.74404761875
0 0 0.45446090312500004 0.017578125 0.860305059375 0.01953125 0.8898978625 0.0244140625 0.9004667203125001 0.0263671875 0.9004667203125001 0.0634765625 0.8877840906250001 0.0751953125 0.8793290046875001 0.078125 0.8729876890625 0.08203125 0.83916734375 0.033203125 0.1965807625 0.03125 0.1881256765625 0.0263671875 0.1817843609375 0.0146484375 0.1817843609375 0.0009765625 0.1860119046875 0 0.1881256765625 0 0.45446090312500004
0 0.0888671875 0.896239178125 0.1044921875 0.896239178125 0.1142578125 0.892011634375 0.12109375 0.8814427765625 0.12109375 0.864532603125 0.076171875 0.1796705890625 0.0693359375 0.1648741890625 0.0478515625 0.1648741890625 0.0361328125 0.16910173125 0.033203125 0.175443046875 0.033203125 0.1965807625 0.0859375 0.8898978625 0.0888671875 0.896239178125
0 0.123046875 0.8898978625 0.1279296875 0.9004667203125001 0.1357421875 0.9004667203125001 0.1572265625 0.892011634375 0.16015625 0.8856703187500001 0.16015625 0.864532603125 0.158203125 0.83916734375 0.1015625 0.1965807625 0.0966796875 0.1860119046875 0.0927734375 0.1817843609375 0.0791015625 0.1817843609375 0.0712890625 0.1860119046875 0.068359375 0.1923532203125 0.068359375 0.21771847968750002 0.0703125 0.2473112828125 0.123046875 0.8898978625
0 0.1650390625 0.9004667203125001 0.1884765625 0.9004667203125001 0.193359375 0.89412540625 0.193359375 0.8814427765625 0.130859375 0.24308373906249997 0.126953125 0.21771847968750002 0.1220703125 0.20714962187500002 0.1162109375 0.202922078125 0.1025390625 0.202922078125 0.1015625 0.20503585000000002 0.1015625 0.2219460234375 0.162109375 0.89412540625 0.1650390625 0.9004667203125001
0 0.1953125 0.89412540625 0.2001953125 0.9046942640625 0.2080078125 0.9046942640625 0.2490234375 0.883556546875 0.251953125 0.8772152328124999 0.251953125 0.8476224296874999 0.201171875 0.23040110937499997 0.19921875 0.2219460234375 0.1923828125 0.20714962187500002 0.1865234375 0.198694534375 0.1806640625 0.194466990625 0.1669921875 0.194466990625 0.1357421875 0.20714962187500002 0.130859375 0.21771847968750002 0.130859375 0.24308373906249997 0.1640625 0.5897422890625 0.1953125 0.89412540625
0 0.2578125 0.8983529484374999 0.2607421875 0.9046942640625 0.2744140625 0.9046942640625 0.2880859375 0.896239178125 0.29296875 0.8814427765625 0.232421875 0.293814259375 0.2265625 0.24308373906249997 0.2216796875 0.23251488125000003 0.2080078125 0.23251488125000003 0.2001953125 0.2409699671875 0.1953125 0.251538825 0.1953125 0.28535917187500004 0.25390625 0.864532603125 0.2578125 0.8983529484374999
0 0.294921875 0.915263121875 0.2998046875 0.92583198125 0.3408203125 0.9046942640625 0.345703125 0.89412540625 0.345703125 0.8772152328124999 0.326171875 0.6742931546875 0.275390625 0.1923532203125 0.2685546875 0.1817843609375 0.2646484375 0.1817843609375 0.2412109375 0.1860119046875 0.2314453125 0.1902394484375 0.2275390625 0.194466990625 0.224609375 0.20080830624999998 0.224609375 0.226173565625 0.2265625 0.2473112828125 0.294921875 0.915263121875
0 0.349609375 0.9025804921875 0.3544921875 0.91737689375 0.3681640625 0.91737689375 0.3837890625 0.9089218078125001 0.3896484375 0.9046942640625 0.396484375 0.8898978625 0.39453125 0.8518499734375 0.36328125 0.517874053125 0.330078125 0.1923532203125 0.3271484375 0.1860119046875 0.3017578125 0.1860119046875 0.2919921875 0.1902394484375 0.2822265625 0.198694534375 0.279296875 0.20503585000000002 0.279296875 0.2219460234375 0.341796875 0.8349398000000001 0.349609375 0.9025804921875
0 0.4052734375 0.92583198125 0.4169921875 0.92583198125 0.4482421875 0.91314935 0.4521484375 0.9089218078125001 0.45703125 0.8983529484374999 0.45703125 0.8856703187500001 0.412109375 0.42909564375000003 0.38671875 0.1881256765625 0.3818359375 0.173329275 0.3642578125 0.173329275 0.3369140625 0.1860119046875 0.33203125 0.1923532203125 0.330078125 0.20503585000000002 0.345703125 0.3825926671875 0.3984375 0.915263121875 0.4052734375 0.92583198125
0 0.435546875 0.682748240625 0.458984375 0.9068080359374999 0.4638671875 0.9216044374999999 0.4716796875 0.9216044374999999 0.4931640625 0.91314935 0.494140625 0.9110355796875 0.494140625 0.8856703187500001 0.42578125 0.1500777875 0.4208984375 0.1352813859375 0.4111328125 0.1352813859375 0.3876953125 0.147964015625 0.38671875 0.1500777875 0.38671875 0.171215503125 0.396484375 0.281131628125 0.435546875 0.682748240625
0 0.5205078125 0.9300595234375001 0.5341796875 0.92583198125 0.5439453125 0.91737689375 0.546875 0.9068080359374999 0.5234375 0.6447003515625 0.478515625 0.1838981328125 0.4736328125 0.16910173125 0.4580078125 0.16910173125 0.4365234375 0.17755681875 0.4296875 0.1881256765625 0.427734375 0.21771847968750002 0.49609375 0.915263121875 0.5009765625 0.9300595234375001 0.5205078125 0.9300595234375001
0 0.5517578125 0.9342870671875 0.5673828125 0.9342870671875 0.5771484375 0.9300595234375001 0.58203125 0.923718209375 0.58203125 0.8983529484374999 0.51171875 0.1543053296875 0.5087890625 0.147964015625 0.5009765625 0.147964015625 0.4833984375 0.1564191015625 0.478515625 0.166987959375 0.48046875 0.1923532203125 0.548828125 0.9279457515624999 0.5517578125 0.9342870671875
0 0.5859375 0.923718209375 0.5908203125 0.9342870671875 0.5966796875 0.9385146109375 0.6044921875 0.9385146109375 0.6396484375 0.92583198125 0.6455078125 0.9216044374999999 0.65234375 0.9110355796875 0.65234375 0.9025804921875 0.625 0.598197375 0.583984375 0.1838981328125 0.578125 0.13739515625 0.5771484375 0.1352813859375 0.5380859375 0.1352813859375 0.5224609375 0.139508928125 0.5185546875 0.143736471875 0.513671875 0.1543053296875 0.515625 0.2092633921875 0.583984375 0.915263121875 0.5859375 0.923718209375
0 0.6591796875 0.946969696875 0.6630859375 0.946969696875 0.66796875 0.9364008390624999 0.669921875 0.9110355796875 0.6796875 0.7672991078125 0.716796875 0.1627604171875 0.716796875 0.1500777875 0.7138671875 0.143736471875 0.7080078125 0.143736471875 0.705078125 0.1500777875 0.68359375 0.31917951875 0.671875 0.458688446875 0.6484375 0.7672991078125 0.6484375 0.8222571703125 0.654296875 0.9406283828124999 0.6591796875 0.946969696875
0 0.7060546875 0.9511972406250001 0.708984375 0.9406283828124999 0.712890625 0.8983529484374999 0.75390625 0.1838981328125 0.75390625 0.1585328734375 0.7490234375 0.147964015625 0.7197265625 0.147964015625 0.716796875 0.1543053296875 0.71484375 0.166987959375 0.671875 0.860305059375 0.669921875 0.9321732953125 0.6748046875 0.942742153125 0.6943359375 0.9511972406250001 0.7060546875 0.9511972406250001
0 0.7265625 0.9364008390624999 0.775390625 0.20080830624999998 0.775390625 0.1627604171875 0.7724609375 0.1564191015625 0.7646484375 0.1564191015625 0.76171875 0.1627604171875 0.759765625 0.171215503125 0.755859375 0.2092633921875 0.724609375 0.6447003515625 0.708984375 0.89412540625 0.70703125 0.944855925 0.7138671875 0.9554247828125 0.7236328125 0.9554247828125 0.7265625 0.9364008390624999
0 0.74609375 0.801119453125 0.748046875 0.7799817375 0.779296875 0.3656824953125 0.78515625 0.25999391250000004 0.78515625 0.25576636875 0.7802734375 0.24519751093750003 0.7763671875 0.24519751093750003 0.771484375 0.25576636875 0.76953125 0.27267654218750004 0.73828125 0.72079613125 0.734375 0.7968919109375 0.7373046875 0.8032332249999999 0.7431640625 0.8074607687500001 0.74609375 0.801119453125
0 0.7587890625 0.9638798703125 0.763671875 0.9490834687499999 0.76953125 0.8772152328124999 0.826171875 0.12894007031250002 0.828125 0.08243709375 0.8251953125 0.0760957796875 0.8076171875 0.0718682359375 0.80078125 0.0866646375 0.798828125 0.0993472671875 0.775390625 0.395275296875 0.74609375 0.7884368234375 0.736328125 0.9364008390624999 0.736328125 0.9490834687499999 0.7412109375 0.9596523265625001 0.7587890625 0.9638798703125
0 0.7763671875 0.9596523265625001 0.78125 0.9406283828124999 0.83984375 0.1838981328125 0.83984375 0.171215503125 0.8232421875 0.11414366875 0.796875 0.1965807625 0.763671875 0.9364008390624999 0.763671875 0.9490834687499999 0.7666015625 0.9596523265625001 0.7763671875 0.9596523265625001
0 0.7998046875 0.9511972406250001 0.8037109375 0.9511972406250001 0.80859375 0.944855925 0.810546875 0.9321732953125 0.8125 0.9025804921875 0.837890625 0.4967363359375 0.85546875 0.1923532203125 0.85546875 0.1500777875 0.8525390625 0.143736471875 0.8388671875 0.1352813859375 0.8310546875 0.1352813859375 0.828125 0.1416227 0.826171875 0.1500777875 0.8203125 0.23040110937499997 0.783203125 0.8983529484374999 0.783203125 0.9406283828124999 0.7880859375 0.946969696875 0.7998046875 0.9511972406250001
0 0.8427734375 0.9554247828125 0.8486328125 0.9554247828125 0.8515625 0.9490834687499999 0.853515625 0.9321732953125 0.8984375 0.1585328734375 0.8984375 0.14585024375 0.8955078125 0.139508928125 0.8896484375 0.1352813859375 0.8623046875 0.1352813859375 0.859375 0.14585024375 0.814453125 0.8856703187500001 0.8125 0.9321732953125 0.8173828125 0.942742153125 0.8271484375 0.9511972406250001 0.8427734375 0.9554247828125
0 0.9033203125 0.9681074140625 0.908203125 0.9575385546874999 0.91015625 0.9406283828124999 0.919921875 0.7630715640625 0.94140625 0.2473112828125 0.943359375 0.1500777875 0.9404296875 0.143736471875 0.9169921875 0.139508928125 0.9111328125 0.143736471875 0.9013671875 0.1564191015625 0.896484375 0.171215503125 0.88671875 0.3656824953125 0.865234375 0.8687601468749999 0.86328125 0.9406283828124999 0.8681640625 0.9511972406250001 0.8779296875 0.9596523265625001 0.9033203125 0.9681074140625