1 0.0830078125 0.5834009734375 0.08984375 0.5770596593749999 0.08984375 0.5305566828125 0.0888671875 0.5284429109375 0.0478515625 0.5284429109375 0.0419921875 0.5326704546875 0.041015625 0.5347842265625 0.041015625 0.581287203125 0.0419921875 0.5834009734375 0.0830078125 0.5834009734375
1 0.1396484375 0.5960836031250001 0.142578125 0.5897422890625 0.142578125 0.5432393125 0.1416015625 0.541125540625 0.0986328125 0.541125540625 0.09765625 0.5432393125 0.09765625 0.5897422890625 0.1005859375 0.5960836031250001 0.1396484375 0.5960836031250001
1 0.1748046875 0.5960836031250001 0.17578125 0.5939698328125 0.17578125 0.5432393125 0.1748046875 0.541125540625 0.1455078125 0.541125540625 0.14453125 0.5432393125 0.14453125 0.5897422890625 0.1474609375 0.5960836031250001 0.1748046875 0.5960836031250001
1 0.3154296875 0.62567640625 0.3212890625 0.62567640625 0.326171875 0.6108800046875 0.33203125 0.5855147453125 0.33203125 0.581287203125 0.3291015625 0.5749458875 0.3076171875 0.549580628125 0.3056640625 0.549580628125 0.302734375 0.5559219421875 0.294921875 0.5855147453125 0.29296875 0.598197375 0.2958984375 0.604538690625 0.3095703125 0.6214488640625 0.3154296875 0.62567640625
1 0.3759765625 0.63413149375 0.3798828125 0.63413149375 0.384765625 0.6235626359374999 0.392578125 0.5897422890625 0.3896484375 0.5834009734375 0.3505859375 0.5326704546875 0.3466796875 0.5326704546875 0.337890625 0.5601494859375 0.333984375 0.581287203125 0.3388671875 0.5918560609375 0.3662109375 0.62567640625 0.3759765625 0.63413149375
1 0.4326171875 0.6383590375 0.4375 0.6277901781249999 0.4453125 0.598197375 0.4453125 0.5897422890625 0.4384765625 0.57917343125 0.4130859375 0.549580628125 0.4091796875 0.549580628125 0.404296875 0.5643770296875 0.3984375 0.5897422890625 0.3984375 0.598197375 0.4150390625 0.6214488640625 0.4326171875 0.6383590375
1 0.4873046875 0.6214488640625 0.4931640625 0.62567640625 0.4970703125 0.62567640625 0.5078125 0.581287203125 0.5078125 0.5770596593749999 0.5048828125 0.5707183437500001 0.4677734375 0.5326704546875 0.4658203125 0.5326704546875 0.462890625 0.53901176875 0.453125 0.581287203125 0.453125 0.5855147453125 0.4560546875 0.5918560609375 0.4873046875 0.6214488640625
1 0.5517578125 0.63413149375 0.5556640625 0.63413149375 0.556640625 0.6320177218749999 0.56640625 0.5855147453125 0.5654296875 0.57917343125 0.5224609375 0.5326704546875 0.5205078125 0.5326704546875 0.517578125 0.53901176875 0.513671875 0.5559219421875 0.5078125 0.5855147453125 0.5087890625 0.5918560609375 0.5458984375 0.62990395 0.5517578125 0.63413149375
1 0.6591796875 0.6172213203125 0.662109375 0.6108800046875 0.66796875 0.568604571875 0.66796875 0.5643770296875 0.6611328125 0.5538081703125 0.6142578125 0.5284429109375 0.6123046875 0.5284429109375 0.609375 0.5347842265625 0.60546875 0.5601494859375 0.603515625 0.5855147453125 0.6064453125 0.5918560609375 0.6533203125 0.6172213203125 0.6591796875 0.6172213203125
1 0.7099609375 0.6214488640625 0.7177734375 0.6214488640625 0.71875 0.6193350921875 0.724609375 0.581287203125 0.724609375 0.5643770296875 0.7236328125 0.5622632578125 0.6826171875 0.5368979984375 0.6748046875 0.5368979984375 0.671875 0.54746685625 0.66796875 0.581287203125 0.66796875 0.5939698328125 0.6708984375 0.600311146875 0.7099609375 0.6214488640625
1 0.7744140625 0.62567640625 0.7783203125 0.62567640625 0.78125 0.6193350921875 0.787109375 0.581287203125 0.787109375 0.568604571875 0.7822265625 0.5622632578125 0.7392578125 0.5368979984375 0.7314453125 0.5368979984375 0.7265625 0.5643770296875 0.724609375 0.581287203125 0.724609375 0.5939698328125 0.7255859375 0.5960836031250001 0.7744140625 0.62567640625
1 0.7919921875 0.600311146875 0.8291015625 0.6214488640625 0.83203125 0.6151075484375 0.837890625 0.5770596593749999 0.837890625 0.5601494859375 0.8369140625 0.5580357140625 0.7978515625 0.5326704546875 0.7958984375 0.5326704546875 0.791015625 0.54746685625 0.787109375 0.5770596593749999 0.787109375 0.5939698328125 0.7880859375 0.5960836031250001 0.7919921875 0.600311146875
1 0.9013671875 0.62990395 0.9072265625 0.62990395 0.908203125 0.6277901781249999 0.916015625 0.581287203125 0.916015625 0.572832115625 0.9130859375 0.5664908015625 0.8955078125 0.5538081703125 0.8564453125 0.5326704546875 0.8466796875 0.5326704546875 0.83984375 0.5643770296875 0.837890625 0.5770596593749999 0.837890625 0.5939698328125 0.8388671875 0.5960836031250001 0.9013671875 0.62990395
1 0.9619140625 0.6214488640625 0.962890625 0.6193350921875 0.96875 0.5770596593749999 0.96875 0.5601494859375 0.9677734375 0.5580357140625 0.9248046875 0.5326704546875 0.9208984375 0.5326704546875 0.91796875 0.5432393125 0.9140625 0.5897422890625 0.9169921875 0.5960836031250001 0.9541015625 0.6214488640625 0.9619140625 0.6214488640625
0 0.0498046875 0.75250270625 0.0595703125 0.7567302484375 0.0927734375 0.7567302484375 0.095703125 0.750388934375 0.201171875 0.11625744062500001 0.1982421875 0.109916125 0.1044921875 0.029592803125 0.0419921875 0.029592803125 0.037109375 0.035934117187499996 0.033203125 0.057071834375 0.041015625 0.6742931546875 0.04296875 0.7419338468750001 0.0498046875 0.75250270625
0 0.1142578125 0.7651853359375 0.1298828125 0.7651853359375 0.140625 0.7546164765625 0.142578125 0.746161390625 0.14453125 0.7165685875000001 0.150390625 0.20080830624999998 0.1435546875 0.194466990625 0.1337890625 0.194466990625 0.1064453125 0.198694534375 0.099609375 0.20503585000000002 0.09765625 0.4967363359375 0.09765625 0.750388934375 0.1044921875 0.7609577921875 0.1142578125 0.7651853359375
0 0.1650390625 0.769412878125 0.171875 0.7630715640625 0.173828125 0.72079613125 0.1796875 0.395275296875 0.181640625 0.2134909359375 0.1787109375 0.202922078125 0.1533203125 0.20714962187500002 0.1484375 0.2134909359375 0.146484375 0.226173565625 0.14453125 0.522101596875 0.14453125 0.7588440203125 0.1474609375 0.7651853359375 0.1650390625 0.769412878125
0 0.2236328125 0.769412878125 0.2568359375 0.7567302484375 0.322265625 0.47559862031250005 0.326171875 0.27267654218750004 0.326171875 0.2219460234375 0.3193359375 0.20714962187500002 0.2255859375 0.12682629843749998 0.2119140625 0.12259875468749999 0.1865234375 0.12682629843749998 0.181640625 0.1416227 0.1796875 0.251538825 0.173828125 0.6151075484375 0.173828125 0.7630715640625 0.1806640625 0.769412878125 0.2236328125 0.769412878125
0 0.2783203125 0.7736404218749999 0.2841796875 0.7736404218749999 0.2880859375 0.769412878125 0.294921875 0.750388934375 0.40234375 0.314951975 0.419921875 0.2388561953125 0.423828125 0.21771847968750002 0.423828125 0.2092633921875 0.4189453125 0.198694534375 0.4072265625 0.1860119046875 0.3994140625 0.1817843609375 0.3955078125 0.1860119046875 0.384765625 0.2134909359375 0.263671875 0.7165685875000001 0.259765625 0.7377063046875 0.259765625 0.7546164765625 0.2626953125 0.7609577921875 0.2783203125 0.7736404218749999
0 0.3017578125 0.7482751624999999 0.3271484375 0.7778679656249999 0.3427734375 0.7778679656249999 0.353515625 0.7546164765625 0.44921875 0.3825926671875 0.4765625 0.2684489984375 0.48046875 0.2473112828125 0.48046875 0.234628653125 0.4755859375 0.22405979375 0.4599609375 0.20714962187500002 0.4443359375 0.194466990625 0.4365234375 0.194466990625 0.431640625 0.20503585000000002 0.298828125 0.71234104375 0.296875 0.725023675 0.296875 0.7334787609375 0.298828125 0.7419338468750001 0.3017578125 0.7482751624999999
0 0.3720703125 0.769412878125 0.3857421875 0.782095509375 0.3935546875 0.782095509375 0.400390625 0.77152665 0.44921875 0.5897422890625 0.505859375 0.340317234375 0.537109375 0.1965807625 0.537109375 0.1796705890625 0.5341796875 0.173329275 0.5244140625 0.1606466453125 0.5146484375 0.1521915578125 0.5107421875 0.1564191015625 0.50390625 0.171215503125 0.3671875 0.71234104375 0.361328125 0.7377063046875 0.361328125 0.750388934375 0.3642578125 0.7567302484375 0.3720703125 0.769412878125
0 0.4541015625 0.7863230515625 0.4580078125 0.7863230515625 0.4619140625 0.782095509375 0.466796875 0.77152665 0.587890625 0.21771847968750002 0.595703125 0.1796705890625 0.595703125 0.166987959375 0.5927734375 0.1606466453125 0.5732421875 0.143736471875 0.5595703125 0.1352813859375 0.5537109375 0.1352813859375 0.546875 0.1500777875 0.419921875 0.7292512171875 0.41796875 0.7419338468750001 0.41796875 0.7546164765625 0.4248046875 0.7651853359375 0.4541015625 0.7863230515625
0 0.4951171875 0.7863230515625 0.5009765625 0.7905505953125 0.5146484375 0.7947781390624999 0.521484375 0.7799817375 0.560546875 0.6151075484375 0.658203125 0.1627604171875 0.658203125 0.1543053296875 0.6552734375 0.147964015625 0.6474609375 0.139508928125 0.6181640625 0.1183712125 0.6103515625 0.1183712125 0.60546875 0.12894007031250002 0.6015625 0.14585024375 0.470703125 0.746161390625 0.470703125 0.7588440203125 0.4736328125 0.7651853359375 0.4951171875 0.7863230515625
0 0.6611328125 0.7990056812499999 0.6748046875 0.8074607687500001 0.6884765625 0.8116883109374999 0.6953125 0.801119453125 0.69921875 0.7799817375 0.716796875 0.6489278953125 0.78515625 0.12048498437499999 0.78515625 0.10357481093750001 0.7822265625 0.0972334953125 0.7568359375 0.084550865625 0.7392578125 0.08032332187499999 0.7333984375 0.084550865625 0.7265625 0.10357481093750001 0.6484375 0.7292512171875 0.64453125 0.7630715640625 0.64453125 0.7799817375 0.6474609375 0.7863230515625 0.6611328125 0.7990056812499999
0 0.5908203125 0.7905505953125 0.6298828125 0.8116883109374999 0.63671875 0.801119453125 0.642578125 0.7672991078125 0.71875 0.1796705890625 0.72265625 0.1416227 0.72265625 0.12048498437499999 0.7197265625 0.11414366875 0.6826171875 0.0972334953125 0.6708984375 0.0972334953125 0.6640625 0.107802353125 0.619140625 0.4460058171875 0.580078125 0.7546164765625 0.580078125 0.77575419375 0.5830078125 0.782095509375 0.5908203125 0.7905505953125
0 0.7314453125 0.8074607687500001 0.7412109375 0.8116883109374999 0.7490234375 0.8116883109374999 0.7529296875 0.8074607687500001 0.7578125 0.7926643671875 0.791015625 0.5559219421875 0.845703125 0.14585024375 0.845703125 0.11625744062500001 0.8447265625 0.11414366875 0.8349609375 0.1056885828125 0.8076171875 0.0972334953125 0.7880859375 0.0972334953125 0.787109375 0.0993472671875 0.71875 0.6193350921875 0.703125 0.750388934375 0.703125 0.7842092796875 0.7080078125 0.7905505953125 0.7314453125 0.8074607687500001
0 0.8037109375 0.8116883109374999 0.8046875 0.809574540625 0.814453125 0.750388934375 0.8515625 0.48405370625 0.90234375 0.0993472671875 0.90234375 0.0866646375 0.9013671875 0.084550865625 0.8818359375 0.0718682359375 0.8681640625 0.06764069218749999 0.8583984375 0.0718682359375 0.853515625 0.08243709375 0.84765625 0.107802353125 0.765625 0.7419338468750001 0.76171875 0.7842092796875 0.7666015625 0.7947781390624999 0.7861328125 0.8116883109374999 0.8037109375 0.8116883109374999
0 0.8486328125 0.8455086578125 0.8564453125 0.8455086578125 0.8740234375 0.8243709421875 0.8828125 0.8053469968750001 0.884765625 0.7968919109375 0.916015625 0.581287203125 0.970703125 0.1543053296875 0.974609375 0.12048498437499999 0.9765625 0.09089218125000001 0.9736328125 0.084550865625 0.9501953125 0.0718682359375 0.9306640625 0.06764069218749999 0.9091796875 0.06764069218749999 0.904296875 0.07820955156250001 0.876953125 0.26422145625 0.810546875 0.77152665 0.810546875 0.7884368234375 0.8134765625 0.7990056812499999 0.8486328125 0.8455086578125