1 0.0595703125 0.6806344703125 0.0634765625 0.6806344703125 0.06640625 0.6742931546875 0.0703125 0.6447003515625 0.0703125 0.6277901781249999 0.0693359375 0.62567640625 0.0634765625 0.6214488640625 0.0439453125 0.6172213203125 0.0283203125 0.6172213203125 0.025390625 0.6235626359374999 0.0234375 0.6531554390625 0.0234375 0.6700656109375001 0.0244140625 0.6721793828125 0.0595703125 0.6806344703125
1 0.0810546875 0.6806344703125 0.0947265625 0.6806344703125 0.095703125 0.6785206984375 0.099609375 0.6404728078125 0.099609375 0.6320177218749999 0.0966796875 0.62567640625 0.0830078125 0.6214488640625 0.0732421875 0.6214488640625 0.0703125 0.6320177218749999 0.068359375 0.6531554390625 0.068359375 0.6742931546875 0.0693359375 0.6764069265625 0.0810546875 0.6806344703125
1 0.1142578125 0.6848620125 0.1298828125 0.6848620125 0.130859375 0.682748240625 0.134765625 0.6447003515625 0.134765625 0.6362452656250001 0.1318359375 0.62990395 0.1162109375 0.62567640625 0.1005859375 0.62567640625 0.09765625 0.6404728078125 0.095703125 0.6616105250000001 0.095703125 0.6785206984375 0.0966796875 0.6806344703125 0.1142578125 0.6848620125
1 0.1630859375 0.68908955625 0.1669921875 0.68908955625 0.169921875 0.682748240625 0.171875 0.6531554390625 0.171875 0.6320177218749999 0.1708984375 0.62990395 0.1513671875 0.62567640625 0.1357421875 0.62567640625 0.1328125 0.6489278953125 0.130859375 0.6785206984375 0.1318359375 0.6806344703125 0.1396484375 0.6848620125 0.1630859375 0.68908955625
1 0.1748046875 0.7059997296875 0.2119140625 0.7102272734375 0.21484375 0.6996584140625 0.216796875 0.6785206984375 0.216796875 0.6531554390625 0.2158203125 0.6510416671875 0.1943359375 0.6468141234375 0.1728515625 0.6468141234375 0.169921875 0.6573829812499999 0.16796875 0.682748240625 0.16796875 0.6996584140625 0.1689453125 0.7017721859375 0.1748046875 0.7059997296875
1 0.2783203125 0.7059997296875 0.2802734375 0.7059997296875 0.283203125 0.6996584140625 0.28515625 0.6785206984375 0.28515625 0.6531554390625 0.2841796875 0.6510416671875 0.2802734375 0.6468141234375 0.2529296875 0.6425865796875 0.2353515625 0.6425865796875 0.234375 0.6447003515625 0.232421875 0.6742931546875 0.232421875 0.695430871875 0.2333984375 0.6975446421875 0.2783203125 0.7059997296875
1 0.3193359375 0.7102272734375 0.3271484375 0.7102272734375 0.330078125 0.7038859578125 0.33203125 0.682748240625 0.33203125 0.6573829812499999 0.3271484375 0.6510416671875 0.3037109375 0.6468141234375 0.2880859375 0.6468141234375 0.28515625 0.6616105250000001 0.283203125 0.695430871875 0.2841796875 0.7017721859375 0.2939453125 0.7059997296875 0.3193359375 0.7102272734375
1 0.38671875 0.725023675 0.3896484375 0.7313649890625 0.4306640625 0.7102272734375 0.435546875 0.7038859578125 0.431640625 0.6573829812499999 0.4287109375 0.6510416671875 0.4033203125 0.659496753125 0.3837890625 0.6721793828125 0.3828125 0.6742931546875 0.3828125 0.6869757843750001 0.384765625 0.71234104375 0.38671875 0.725023675
1 0.4384765625 0.7271374453125 0.4443359375 0.7271374453125 0.4755859375 0.7102272734375 0.48046875 0.7038859578125 0.48046875 0.6912033281250001 0.4755859375 0.6510416671875 0.4677734375 0.6510416671875 0.4345703125 0.6679518390625 0.43359375 0.6700656109375001 0.43359375 0.6912033281250001 0.435546875 0.71234104375 0.4384765625 0.7271374453125
1 0.4892578125 0.74404761875 0.5302734375 0.7229099031249999 0.537109375 0.7165685875000001 0.537109375 0.695430871875 0.533203125 0.6658380687500001 0.5302734375 0.659496753125 0.5244140625 0.659496753125 0.5048828125 0.6679518390625 0.4833984375 0.6806344703125 0.48046875 0.6869757843750001 0.48046875 0.6912033281250001 0.484375 0.7292512171875 0.4892578125 0.74404761875
1 0.6416015625 0.7355925328125 0.6787109375 0.75250270625 0.6826171875 0.75250270625 0.685546875 0.746161390625 0.689453125 0.6996584140625 0.6865234375 0.6933171 0.6650390625 0.6806344703125 0.6435546875 0.6721793828125 0.640625 0.6785206984375 0.638671875 0.695430871875 0.63671875 0.7165685875000001 0.63671875 0.7292512171875 0.6376953125 0.7313649890625 0.6416015625 0.7355925328125
1 0.7412109375 0.7609577921875 0.7607421875 0.7609577921875 0.76171875 0.7588440203125 0.763671875 0.7081135015625 0.7607421875 0.7017721859375 0.7431640625 0.6975446421875 0.7275390625 0.6975446421875 0.7265625 0.6996584140625 0.7265625 0.7546164765625 0.7275390625 0.7567302484375 0.7412109375 0.7609577921875
1 0.7685546875 0.7609577921875 0.8037109375 0.7609577921875 0.806640625 0.7546164765625 0.8046875 0.7038859578125 0.8037109375 0.7017721859375 0.7880859375 0.6975446421875 0.7646484375 0.6975446421875 0.763671875 0.6996584140625 0.763671875 0.7546164765625 0.7646484375 0.7567302484375 0.7685546875 0.7609577921875
1 0.8603515625 0.769412878125 0.8740234375 0.769412878125 0.875 0.7672991078125 0.876953125 0.7546164765625 0.876953125 0.746161390625 0.875 0.7081135015625 0.8740234375 0.7059997296875 0.8134765625 0.6975446421875 0.80859375 0.7081135015625 0.80859375 0.7546164765625 0.8115234375 0.7609577921875 0.8603515625 0.769412878125
1 0.9033203125 0.769412878125 0.904296875 0.7672991078125 0.904296875 0.7081135015625 0.8935546875 0.7017721859375 0.8779296875 0.7017721859375 0.876953125 0.7038859578125 0.876953125 0.7630715640625 0.8876953125 0.769412878125 0.9033203125 0.769412878125
1 0.9716796875 0.7778679656249999 0.97265625 0.77575419375 0.97265625 0.7165685875000001 0.9697265625 0.7102272734375 0.9365234375 0.7102272734375 0.935546875 0.71234104375 0.935546875 0.77152665 0.9384765625 0.7778679656249999 0.9716796875 0.7778679656249999
1 0.9326171875 0.7778679656249999 0.935546875 0.77152665 0.935546875 0.71234104375 0.9345703125 0.7102272734375 0.9072265625 0.7059997296875 0.904296875 0.71234104375 0.904296875 0.77152665 0.9052734375 0.7736404218749999 0.9326171875 0.7778679656249999
1 1 0.7165685875000001 0.9892578125 0.7102272734375 0.9736328125 0.7102272734375 0.97265625 0.71234104375 0.97265625 0.77152665 0.9755859375 0.7778679656249999 0.9990234375 0.782095509375 1 0.7799817375 1 0.7165685875000001
0 0.0458984375 0.8497362015625001 0.048828125 0.8433948859375 0.05078125 0.83071225625 0.0625 0.72079613125 0.107421875 0.25576636875 0.107421875 0.23040110937499997 0.1025390625 0.22405979375 0.0791015625 0.2156047078125 0.0712890625 0.2156047078125 0.06640625 0.226173565625 0.03125 0.568604571875 0.0078125 0.8180296265625 0.0078125 0.8433948859375 0.0185546875 0.8497362015625001 0.0458984375 0.8497362015625001
0 0.0654296875 0.8539637453125 0.0751953125 0.8539637453125 0.080078125 0.8433948859375 0.08203125 0.8349398000000001 0.134765625 0.2388561953125 0.134765625 0.2219460234375 0.1337890625 0.21983225156250003 0.1298828125 0.2156047078125 0.1181640625 0.2156047078125 0.111328125 0.2219460234375 0.095703125 0.3699100375 0.05078125 0.83071225625 0.05078125 0.8433948859375 0.0537109375 0.8497362015625001 0.0654296875 0.8539637453125
0 0.1142578125 0.86241883125 0.115234375 0.860305059375 0.1171875 0.8518499734375 0.150390625 0.45446090312500004 0.1640625 0.25999391250000004 0.1640625 0.234628653125 0.1572265625 0.22405979375 0.1376953125 0.21983225156250003 0.134765625 0.23040110937499997 0.08203125 0.8180296265625 0.080078125 0.8518499734375 0.0830078125 0.8581912875000001 0.0947265625 0.86241883125 0.1142578125 0.86241883125
0 0.1689453125 0.8793290046875001 0.2041015625 0.8793290046875001 0.2158203125 0.8751014609375 0.21875 0.8687601468749999 0.265625 0.251538825 0.265625 0.24308373906249997 0.2568359375 0.22405979375 0.2431640625 0.202922078125 0.2314453125 0.198694534375 0.2158203125 0.198694534375 0.2099609375 0.202922078125 0.20703125 0.2092633921875 0.205078125 0.2219460234375 0.1796875 0.5347842265625 0.15625 0.83916734375 0.15625 0.8687601468749999 0.1591796875 0.8751014609375 0.1689453125 0.8793290046875001
0 0.1455078125 0.8751014609375 0.1513671875 0.8751014609375 0.15625 0.860305059375 0.205078125 0.24308373906249997 0.205078125 0.2134909359375 0.2041015625 0.2113771640625 0.1708984375 0.20714962187500002 0.166015625 0.21771847968750002 0.1640625 0.226173565625 0.1171875 0.83071225625 0.1171875 0.860305059375 0.1201171875 0.866646375 0.1455078125 0.8751014609375
0 0.2333984375 0.8793290046875001 0.2587890625 0.883556546875 0.2685546875 0.8793290046875001 0.271484375 0.8729876890625 0.275390625 0.8222571703125 0.28515625 0.6785206984375 0.3046875 0.293814259375 0.3046875 0.2684489984375 0.3017578125 0.262107684375 0.2626953125 0.25788014062500003 0.259765625 0.26422145625 0.2578125 0.27267654218750004 0.244140625 0.4671435328125 0.220703125 0.83071225625 0.220703125 0.8687601468749999 0.2236328125 0.8751014609375 0.2333984375 0.8793290046875001
0 0.2958984375 0.8877840906250001 0.3271484375 0.8877840906250001 0.3583984375 0.8751014609375 0.3798828125 0.86241883125 0.384765625 0.8518499734375 0.388671875 0.7799817375 0.388671875 0.750388934375 0.353515625 0.2769040859375 0.3466796875 0.262107684375 0.3427734375 0.25788014062500003 0.3115234375 0.25788014062500003 0.3046875 0.27267654218750004 0.2890625 0.5559219421875 0.275390625 0.8349398000000001 0.275390625 0.8772152328124999 0.2802734375 0.883556546875 0.2958984375 0.8877840906250001
0 0.404296875 0.89412540625 0.4072265625 0.9004667203125001 0.4228515625 0.9004667203125001 0.4501953125 0.892011634375 0.451171875 0.8898978625 0.451171875 0.860305059375 0.396484375 0.28535917187500004 0.3935546875 0.2747903140625 0.3818359375 0.2747903140625 0.3642578125 0.2790178578125 0.3505859375 0.28747294375 0.34765625 0.293814259375 0.349609375 0.344544778125 0.392578125 0.7926643671875 0.404296875 0.89412540625
0 0.4580078125 0.9089218078125001 0.4716796875 0.9089218078125001 0.4990234375 0.896239178125 0.501953125 0.8898978625 0.5 0.860305059375 0.43359375 0.27267654218750004 0.4326171875 0.2705627703125 0.4208984375 0.2705627703125 0.4052734375 0.2790178578125 0.3974609375 0.28747294375 0.396484375 0.289586715625 0.396484375 0.314951975 0.455078125 0.9025804921875 0.4580078125 0.9089218078125001
0 0.509765625 0.9279457515624999 0.5166015625 0.9342870671875 0.5244140625 0.9342870671875 0.5361328125 0.9300595234375001 0.5576171875 0.91737689375 0.5625 0.9068080359374999 0.5625 0.9025804921875 0.486328125 0.27267654218750004 0.4814453125 0.25788014062500003 0.4755859375 0.25365259687499997 0.4462890625 0.262107684375 0.4404296875 0.26633522656249997 0.4375 0.27267654218750004 0.435546875 0.281131628125 0.435546875 0.29804180156250004 0.505859375 0.9110355796875 0.509765625 0.9279457515624999
0 0.6220703125 0.9342870671875 0.6298828125 0.942742153125 0.6650390625 0.946969696875 0.669921875 0.9321732953125 0.72265625 0.38682021093749996 0.728515625 0.31072443125000004 0.728515625 0.29804180156250004 0.7265625 0.289586715625 0.7216796875 0.2790178578125 0.6962890625 0.26633522656249997 0.6806640625 0.26633522656249997 0.67578125 0.2769040859375 0.66015625 0.34877232187499996 0.654296875 0.3825926671875 0.642578125 0.4671435328125 0.630859375 0.568604571875 0.59765625 0.8772152328124999 0.59765625 0.8898978625 0.6025390625 0.9046942640625 0.6220703125 0.9342870671875
0 0.7451171875 0.9554247828125 0.7607421875 0.9554247828125 0.76171875 0.9533110125 0.763671875 0.8349398000000001 0.765625 0.2769040859375 0.7626953125 0.26633522656249997 0.7490234375 0.262107684375 0.7314453125 0.262107684375 0.724609375 0.2769040859375 0.69921875 0.9194906656249999 0.7060546875 0.9342870671875 0.7177734375 0.946969696875 0.7451171875 0.9554247828125
0 0.7861328125 0.9681074140625 0.7939453125 0.9681074140625 0.8017578125 0.9638798703125 0.8046875 0.9575385546874999 0.8046875 0.3360896921875 0.8017578125 0.3297483765625 0.7705078125 0.3255208328125 0.765625 0.3318621484375 0.763671875 0.4206405578125 0.763671875 0.9490834687499999 0.7705078125 0.9596523265625001 0.7861328125 0.9681074140625
0 0.8134765625 0.9681074140625 0.8310546875 0.9723349562499999 0.8759765625 0.9723349562499999 0.876953125 0.9702211843749999 0.876953125 0.8476224296874999 0.873046875 0.23040110937499997 0.8681640625 0.21983225156250003 0.8115234375 0.22405979375 0.7978515625 0.24519751093750003 0.7734375 0.29804180156250004 0.76953125 0.314951975 0.76953125 0.3318621484375 0.806640625 0.9575385546874999 0.8134765625 0.9681074140625
0 0.8837890625 0.9765625 0.9013671875 0.9765625 0.90625 0.9659936421875001 0.90625 0.2684489984375 0.904296875 0.2388561953125 0.9013671875 0.23251488125000003 0.8955078125 0.2282873375 0.8798828125 0.2282873375 0.875 0.234628653125 0.873046875 0.344544778125 0.876953125 0.9575385546874999 0.87890625 0.9702211843749999 0.8837890625 0.9765625
0 0.9326171875 0.9807900437500001 0.9375 0.974448728125 0.935546875 0.344544778125 0.93359375 0.2219460234375 0.931640625 0.2134909359375 0.9267578125 0.20714962187500002 0.9091796875 0.20714962187500002 0.904296875 0.2134909359375 0.900390625 0.226173565625 0.90625 0.9659936421875001 0.9091796875 0.9765625 0.9326171875 0.9807900437500001
0 0.9697265625 0.7102272734375 0.970703125 0.7081135015625 0.970703125 0.4713710765625 0.96875 0.26422145625 0.9638671875 0.25365259687499997 0.9384765625 0.2494250546875 0.935546875 0.25576636875 0.935546875 0.7038859578125 0.9384765625 0.7102272734375 0.9697265625 0.7102272734375
0 1 0.7799817375 0.9990234375 0.7778679656249999 0.9755859375 0.7778679656249999 0.974609375 0.7799817375 0.974609375 0.974448728125 0.9794921875 0.9850175859375 0.9873046875 0.9892451296875 0.9990234375 0.9892451296875 1 0.9871313578124999 1 0.7799817375
0 1 0.23040110937499997 0.9990234375 0.2282873375 0.9833984375 0.22405979375 0.9716796875 0.2282873375 0.966796875 0.2388561953125 0.966796875 0.251538825 0.97265625 0.7081135015625 0.9755859375 0.714454815625 0.9990234375 0.714454815625 1 0.71234104375 1 0.23040110937499997