1 0.0263671875 0.6764069265625 0.0830078125 0.6679518390625 0.08984375 0.6616105250000001 0.08984375 0.6320177218749999 0.0869140625 0.604538690625 0.0712890625 0.604538690625 0.0205078125 0.6129937765625 0.01953125 0.6151075484375 0.01953125 0.6362452656250001 0.021484375 0.6658380687500001 0.0263671875 0.6764069265625
1 0.1728515625 0.6679518390625 0.17578125 0.6616105250000001 0.173828125 0.6108800046875 0.1708984375 0.604538690625 0.1298828125 0.608766234375 0.1142578125 0.6129937765625 0.11328125 0.6151075484375 0.11328125 0.6489278953125 0.1162109375 0.6721793828125 0.1728515625 0.6679518390625
1 0.1787109375 0.6764069265625 0.1923828125 0.6764069265625 0.2080078125 0.659496753125 0.212890625 0.6489278953125 0.212890625 0.6108800046875 0.2080078125 0.600311146875 0.2021484375 0.600311146875 0.1748046875 0.6172213203125 0.173828125 0.6193350921875 0.173828125 0.6320177218749999 0.17578125 0.6658380687500001 0.1787109375 0.6764069265625
1 0.2412109375 0.6679518390625 0.2490234375 0.6679518390625 0.2822265625 0.655269209375 0.2919921875 0.6468141234375 0.294921875 0.6404728078125 0.291015625 0.598197375 0.2880859375 0.5876285171875 0.2353515625 0.608766234375 0.232421875 0.6151075484375 0.232421875 0.6193350921875 0.23828125 0.6616105250000001 0.2412109375 0.6679518390625
1 0.3076171875 0.6721793828125 0.3154296875 0.6721793828125 0.3408203125 0.663724296875 0.359375 0.6531554390625 0.359375 0.6320177218749999 0.357421875 0.6066524624999999 0.3544921875 0.5960836031250001 0.3447265625 0.5960836031250001 0.3017578125 0.6129937765625 0.30078125 0.6151075484375 0.30078125 0.6277901781249999 0.3046875 0.6616105250000001 0.3076171875 0.6721793828125
1 0.361328125 0.6531554390625 0.3642578125 0.659496753125 0.3740234375 0.659496753125 0.3837890625 0.655269209375 0.38671875 0.6489278953125 0.384765625 0.6108800046875 0.3818359375 0.5918560609375 0.3759765625 0.5918560609375 0.3583984375 0.600311146875 0.357421875 0.6024249187499999 0.357421875 0.6151075484375 0.359375 0.6362452656250001 0.361328125 0.6531554390625
1 0.4287109375 0.6679518390625 0.431640625 0.6616105250000001 0.431640625 0.6066524624999999 0.4287109375 0.600311146875 0.4013671875 0.604538690625 0.3916015625 0.608766234375 0.390625 0.6151075484375 0.392578125 0.6616105250000001 0.3974609375 0.6721793828125 0.4287109375 0.6679518390625
1 0.435546875 0.6658380687500001 0.4365234375 0.6679518390625 0.4404296875 0.6679518390625 0.4560546875 0.663724296875 0.45703125 0.6616105250000001 0.45703125 0.6108800046875 0.4541015625 0.604538690625 0.4345703125 0.604538690625 0.431640625 0.6108800046875 0.431640625 0.6151075484375 0.43359375 0.6573829812499999 0.435546875 0.6658380687500001
1 0.4931640625 0.663724296875 0.494140625 0.6616105250000001 0.494140625 0.6108800046875 0.4912109375 0.604538690625 0.4599609375 0.604538690625 0.45703125 0.6108800046875 0.45703125 0.6362452656250001 0.4599609375 0.663724296875 0.4931640625 0.663724296875
1 0.5029296875 0.6679518390625 0.5205078125 0.6679518390625 0.5341796875 0.663724296875 0.537109375 0.6573829812499999 0.537109375 0.6066524624999999 0.5341796875 0.600311146875 0.4990234375 0.608766234375 0.498046875 0.6108800046875 0.498046875 0.6277901781249999 0.5 0.6616105250000001 0.5029296875 0.6679518390625
1 0.5654296875 0.6679518390625 0.578125 0.6616105250000001 0.578125 0.6066524624999999 0.5771484375 0.604538690625 0.5537109375 0.604538690625 0.5439453125 0.608766234375 0.54296875 0.6108800046875 0.54296875 0.6616105250000001 0.5458984375 0.6679518390625 0.5654296875 0.6679518390625
1 0.6201171875 0.6721793828125 0.62890625 0.6658380687500001 0.62890625 0.6108800046875 0.6279296875 0.608766234375 0.6083984375 0.608766234375 0.5830078125 0.6129937765625 0.580078125 0.6193350921875 0.58203125 0.6700656109375001 0.5830078125 0.6721793828125 0.6201171875 0.6721793828125
1 0.6455078125 0.6721793828125 0.6552734375 0.6679518390625 0.658203125 0.6616105250000001 0.658203125 0.6108800046875 0.6552734375 0.604538690625 0.6318359375 0.608766234375 0.62890625 0.6151075484375 0.62890625 0.6658380687500001 0.6337890625 0.6721793828125 0.6455078125 0.6721793828125
1 0.7060546875 0.6721793828125 0.708984375 0.6658380687500001 0.708984375 0.6108800046875 0.7080078125 0.608766234375 0.6650390625 0.608766234375 0.662109375 0.6151075484375 0.662109375 0.6658380687500001 0.6650390625 0.6721793828125 0.7060546875 0.6721793828125
1 0.7392578125 0.6721793828125 0.7548828125 0.6679518390625 0.755859375 0.6658380687500001 0.755859375 0.6066524624999999 0.7548828125 0.604538690625 0.7138671875 0.6129937765625 0.712890625 0.6151075484375 0.712890625 0.6700656109375001 0.7138671875 0.6721793828125 0.7392578125 0.6721793828125
1 0.8037109375 0.6679518390625 0.8125 0.6616105250000001 0.8125 0.6066524624999999 0.8115234375 0.604538690625 0.7685546875 0.604538690625 0.765625 0.6108800046875 0.765625 0.6658380687500001 0.7666015625 0.6679518390625 0.8037109375 0.6679518390625
1 0.8505859375 0.6721793828125 0.8701171875 0.6679518390625 0.873046875 0.6616105250000001 0.873046875 0.6151075484375 0.8701171875 0.608766234375 0.8486328125 0.608766234375 0.8193359375 0.6129937765625 0.818359375 0.6151075484375 0.81640625 0.6235626359374999 0.81640625 0.6658380687500001 0.8193359375 0.6721793828125 0.8505859375 0.6721793828125
1 0.9033203125 0.663724296875 0.904296875 0.6616105250000001 0.90625 0.6108800046875 0.9033203125 0.600311146875 0.8759765625 0.604538690625 0.873046875 0.6108800046875 0.873046875 0.6616105250000001 0.8740234375 0.663724296875 0.9033203125 0.663724296875
1 0.9404296875 0.6679518390625 0.9462890625 0.663724296875 0.94921875 0.6573829812499999 0.94921875 0.6066524624999999 0.9462890625 0.600311146875 0.9150390625 0.604538690625 0.912109375 0.6108800046875 0.912109375 0.6531554390625 0.9189453125 0.6679518390625 0.9404296875 0.6679518390625
1 1 0.6024249187499999 0.9990234375 0.600311146875 0.9599609375 0.604538690625 0.95703125 0.6108800046875 0.95703125 0.6616105250000001 0.9580078125 0.663724296875 0.9990234375 0.663724296875 1 0.6616105250000001 1 0.6024249187499999
0 0 0.3234070609375 0.02734375 0.8433948859375 0.0322265625 0.8539637453125 0.0556640625 0.8539637453125 0.0927734375 0.8497362015625001 0.1005859375 0.8412811140625 0.10546875 0.83071225625 0.10546875 0.7334787609375 0.0859375 0.175443046875 0.08203125 0.09089218125000001 0.0732421875 0.084550865625 0.0595703125 0.08032332187499999 0.0009765625 0.084550865625 0 0.0866646375 0 0.3234070609375
0 0.125 0.8560775156249999 0.1279296875 0.86241883125 0.1787109375 0.86241883125 0.185546875 0.8518499734375 0.185546875 0.8433948859375 0.1484375 0.0866646375 0.1474609375 0.084550865625 0.1220703125 0.084550865625 0.0869140625 0.088778409375 0.083984375 0.0951197234375 0.083984375 0.14585024375 0.123046875 0.8433948859375 0.125 0.8560775156249999
0 0.185546875 0.860305059375 0.1884765625 0.866646375 0.2001953125 0.866646375 0.2080078125 0.8581912875000001 0.232421875 0.8180296265625 0.216796875 0.12894007031250002 0.2119140625 0.1183712125 0.1787109375 0.0972334953125 0.1689453125 0.093005953125 0.1494140625 0.093005953125 0.1484375 0.0951197234375 0.1484375 0.1331676140625 0.150390625 0.175443046875 0.185546875 0.860305059375
0 0.25 0.7926643671875 0.255859375 0.83071225625 0.2607421875 0.8455086578125 0.2861328125 0.8455086578125 0.3037109375 0.8370535718750001 0.3115234375 0.828598484375 0.3125 0.8264847124999999 0.3125 0.8180296265625 0.25 0.1416227 0.2431640625 0.1352813859375 0.2353515625 0.1352813859375 0.2119140625 0.139508928125 0.1865234375 0.147964015625 0.18359375 0.1543053296875 0.18359375 0.1796705890625 0.19140625 0.28535917187500004 0.25 0.7926643671875
0 0.322265625 0.8433948859375 0.3271484375 0.8539637453125 0.3447265625 0.8539637453125 0.3662109375 0.8455086578125 0.373046875 0.8349398000000001 0.373046875 0.809574540625 0.322265625 0.175443046875 0.318359375 0.1416227 0.3154296875 0.1352813859375 0.3056640625 0.1352813859375 0.2568359375 0.147964015625 0.25390625 0.1543053296875 0.25390625 0.171215503125 0.291015625 0.5516943999999999 0.322265625 0.8433948859375
0 0.3779296875 0.8455086578125 0.3818359375 0.8497362015625001 0.3896484375 0.8497362015625001 0.3984375 0.8433948859375 0.3984375 0.8138020828125001 0.373046875 0.1331676140625 0.37109375 0.11625744062500001 0.3564453125 0.0718682359375 0.3330078125 0.05918560625 0.3232421875 0.05918560625 0.3154296875 0.06764069218749999 0.314453125 0.0697544640625 0.314453125 0.107802353125 0.375 0.8264847124999999 0.3779296875 0.8455086578125
0 0.400390625 0.8433948859375 0.4033203125 0.8539637453125 0.4091796875 0.8581912875000001 0.4345703125 0.8539637453125 0.4375 0.8476224296874999 0.4375 0.77575419375 0.427734375 0.166987959375 0.41796875 0.1331676140625 0.4130859375 0.12259875468749999 0.3779296875 0.12259875468749999 0.3740234375 0.12682629843749998 0.373046875 0.12894007031250002 0.373046875 0.1585328734375 0.3984375 0.8264847124999999 0.400390625 0.8433948859375
0 0.4404296875 0.8455086578125 0.4599609375 0.8455086578125 0.462890625 0.83916734375 0.4609375 0.7292512171875 0.451171875 0.3699100375 0.4453125 0.2092633921875 0.443359375 0.20080830624999998 0.4365234375 0.1902394484375 0.4208984375 0.194466990625 0.419921875 0.1965807625 0.419921875 0.226173565625 0.439453125 0.8433948859375 0.4404296875 0.8455086578125
0 0.4677734375 0.8497362015625001 0.4931640625 0.8497362015625001 0.498046875 0.83916734375 0.498046875 0.7884368234375 0.484375 0.12894007031250002 0.482421875 0.107802353125 0.4775390625 0.1014610390625 0.4482421875 0.1056885828125 0.4453125 0.112029896875 0.4453125 0.13739515625 0.462890625 0.83916734375 0.4677734375 0.8497362015625001
0 0.501953125 0.8476224296874999 0.5048828125 0.8539637453125 0.5322265625 0.8539637453125 0.5390625 0.8476224296874999 0.5390625 0.7292512171875 0.53125 0.0993472671875 0.5283203125 0.093005953125 0.4892578125 0.093005953125 0.486328125 0.0993472671875 0.486328125 0.1923532203125 0.5 0.8180296265625 0.501953125 0.8476224296874999
0 0.580078125 0.6573829812499999 0.583984375 0.8518499734375 0.5869140625 0.8581912875000001 0.5947265625 0.86241883125 0.6201171875 0.86241883125 0.6279296875 0.8581912875000001 0.630859375 0.8518499734375 0.626953125 0.112029896875 0.6240234375 0.1056885828125 0.5771484375 0.109916125 0.576171875 0.112029896875 0.576171875 0.25576636875 0.578125 0.4798261640625 0.580078125 0.6573829812499999
0 0.544921875 0.8476224296874999 0.5478515625 0.8539637453125 0.5634765625 0.8581912875000001 0.5771484375 0.8539637453125 0.58203125 0.8433948859375 0.57421875 0.112029896875 0.5712890625 0.1056885828125 0.5361328125 0.1056885828125 0.53125 0.11625744062500001 0.53125 0.1500777875 0.54296875 0.83071225625 0.544921875 0.8476224296874999
0 0.630859375 0.8476224296874999 0.6357421875 0.8581912875000001 0.6572265625 0.8581912875000001 0.6640625 0.8433948859375 0.658203125 0.1585328734375 0.6533203125 0.143736471875 0.6357421875 0.139508928125 0.6318359375 0.139508928125 0.6279296875 0.143736471875 0.626953125 0.14585024375 0.626953125 0.251538825 0.62890625 0.6658380687500001 0.630859375 0.8476224296874999
0 0.666015625 0.8476224296874999 0.6728515625 0.8581912875000001 0.6923828125 0.8581912875000001 0.7080078125 0.8539637453125 0.708984375 0.8518499734375 0.708984375 0.5897422890625 0.70703125 0.10357481093750001 0.7041015625 0.0972334953125 0.6845703125 0.0972334953125 0.6591796875 0.1014610390625 0.6416015625 0.12259875468749999 0.638671875 0.12894007031250002 0.638671875 0.1331676140625 0.6640625 0.8264847124999999 0.666015625 0.8476224296874999
0 0.7138671875 0.86241883125 0.7470703125 0.86241883125 0.7548828125 0.8581912875000001 0.7578125 0.8518499734375 0.755859375 0.1543053296875 0.7529296875 0.147964015625 0.7080078125 0.1521915578125 0.70703125 0.1543053296875 0.70703125 0.25999391250000004 0.7109375 0.8518499734375 0.7138671875 0.86241883125
0 0.7666015625 0.8581912875000001 0.7724609375 0.86241883125 0.7880859375 0.86241883125 0.8056640625 0.8581912875000001 0.810546875 0.8476224296874999 0.8125 0.7334787609375 0.814453125 0.40373038437500003 0.814453125 0.14585024375 0.8095703125 0.139508928125 0.7626953125 0.139508928125 0.759765625 0.14585024375 0.7578125 0.1627604171875 0.76171875 0.83071225625 0.763671875 0.8518499734375 0.7666015625 0.8581912875000001
0 0.8427734375 0.8581912875000001 0.8662109375 0.8497362015625001 0.87109375 0.83916734375 0.880859375 0.10357481093750001 0.8779296875 0.0972334953125 0.8525390625 0.0972334953125 0.8154296875 0.1014610390625 0.7919921875 0.1183712125 0.7841796875 0.12682629843749998 0.783203125 0.12894007031250002 0.8125 0.8476224296874999 0.8173828125 0.8581912875000001 0.8427734375 0.8581912875000001
0 0.90234375 0.8433948859375 0.904296875 0.7588440203125 0.9140625 0.1331676140625 0.9140625 0.12894007031250002 0.9111328125 0.1183712125 0.8896484375 0.1183712125 0.8818359375 0.12259875468749999 0.87890625 0.13739515625 0.873046875 0.5897422890625 0.87109375 0.83916734375 0.8779296875 0.8497362015625001 0.8974609375 0.8497362015625001 0.90234375 0.8433948859375
0 0.9111328125 0.8455086578125 0.9345703125 0.8497362015625001 0.9423828125 0.8455086578125 0.9453125 0.83916734375 0.947265625 0.8180296265625 0.958984375 0.07820955156250001 0.9580078125 0.0760957796875 0.9208984375 0.0760957796875 0.8896484375 0.1014610390625 0.88671875 0.107802353125 0.90625 0.801119453125 0.908203125 0.83916734375 0.9111328125 0.8455086578125
0 1 0.0951197234375 0.9990234375 0.093005953125 0.9658203125 0.088778409375 0.9609375 0.0951197234375 0.953125 0.6362452656250001 0.951171875 0.8433948859375 0.9541015625 0.8497362015625001 0.9638671875 0.8539637453125 0.9990234375 0.8497362015625001 1 0.8476224296874999 1 0.0951197234375