1 0.064453125 0.6066524624999999 0.06640625 0.5601494859375 0.0634765625 0.5538081703125 0.0439453125 0.5538081703125 0.037109375 0.5601494859375 0.03515625 0.6024249187499999 0.0380859375 0.6129937765625 0.0634765625 0.608766234375 0.064453125 0.6066524624999999
1 0.0888671875 0.6129937765625 0.1220703125 0.608766234375 0.123046875 0.6066524624999999 0.123046875 0.5601494859375 0.1220703125 0.5580357140625 0.0693359375 0.5580357140625 0.06640625 0.5643770296875 0.06640625 0.6108800046875 0.0673828125 0.6129937765625 0.0888671875 0.6129937765625
1 0.1708984375 0.6214488640625 0.171875 0.6193350921875 0.173828125 0.581287203125 0.1708984375 0.5707183437500001 0.1630859375 0.5622632578125 0.1396484375 0.5664908015625 0.13671875 0.572832115625 0.13671875 0.6193350921875 0.1376953125 0.6214488640625 0.1708984375 0.6214488640625
1 0.13671875 0.6277901781249999 0.13671875 0.581287203125 0.1357421875 0.57917343125 0.1279296875 0.57917343125 0.126953125 0.581287203125 0.125 0.6277901781249999 0.1279296875 0.63413149375 0.1337890625 0.63413149375 0.13671875 0.6277901781249999
1 0.2490234375 0.6172213203125 0.2578125 0.6108800046875 0.255859375 0.5643770296875 0.2548828125 0.5622632578125 0.2177734375 0.5622632578125 0.216796875 0.5643770296875 0.216796875 0.6066524624999999 0.2216796875 0.6172213203125 0.2490234375 0.6172213203125
1 0.2060546875 0.62567640625 0.21875 0.6193350921875 0.21484375 0.572832115625 0.2119140625 0.5664908015625 0.1845703125 0.5707183437500001 0.181640625 0.5770596593749999 0.181640625 0.6235626359374999 0.1826171875 0.62567640625 0.2060546875 0.62567640625
1 0.2900390625 0.6425865796875 0.291015625 0.6404728078125 0.291015625 0.5897422890625 0.2880859375 0.5834009734375 0.2587890625 0.5876285171875 0.2578125 0.5897422890625 0.2578125 0.6320177218749999 0.2607421875 0.6468141234375 0.2900390625 0.6425865796875
1 0.3232421875 0.62990395 0.326171875 0.6235626359374999 0.326171875 0.6024249187499999 0.3232421875 0.5749458875 0.2958984375 0.57917343125 0.294921875 0.581287203125 0.294921875 0.6277901781249999 0.2978515625 0.63413149375 0.3232421875 0.62990395
1 0.3583984375 0.62990395 0.359375 0.6277901781249999 0.359375 0.581287203125 0.3564453125 0.5749458875 0.3427734375 0.5749458875 0.3271484375 0.57917343125 0.326171875 0.581287203125 0.326171875 0.6277901781249999 0.3271484375 0.62990395 0.3583984375 0.62990395
1 0.3720703125 0.63413149375 0.3935546875 0.62990395 0.39453125 0.6277901781249999 0.39453125 0.5855147453125 0.3916015625 0.57917343125 0.3681640625 0.57917343125 0.3623046875 0.5834009734375 0.359375 0.5897422890625 0.361328125 0.6320177218749999 0.3623046875 0.63413149375 0.3720703125 0.63413149375
1 0.4189453125 0.6468141234375 0.4638671875 0.62990395 0.46484375 0.6277901781249999 0.46484375 0.6108800046875 0.462890625 0.5897422890625 0.4599609375 0.57917343125 0.4443359375 0.57917343125 0.4306640625 0.5834009734375 0.4150390625 0.5918560609375 0.4140625 0.5939698328125 0.4140625 0.6235626359374999 0.416015625 0.6404728078125 0.4189453125 0.6468141234375
1 0.4755859375 0.6425865796875 0.4951171875 0.63413149375 0.498046875 0.6277901781249999 0.49609375 0.598197375 0.494140625 0.5855147453125 0.4912109375 0.57917343125 0.4677734375 0.5876285171875 0.46484375 0.5939698328125 0.46484375 0.6151075484375 0.4677734375 0.6425865796875 0.4755859375 0.6425865796875
1 0.5224609375 0.6425865796875 0.541015625 0.6320177218749999 0.541015625 0.6151075484375 0.537109375 0.581287203125 0.5341796875 0.5749458875 0.5107421875 0.5876285171875 0.509765625 0.5897422890625 0.509765625 0.6108800046875 0.5146484375 0.6425865796875 0.5224609375 0.6425865796875
1 0.5458984375 0.6510416671875 0.5498046875 0.6510416671875 0.56640625 0.6404728078125 0.56640625 0.6235626359374999 0.564453125 0.6066524624999999 0.5625 0.5939698328125 0.5595703125 0.5876285171875 0.5556640625 0.5876285171875 0.5400390625 0.5960836031250001 0.5390625 0.598197375 0.5390625 0.6066524624999999 0.54296875 0.6404728078125 0.5458984375 0.6510416671875
0 0.0625 0.77575419375 0.064453125 0.7038859578125 0.072265625 0.281131628125 0.072265625 0.20503585000000002 0.0693359375 0.198694534375 0.0458984375 0.198694534375 0.04296875 0.2092633921875 0.03515625 0.598197375 0.033203125 0.77575419375 0.0361328125 0.782095509375 0.0556640625 0.7863230515625 0.0625 0.77575419375
0 0.1162109375 0.7863230515625 0.12109375 0.77575419375 0.123046875 0.7672991078125 0.126953125 0.6193350921875 0.1328125 0.20503585000000002 0.1328125 0.1331676140625 0.1298828125 0.12682629843749998 0.0986328125 0.12259875468749999 0.0791015625 0.12682629843749998 0.076171875 0.1331676140625 0.07421875 0.1500777875 0.0703125 0.31072443125000004 0.0625 0.7799817375 0.0693359375 0.7905505953125 0.0888671875 0.7905505953125 0.1162109375 0.7863230515625
0 0.1767578125 0.7905505953125 0.181640625 0.7799817375 0.18359375 0.746161390625 0.177734375 0.27267654218750004 0.17578125 0.20080830624999998 0.1708984375 0.1902394484375 0.1650390625 0.1860119046875 0.1474609375 0.1860119046875 0.14453125 0.20080830624999998 0.13671875 0.5516943999999999 0.1328125 0.7884368234375 0.1396484375 0.7947781390624999 0.1689453125 0.7947781390624999 0.1767578125 0.7905505953125
0 0.1865234375 0.7947781390624999 0.2177734375 0.7947781390624999 0.220703125 0.7884368234375 0.22265625 0.2092633921875 0.220703125 0.1965807625 0.2099609375 0.1817843609375 0.1884765625 0.1817843609375 0.1767578125 0.1902394484375 0.17578125 0.1923532203125 0.17578125 0.2134909359375 0.18359375 0.7884368234375 0.1865234375 0.7947781390624999
0 0.2568359375 0.7905505953125 0.259765625 0.7799817375 0.259765625 0.7081135015625 0.251953125 0.1965807625 0.2490234375 0.1902394484375 0.2255859375 0.1860119046875 0.22265625 0.20080830624999998 0.216796875 0.5770596593749999 0.220703125 0.7672991078125 0.2236328125 0.7905505953125 0.2568359375 0.7905505953125
0 0.26171875 0.7926643671875 0.2646484375 0.7990056812499999 0.2939453125 0.7990056812499999 0.296875 0.7926643671875 0.296875 0.7546164765625 0.28515625 0.20080830624999998 0.283203125 0.1881256765625 0.2783203125 0.17755681875 0.2724609375 0.173329275 0.2607421875 0.173329275 0.2529296875 0.17755681875 0.25 0.1838981328125 0.25 0.1923532203125 0.2578125 0.6404728078125 0.26171875 0.7926643671875
0 0.3017578125 0.7990056812499999 0.3076171875 0.8032332249999999 0.3232421875 0.8032332249999999 0.328125 0.7968919109375 0.328125 0.7165685875000001 0.318359375 0.20503585000000002 0.31640625 0.175443046875 0.3134765625 0.16910173125 0.2880859375 0.173329275 0.28515625 0.1796705890625 0.28515625 0.234628653125 0.298828125 0.7926643671875 0.3017578125 0.7990056812499999
0 0.328125 0.77575419375 0.3310546875 0.8032332249999999 0.3623046875 0.8032332249999999 0.36328125 0.801119453125 0.36328125 0.72079613125 0.3515625 0.1923532203125 0.349609375 0.1796705890625 0.3466796875 0.173329275 0.3193359375 0.173329275 0.318359375 0.175443046875 0.318359375 0.251538825 0.3203125 0.38682021093749996 0.328125 0.77575419375
0 0.365234375 0.7968919109375 0.3701171875 0.8074607687500001 0.3974609375 0.8074607687500001 0.400390625 0.801119453125 0.400390625 0.7165685875000001 0.3828125 0.2092633921875 0.380859375 0.1838981328125 0.3759765625 0.17755681875 0.3623046875 0.17755681875 0.3544921875 0.1817843609375 0.3515625 0.1881256765625 0.3515625 0.2473112828125 0.357421875 0.5305566828125 0.365234375 0.7968919109375
0 0.42578125 0.7842092796875 0.4296875 0.8053469968750001 0.4384765625 0.8116883109374999 0.4697265625 0.8074607687500001 0.4755859375 0.8032332249999999 0.478515625 0.7926643671875 0.4765625 0.746161390625 0.4296875 0.13739515625 0.4248046875 0.12259875468749999 0.4072265625 0.12259875468749999 0.3896484375 0.12682629843749998 0.3828125 0.1331676140625 0.380859375 0.1416227 0.380859375 0.166987959375 0.3828125 0.20503585000000002 0.42578125 0.7842092796875
0 0.48046875 0.8053469968750001 0.4833984375 0.8116883109374999 0.5029296875 0.8116883109374999 0.509765625 0.8053469968750001 0.509765625 0.7799817375 0.5078125 0.7419338468750001 0.474609375 0.3064968890625 0.466796875 0.21771847968750002 0.4599609375 0.1648741890625 0.4560546875 0.1606466453125 0.4384765625 0.1606466453125 0.43359375 0.171215503125 0.435546875 0.23040110937499997 0.46484375 0.6235626359374999 0.48046875 0.8053469968750001
0 0.53125 0.7968919109375 0.533203125 0.809574540625 0.5361328125 0.8159158546875 0.5478515625 0.8159158546875 0.5576171875 0.8116883109374999 0.560546875 0.8053469968750001 0.560546875 0.7926643671875 0.48828125 0.1585328734375 0.4853515625 0.1521915578125 0.4677734375 0.1521915578125 0.4638671875 0.1564191015625 0.4609375 0.1627604171875 0.462890625 0.1923532203125 0.48828125 0.42909564375000003 0.53125 0.7968919109375
0 0.5625 0.8053469968750001 0.5673828125 0.8159158546875 0.5830078125 0.8159158546875 0.5859375 0.809574540625 0.5859375 0.7884368234375 0.5234375 0.25576636875 0.51953125 0.234628653125 0.5166015625 0.2282873375 0.5029296875 0.23251488125000003 0.5 0.2388561953125 0.5 0.25999391250000004 0.533203125 0.5601494859375 0.5625 0.8053469968750001
0 0.591796875 0.8053469968750001 0.5947265625 0.8159158546875 0.6123046875 0.8159158546875 0.6201171875 0.8116883109374999 0.625 0.8053469968750001 0.623046875 0.77575419375 0.556640625 0.24308373906249997 0.55078125 0.20503585000000002 0.5478515625 0.198694534375 0.5283203125 0.198694534375 0.5244140625 0.202922078125 0.517578125 0.21771847968750002 0.56640625 0.6151075484375 0.5859375 0.7672991078125 0.591796875 0.8053469968750001
0 0.603515625 0.6362452656250001 0.626953125 0.8053469968750001 0.6298828125 0.8159158546875 0.6357421875 0.8201433984375001 0.6494140625 0.8159158546875 0.65625 0.8053469968750001 0.65625 0.7968919109375 0.5859375 0.27267654218750004 0.5791015625 0.25365259687499997 0.5595703125 0.25365259687499997 0.55859375 0.25576636875 0.55859375 0.26422145625 0.568359375 0.34877232187499996 0.603515625 0.6362452656250001
0 0.6669921875 0.8243709421875 0.6748046875 0.8243709421875 0.6982421875 0.8116883109374999 0.701171875 0.8053469968750001 0.69921875 0.77152665 0.61328125 0.1543053296875 0.6103515625 0.147964015625 0.6044921875 0.147964015625 0.5771484375 0.1564191015625 0.5703125 0.1881256765625 0.56640625 0.226173565625 0.66015625 0.8053469968750001 0.662109375 0.8138020828125001 0.6669921875 0.8243709421875
0 0.701171875 0.809574540625 0.7060546875 0.8243709421875 0.7138671875 0.8243709421875 0.7216796875 0.8201433984375001 0.7265625 0.8138020828125001 0.724609375 0.7842092796875 0.65625 0.28535917187500004 0.6513671875 0.2705627703125 0.6474609375 0.2705627703125 0.6318359375 0.2790178578125 0.630859375 0.281131628125 0.630859375 0.289586715625 0.6328125 0.3064968890625 0.701171875 0.809574540625
0 0.7314453125 0.8243709421875 0.7373046875 0.8243709421875 0.7431640625 0.8201433984375001 0.748046875 0.809574540625 0.7421875 0.7546164765625 0.6640625 0.171215503125 0.6572265625 0.1606466453125 0.6416015625 0.16910173125 0.634765625 0.1796705890625 0.626953125 0.2092633921875 0.625 0.21771847968750002 0.626953125 0.251538825 0.7265625 0.8138020828125001 0.7314453125 0.8243709421875
0 0.75 0.8138020828125001 0.7548828125 0.828598484375 0.7685546875 0.828598484375 0.7763671875 0.8243709421875 0.77734375 0.8222571703125 0.77734375 0.801119453125 0.775390625 0.7842092796875 0.705078125 0.234628653125 0.7021484375 0.22405979375 0.6904296875 0.22405979375 0.6826171875 0.23251488125000003 0.6796875 0.2388561953125 0.677734375 0.2473112828125 0.677734375 0.26422145625 0.6796875 0.281131628125 0.75 0.8138020828125001
0 0.779296875 0.8222571703125 0.7841796875 0.828598484375 0.7880859375 0.828598484375 0.8037109375 0.8243709421875 0.8095703125 0.8201433984375001 0.814453125 0.8138020828125001 0.814453125 0.7926643671875 0.796875 0.6320177218749999 0.75 0.25999391250000004 0.7470703125 0.25365259687499997 0.7333984375 0.25365259687499997 0.7138671875 0.262107684375 0.7109375 0.2684489984375 0.7109375 0.28535917187500004 0.71484375 0.31917951875 0.779296875 0.8222571703125
0 0.8251953125 0.828598484375 0.8408203125 0.828598484375 0.84765625 0.8180296265625 0.84765625 0.809574540625 0.77734375 0.1838981328125 0.7685546875 0.1564191015625 0.7568359375 0.1564191015625 0.7490234375 0.1606466453125 0.7431640625 0.16910173125 0.73046875 0.1965807625 0.7109375 0.2473112828125 0.7109375 0.251538825 0.8203125 0.8138020828125001 0.8251953125 0.828598484375
0 0.8486328125 0.828598484375 0.8662109375 0.828598484375 0.869140625 0.8222571703125 0.869140625 0.8053469968750001 0.8671875 0.7842092796875 0.80859375 0.24308373906249997 0.80078125 0.1796705890625 0.798828125 0.171215503125 0.7939453125 0.1606466453125 0.7841796875 0.1606466453125 0.7783203125 0.1648741890625 0.7734375 0.175443046875 0.78125 0.25576636875 0.84765625 0.8264847124999999 0.8486328125 0.828598484375
0 0.8779296875 0.832826028125 0.8974609375 0.832826028125 0.9072265625 0.828598484375 0.9140625 0.8180296265625 0.9140625 0.801119453125 0.912109375 0.77575419375 0.861328125 0.26422145625 0.85546875 0.2219460234375 0.8525390625 0.2156047078125 0.8076171875 0.2156047078125 0.8046875 0.2219460234375 0.8046875 0.234628653125 0.87109375 0.8222571703125 0.8779296875 0.832826028125
0 0.9140625 0.8222571703125 0.9189453125 0.832826028125 0.9365234375 0.832826028125 0.94140625 0.8222571703125 0.939453125 0.7884368234375 0.8828125 0.2092633921875 0.8798828125 0.202922078125 0.8603515625 0.202922078125 0.8564453125 0.20714962187500002 0.85546875 0.2092633921875 0.85546875 0.2219460234375 0.89453125 0.6404728078125 0.9140625 0.8222571703125
1 0.5732421875 0.6468141234375 0.5810546875 0.6468141234375 0.5966796875 0.6383590375 0.603515625 0.6320177218749999 0.603515625 0.6193350921875 0.599609375 0.5855147453125 0.5966796875 0.57917343125 0.5712890625 0.5918560609375 0.5673828125 0.5960836031250001 0.56640625 0.598197375 0.56640625 0.6108800046875 0.5703125 0.6404728078125 0.5732421875 0.6468141234375
1 0.6083984375 0.6510416671875 0.6298828125 0.6425865796875 0.6328125 0.6362452656250001 0.630859375 0.6108800046875 0.6259765625 0.5876285171875 0.6201171875 0.5876285171875 0.6044921875 0.5960836031250001 0.6015625 0.6024249187499999 0.6015625 0.6151075484375 0.60546875 0.6447003515625 0.6083984375 0.6510416671875
1 0.6494140625 0.6468141234375 0.6728515625 0.63413149375 0.67578125 0.6277901781249999 0.67578125 0.6151075484375 0.671875 0.5855147453125 0.6689453125 0.57917343125 0.6630859375 0.57917343125 0.6396484375 0.5918560609375 0.6357421875 0.5960836031250001 0.634765625 0.598197375 0.638671875 0.6320177218749999 0.6435546875 0.6468141234375 0.6494140625 0.6468141234375
1 0.7080078125 0.659496753125 0.7177734375 0.655269209375 0.724609375 0.6489278953125 0.724609375 0.6320177218749999 0.7197265625 0.600311146875 0.7099609375 0.600311146875 0.7021484375 0.604538690625 0.701171875 0.6066524624999999 0.701171875 0.6277901781249999 0.705078125 0.6531554390625 0.7080078125 0.659496753125
1 0.6904296875 0.655269209375 0.703125 0.6447003515625 0.703125 0.6320177218749999 0.701171875 0.6151075484375 0.6962890625 0.5918560609375 0.6923828125 0.5918560609375 0.6787109375 0.600311146875 0.67578125 0.6066524624999999 0.67578125 0.6193350921875 0.6826171875 0.655269209375 0.6904296875 0.655269209375
1 0.7373046875 0.659496753125 0.7451171875 0.659496753125 0.755859375 0.6489278953125 0.755859375 0.6277901781249999 0.751953125 0.6024249187499999 0.7490234375 0.5960836031250001 0.7451171875 0.5960836031250001 0.7294921875 0.604538690625 0.728515625 0.6066524624999999 0.728515625 0.6151075484375 0.732421875 0.6447003515625 0.7373046875 0.659496753125
1 0.7919921875 0.6468141234375 0.796875 0.6404728078125 0.791015625 0.5939698328125 0.7880859375 0.5876285171875 0.7529296875 0.600311146875 0.751953125 0.6066524624999999 0.755859375 0.6404728078125 0.7587890625 0.655269209375 0.7919921875 0.6468141234375
1 0.8134765625 0.655269209375 0.826171875 0.6489278953125 0.826171875 0.6320177218749999 0.822265625 0.598197375 0.8193359375 0.5918560609375 0.7958984375 0.600311146875 0.794921875 0.6024249187499999 0.794921875 0.6235626359374999 0.8017578125 0.655269209375 0.8134765625 0.655269209375
1 0.8291015625 0.6510416671875 0.8388671875 0.6510416671875 0.849609375 0.6447003515625 0.849609375 0.6320177218749999 0.845703125 0.598197375 0.8427734375 0.5918560609375 0.8349609375 0.5918560609375 0.8232421875 0.5960836031250001 0.822265625 0.598197375 0.822265625 0.6066524624999999 0.826171875 0.6404728078125 0.8291015625 0.6510416671875
1 0.8564453125 0.655269209375 0.8935546875 0.655269209375 0.89453125 0.6531554390625 0.89453125 0.6277901781249999 0.892578125 0.6024249187499999 0.8876953125 0.5918560609375 0.8583984375 0.600311146875 0.8525390625 0.604538690625 0.8515625 0.6066524624999999 0.8515625 0.6235626359374999 0.853515625 0.6447003515625 0.8564453125 0.655269209375
1 0.9111328125 0.6510416671875 0.923828125 0.6447003515625 0.919921875 0.6024249187499999 0.9169921875 0.5918560609375 0.8974609375 0.5960836031250001 0.8935546875 0.600311146875 0.892578125 0.6024249187499999 0.892578125 0.6193350921875 0.8974609375 0.6510416671875 0.9111328125 0.6510416671875
0 0.201171875 0.175443046875 0.201171875 0.166987959375 0.1982421875 0.1606466453125 0.1611328125 0.093005953125 0.1494140625 0.0760957796875 0.1435546875 0.0718682359375 0.1376953125 0.0718682359375 0.134765625 0.07820955156250001 0.1328125 0.1331676140625 0.125 0.5897422890625 0.123046875 0.77575419375 0.1259765625 0.7905505953125 0.1318359375 0.7905505953125 0.201171875 0.175443046875