1 0.0869140625 0.68908955625 0.087890625 0.6869757843750001 0.08984375 0.6658380687500001 0.08984375 0.6320177218749999 0.0869140625 0.62567640625 0.0341796875 0.62567640625 0.033203125 0.6277901781249999 0.03125 0.6447003515625 0.03125 0.6869757843750001 0.0322265625 0.68908955625 0.0869140625 0.68908955625
1 0.0986328125 0.7102272734375 0.103515625 0.7038859578125 0.103515625 0.6447003515625 0.1025390625 0.6425865796875 0.0908203125 0.6425865796875 0.08984375 0.6447003515625 0.08984375 0.7081135015625 0.0908203125 0.7102272734375 0.0986328125 0.7102272734375
1 0.2119140625 0.6848620125 0.21484375 0.6785206984375 0.21484375 0.6193350921875 0.2138671875 0.6172213203125 0.1591796875 0.6172213203125 0.15625 0.6235626359374999 0.15625 0.6785206984375 0.1591796875 0.6848620125 0.2119140625 0.6848620125
1 0.1513671875 0.6848620125 0.154296875 0.6785206984375 0.15625 0.6235626359374999 0.1533203125 0.6172213203125 0.1083984375 0.6172213203125 0.10546875 0.6235626359374999 0.103515625 0.6320177218749999 0.103515625 0.682748240625 0.1044921875 0.6848620125 0.1513671875 0.6848620125
1 0.2666015625 0.7229099031249999 0.26953125 0.7165685875000001 0.26953125 0.6573829812499999 0.2685546875 0.655269209375 0.2177734375 0.655269209375 0.21484375 0.6616105250000001 0.21484375 0.7165685875000001 0.2177734375 0.7229099031249999 0.2666015625 0.7229099031249999
1 0.3427734375 0.714454815625 0.3486328125 0.714454815625 0.3603515625 0.7059997296875 0.365234375 0.695430871875 0.36328125 0.6658380687500001 0.359375 0.6447003515625 0.3564453125 0.6383590375 0.3447265625 0.6425865796875 0.3369140625 0.6510416671875 0.333984375 0.6573829812499999 0.333984375 0.6616105250000001 0.33984375 0.7038859578125 0.3427734375 0.714454815625
1 0.3740234375 0.7059997296875 0.3779296875 0.7059997296875 0.3896484375 0.6975446421875 0.4072265625 0.6806344703125 0.41015625 0.6742931546875 0.404296875 0.6320177218749999 0.3994140625 0.6172213203125 0.3662109375 0.6383590375 0.36328125 0.6447003515625 0.36328125 0.6489278953125 0.37109375 0.6996584140625 0.3740234375 0.7059997296875
1 0.4169921875 0.7017721859375 0.4208984375 0.7017721859375 0.4521484375 0.6806344703125 0.45703125 0.6700656109375001 0.45703125 0.6616105250000001 0.451171875 0.6235626359374999 0.4462890625 0.608766234375 0.4111328125 0.63413149375 0.408203125 0.6404728078125 0.408203125 0.6531554390625 0.4140625 0.6912033281250001 0.4169921875 0.7017721859375
1 0.4677734375 0.7102272734375 0.509765625 0.6742931546875 0.509765625 0.6616105250000001 0.5009765625 0.608766234375 0.4951171875 0.608766234375 0.4658203125 0.62990395 0.4580078125 0.6383590375 0.45703125 0.6404728078125 0.45703125 0.6531554390625 0.462890625 0.695430871875 0.4677734375 0.7102272734375
1 0.54296875 0.6912033281250001 0.5458984375 0.6975446421875 0.5498046875 0.6975446421875 0.5615234375 0.68908955625 0.5625 0.6869757843750001 0.5625 0.6742931546875 0.5546875 0.6320177218749999 0.5498046875 0.6214488640625 0.5380859375 0.62990395 0.53515625 0.6362452656250001 0.53515625 0.6447003515625 0.5390625 0.6742931546875 0.54296875 0.6912033281250001
1 0.5771484375 0.7017721859375 0.6142578125 0.6764069265625 0.6171875 0.6700656109375001 0.6171875 0.6531554390625 0.611328125 0.6151075484375 0.6083984375 0.608766234375 0.6025390625 0.608766234375 0.5595703125 0.6383590375 0.55859375 0.6404728078125 0.55859375 0.6489278953125 0.5673828125 0.7017721859375 0.5771484375 0.7017721859375
1 0.5185546875 0.7017721859375 0.5244140625 0.7017721859375 0.5390625 0.6869757843750001 0.5390625 0.6785206984375 0.533203125 0.6404728078125 0.5283203125 0.62567640625 0.5244140625 0.62567640625 0.5087890625 0.6383590375 0.5078125 0.6404728078125 0.5078125 0.6489278953125 0.513671875 0.6869757843750001 0.5185546875 0.7017721859375
1 0.6318359375 0.7017721859375 0.6376953125 0.7017721859375 0.6728515625 0.6806344703125 0.6796875 0.6700656109375001 0.671875 0.6193350921875 0.6689453125 0.608766234375 0.6552734375 0.6129937765625 0.6220703125 0.6383590375 0.62109375 0.6404728078125 0.62109375 0.6489278953125 0.626953125 0.682748240625 0.6318359375 0.7017721859375
1 0.6943359375 0.7017721859375 0.712890625 0.6912033281250001 0.712890625 0.6742931546875 0.70703125 0.6362452656250001 0.7021484375 0.6214488640625 0.6806640625 0.63413149375 0.67578125 0.6447003515625 0.681640625 0.682748240625 0.6865234375 0.7017721859375 0.6943359375 0.7017721859375
1 0.7177734375 0.7017721859375 0.7275390625 0.7017721859375 0.7353515625 0.6975446421875 0.7412109375 0.6933171 0.744140625 0.6869757843750001 0.736328125 0.6320177218749999 0.7333984375 0.6214488640625 0.7275390625 0.6214488640625 0.7099609375 0.6383590375 0.708984375 0.6404728078125 0.708984375 0.6531554390625 0.71484375 0.6912033281250001 0.7177734375 0.7017721859375
1 0.7666015625 0.68908955625 0.7958984375 0.68908955625 0.8330078125 0.6848620125 0.833984375 0.682748240625 0.833984375 0.6277901781249999 0.8310546875 0.6172213203125 0.7841796875 0.6172213203125 0.7646484375 0.6214488640625 0.76171875 0.6277901781249999 0.76171875 0.6320177218749999 0.763671875 0.6785206984375 0.7666015625 0.68908955625
1 0.8388671875 0.6806344703125 0.8759765625 0.6806344703125 0.876953125 0.6785206984375 0.875 0.6151075484375 0.8720703125 0.608766234375 0.8369140625 0.6129937765625 0.833984375 0.6193350921875 0.833984375 0.6320177218749999 0.8359375 0.6742931546875 0.8388671875 0.6806344703125
1 0.9794921875 0.6806344703125 0.982421875 0.6742931546875 0.98046875 0.6235626359374999 0.9775390625 0.608766234375 0.9287109375 0.6129937765625 0.927734375 0.6151075484375 0.927734375 0.6742931546875 0.9306640625 0.6806344703125 0.9794921875 0.6806344703125
1 0.9248046875 0.6806344703125 0.927734375 0.6742931546875 0.92578125 0.6151075484375 0.9228515625 0.608766234375 0.8779296875 0.6129937765625 0.876953125 0.6151075484375 0.876953125 0.6742931546875 0.8798828125 0.6806344703125 0.9248046875 0.6806344703125
0 0 0.8856703187500001 0.0087890625 0.892011634375 0.0224609375 0.8877840906250001 0.0234375 0.8856703187500001 0.091796875 0.11625744062500001 0.0888671875 0.109916125 0.0478515625 0.0718682359375 0.0361328125 0.06341315 0.0146484375 0.06341315 0.0107421875 0.06764069218749999 0.009765625 0.0697544640625 0.00390625 0.25999391250000004 0 0.4248681 0 0.8856703187500001
0 0.0771484375 0.9004667203125001 0.0810546875 0.896239178125 0.083984375 0.8856703187500001 0.1015625 0.171215503125 0.1015625 0.12894007031250002 0.0908203125 0.12259875468749999 0.0595703125 0.12259875468749999 0.0458984375 0.12682629843749998 0.04296875 0.13739515625 0.041015625 0.1627604171875 0.02734375 0.83071225625 0.02734375 0.89412540625 0.0322265625 0.9004667203125001 0.0771484375 0.9004667203125001
0 0.1357421875 0.9046942640625 0.1455078125 0.9004667203125001 0.150390625 0.8856703187500001 0.154296875 0.72079613125 0.1640625 0.12471252656250001 0.1640625 0.052844290625 0.1630859375 0.050730518749999995 0.1455078125 0.0465029765625 0.1181640625 0.0465029765625 0.115234375 0.052844290625 0.11328125 0.0655269203125 0.10546875 0.5009638796875 0.099609375 0.8814427765625 0.1015625 0.8983529484374999 0.1064453125 0.9046942640625 0.1357421875 0.9046942640625
0 0.0966796875 0.9004667203125001 0.099609375 0.89412540625 0.1015625 0.8687601468749999 0.111328125 0.28535917187500004 0.111328125 0.1500777875 0.1103515625 0.147964015625 0.1044921875 0.147964015625 0.1015625 0.1543053296875 0.099609375 0.20503585000000002 0.083984375 0.8476224296874999 0.083984375 0.8983529484374999 0.0849609375 0.9004667203125001 0.0966796875 0.9004667203125001
0 0.1982421875 0.9046942640625 0.2041015625 0.9004667203125001 0.208984375 0.8898978625 0.2109375 0.8560775156249999 0.212890625 0.77575419375 0.224609375 0.0993472671875 0.224609375 0.0697544640625 0.2158203125 0.050730518749999995 0.1689453125 0.0465029765625 0.1640625 0.057071834375 0.16015625 0.3064968890625 0.15234375 0.809574540625 0.15234375 0.8983529484374999 0.1572265625 0.9046942640625 0.1982421875 0.9046942640625
0 0.2431640625 0.9046942640625 0.2568359375 0.9004667203125001 0.2705078125 0.892011634375 0.2861328125 0.8793290046875001 0.2998046875 0.86241883125 0.31640625 0.8264847124999999 0.33203125 0.7799817375 0.341796875 0.7419338468750001 0.341796875 0.7377063046875 0.287109375 0.1500777875 0.28515625 0.1416227 0.2744140625 0.1183712125 0.2646484375 0.1014610390625 0.2255859375 0.1056885828125 0.22265625 0.11625744062500001 0.220703125 0.2219460234375 0.2109375 0.8898978625 0.2177734375 0.9004667203125001 0.2275390625 0.9046942640625 0.2431640625 0.9046942640625
0 0.3671875 0.8983529484374999 0.3701171875 0.9046942640625 0.3720703125 0.9046942640625 0.3916015625 0.892011634375 0.396484375 0.8814427765625 0.396484375 0.8687601468749999 0.39453125 0.8518499734375 0.294921875 0.166987959375 0.2900390625 0.1564191015625 0.2763671875 0.1564191015625 0.26953125 0.1627604171875 0.267578125 0.171215503125 0.26953125 0.1881256765625 0.337890625 0.695430871875 0.3671875 0.8983529484374999
0 0.4033203125 0.9046942640625 0.4130859375 0.9046942640625 0.4326171875 0.892011634375 0.4365234375 0.8877840906250001 0.44140625 0.8772152328124999 0.435546875 0.83071225625 0.388671875 0.5263291390625 0.3359375 0.1965807625 0.330078125 0.171215503125 0.3251953125 0.1606466453125 0.3095703125 0.1606466453125 0.2978515625 0.1648741890625 0.294921875 0.171215503125 0.294921875 0.1965807625 0.400390625 0.8983529484374999 0.4033203125 0.9046942640625
0 0.4501953125 0.91314935 0.4560546875 0.91314935 0.4873046875 0.892011634375 0.490234375 0.8856703187500001 0.4921875 0.8729876890625 0.376953125 0.13739515625 0.375 0.12894007031250002 0.3701171875 0.1183712125 0.3525390625 0.1183712125 0.3349609375 0.12682629843749998 0.330078125 0.13739515625 0.330078125 0.166987959375 0.447265625 0.9068080359374999 0.4501953125 0.91314935
0 0.5009765625 0.9089218078125001 0.5146484375 0.9089218078125001 0.5341796875 0.896239178125 0.5380859375 0.892011634375 0.54296875 0.8814427765625 0.54296875 0.864532603125 0.435546875 0.1923532203125 0.4287109375 0.17755681875 0.3857421875 0.173329275 0.3828125 0.1796705890625 0.38671875 0.21771847968750002 0.494140625 0.89412540625 0.5009765625 0.9089218078125001
0 0.548828125 0.9025804921875 0.5517578125 0.9089218078125001 0.5595703125 0.9089218078125001 0.5654296875 0.9046942640625 0.572265625 0.89412540625 0.5703125 0.8729876890625 0.46484375 0.1881256765625 0.4609375 0.166987959375 0.4521484375 0.1521915578125 0.4482421875 0.1521915578125 0.4365234375 0.1606466453125 0.43359375 0.166987959375 0.43359375 0.175443046875 0.544921875 0.8856703187500001 0.548828125 0.9025804921875
0 0.57421875 0.9068080359374999 0.5791015625 0.91314935 0.5888671875 0.9089218078125001 0.595703125 0.8983529484374999 0.595703125 0.8898978625 0.48828125 0.1796705890625 0.4755859375 0.1564191015625 0.4638671875 0.1648741890625 0.462890625 0.166987959375 0.462890625 0.1923532203125 0.466796875 0.2219460234375 0.57421875 0.9068080359374999
0 0.59765625 0.9025804921875 0.6044921875 0.91737689375 0.6123046875 0.91737689375 0.6220703125 0.91314935 0.6513671875 0.892011634375 0.654296875 0.8856703187500001 0.654296875 0.8814427765625 0.650390625 0.83071225625 0.541015625 0.14585024375 0.537109375 0.12894007031250002 0.5322265625 0.12259875468749999 0.5224609375 0.12259875468749999 0.4912109375 0.139508928125 0.48828125 0.14585024375 0.486328125 0.1543053296875 0.486328125 0.171215503125 0.552734375 0.6151075484375 0.59765625 0.9025804921875
0 0.6650390625 0.91314935 0.6787109375 0.91314935 0.7060546875 0.892011634375 0.712890625 0.8814427765625 0.712890625 0.8560775156249999 0.603515625 0.1416227 0.5986328125 0.1310538421875 0.5830078125 0.1310538421875 0.5478515625 0.147964015625 0.546875 0.1500777875 0.546875 0.175443046875 0.658203125 0.8983529484374999 0.6650390625 0.91314935
0 0.71484375 0.89412540625 0.7177734375 0.9046942640625 0.7314453125 0.9046942640625 0.7666015625 0.892011634375 0.76953125 0.8814427765625 0.76953125 0.864532603125 0.767578125 0.8476224296874999 0.662109375 0.1331676140625 0.6533203125 0.109916125 0.6416015625 0.109916125 0.63671875 0.11625744062500001 0.611328125 0.175443046875 0.611328125 0.1881256765625 0.63671875 0.37413758124999996 0.71484375 0.89412540625
0 0.7529296875 0.9046942640625 0.7626953125 0.9004667203125001 0.76953125 0.8898978625 0.76953125 0.8560775156249999 0.767578125 0.83916734375 0.662109375 0.1331676140625 0.658203125 0.12048498437499999 0.6533203125 0.109916125 0.6494140625 0.1056885828125 0.6376953125 0.109916125 0.6337890625 0.11414366875 0.62890625 0.12471252656250001 0.626953125 0.1331676140625 0.626953125 0.1416227 0.748046875 0.8983529484374999 0.7529296875 0.9046942640625
0 0.72265625 0.5305566828125 0.771484375 0.89412540625 0.7744140625 0.9046942640625 0.7861328125 0.91314935 0.8115234375 0.91314935 0.8388671875 0.9089218078125001 0.84375 0.9025804921875 0.84375 0.8560775156249999 0.814453125 0.0993472671875 0.8115234375 0.088778409375 0.7705078125 0.088778409375 0.7509765625 0.093005953125 0.734375 0.112029896875 0.712890625 0.1838981328125 0.70703125 0.2092633921875 0.70703125 0.28535917187500004 0.716796875 0.4671435328125 0.72265625 0.5305566828125
0 0.8359375 0.6785206984375 0.84765625 0.8983529484374999 0.8505859375 0.9089218078125001 0.8837890625 0.9089218078125001 0.884765625 0.9068080359374999 0.884765625 0.860305059375 0.8828125 0.7926643671875 0.85546875 0.0951197234375 0.8525390625 0.08032332187499999 0.8310546875 0.08032332187499999 0.8193359375 0.084550865625 0.81640625 0.09089218125000001 0.81640625 0.12894007031250002 0.8203125 0.251538825 0.8359375 0.6785206984375
0 0.8876953125 0.9089218078125001 0.8955078125 0.91314935 0.9306640625 0.91314935 0.935546875 0.9068080359374999 0.935546875 0.8560775156249999 0.90625 0.052844290625 0.9033203125 0.0465029765625 0.8623046875 0.0465029765625 0.8564453125 0.050730518749999995 0.8515625 0.061299378125000005 0.8515625 0.0739820078125 0.884765625 0.8856703187500001 0.8876953125 0.9089218078125001
0 0.9404296875 0.91314935 0.9873046875 0.91314935 0.990234375 0.9068080359374999 0.9921875 0.7968919109375 0.966796875 0.09089218125000001 0.96484375 0.0655269203125 0.962890625 0.0486167484375 0.9599609375 0.0422754328125 0.9150390625 0.0465029765625 0.9072265625 0.050730518749999995 0.90625 0.052844290625 0.90625 0.09089218125000001 0.935546875 0.9025804921875 0.9404296875 0.91314935