0 0 0.682748240625 0.009765625 0.9110355796875 0.01171875 0.9194906656249999 0.0185546875 0.9300595234375001 0.0595703125 0.9300595234375001 0.06640625 0.9194906656249999 0.06640625 0.9025804921875 0.02734375 0.1838981328125 0.0244140625 0.17755681875 0.0009765625 0.17755681875 0 0.1796705890625 0 0.682748240625
0 0.06640625 0.9194906656249999 0.0693359375 0.92583198125 0.0771484375 0.9300595234375001 0.083984375 0.9194906656249999 0.083984375 0.8983529484374999 0.05078125 0.175443046875 0.048828125 0.1543053296875 0.0458984375 0.147964015625 0.0341796875 0.147964015625 0.029296875 0.1543053296875 0.02734375 0.1627604171875 0.02734375 0.1881256765625 0.03515625 0.34877232187499996 0.06640625 0.9194906656249999
0 0.083984375 0.9110355796875 0.0888671875 0.92583198125 0.1025390625 0.9385146109375 0.1123046875 0.9385146109375 0.1201171875 0.9342870671875 0.123046875 0.9279457515624999 0.123046875 0.8814427765625 0.09765625 0.1416227 0.0947265625 0.1352813859375 0.0791015625 0.1310538421875 0.0537109375 0.1310538421875 0.05078125 0.13739515625 0.05078125 0.1796705890625 0.08203125 0.8856703187500001 0.083984375 0.9110355796875
0 0.130859375 0.944855925 0.1337890625 0.9681074140625 0.1376953125 0.9723349562499999 0.1494140625 0.9723349562499999 0.1591796875 0.9681074140625 0.1728515625 0.9554247828125 0.17578125 0.9490834687499999 0.17578125 0.915263121875 0.154296875 0.3825926671875 0.14453125 0.1881256765625 0.142578125 0.1543053296875 0.1396484375 0.143736471875 0.1279296875 0.139508928125 0.1181640625 0.139508928125 0.1064453125 0.143736471875 0.1025390625 0.147964015625 0.099609375 0.1543053296875 0.099609375 0.1923532203125 0.1015625 0.251538825 0.130859375 0.944855925
0 0.1806640625 0.9511972406250001 0.1884765625 0.9554247828125 0.2275390625 0.9554247828125 0.232421875 0.944855925 0.232421875 0.77152665 0.23046875 0.695430871875 0.20703125 0.107802353125 0.2041015625 0.1014610390625 0.1474609375 0.1056885828125 0.142578125 0.11625744062500001 0.142578125 0.1331676140625 0.17578125 0.9406283828124999 0.1806640625 0.9511972406250001
0 0.2353515625 0.9723349562499999 0.2470703125 0.9765625 0.2900390625 0.9765625 0.3134765625 0.9723349562499999 0.3212890625 0.9638798703125 0.32421875 0.9533110125 0.32421875 0.864532603125 0.30078125 0.107802353125 0.2939453125 0.0972334953125 0.2744140625 0.0972334953125 0.2158203125 0.1014610390625 0.2080078125 0.109916125 0.20703125 0.112029896875 0.20703125 0.1416227 0.232421875 0.9617660984375 0.2353515625 0.9723349562499999
0 0.337890625 0.944855925 0.3427734375 0.9511972406250001 0.3662109375 0.9511972406250001 0.375 0.9406283828124999 0.388671875 0.8729876890625 0.39453125 0.7630715640625 0.39453125 0.71234104375 0.341796875 0.107802353125 0.3408203125 0.1056885828125 0.3056640625 0.1056885828125 0.302734375 0.112029896875 0.30078125 0.12471252656250001 0.30078125 0.1543053296875 0.3203125 0.6277901781249999 0.337890625 0.944855925
0 0.419921875 0.9533110125 0.4228515625 0.9596523265625001 0.4501953125 0.9596523265625001 0.4609375 0.9490834687499999 0.4609375 0.9279457515624999 0.404296875 0.107802353125 0.4013671875 0.1014610390625 0.3876953125 0.088778409375 0.3798828125 0.088778409375 0.3466796875 0.1014610390625 0.345703125 0.10357481093750001 0.345703125 0.13739515625 0.3984375 0.7334787609375 0.419921875 0.9533110125
0 0.447265625 0.7377063046875 0.470703125 0.9659936421875001 0.4736328125 0.9765625 0.4990234375 0.9765625 0.5087890625 0.9723349562499999 0.515625 0.9575385546874999 0.515625 0.9490834687499999 0.4453125 0.1331676140625 0.4384765625 0.1183712125 0.4306640625 0.11414366875 0.4111328125 0.1183712125 0.3955078125 0.12682629843749998 0.392578125 0.1331676140625 0.392578125 0.166987959375 0.3984375 0.234628653125 0.447265625 0.7377063046875
0 0.515625 0.9490834687499999 0.51953125 0.9659936421875001 0.5224609375 0.9723349562499999 0.5380859375 0.9765625 0.5478515625 0.9723349562499999 0.552734375 0.9617660984375 0.552734375 0.944855925 0.55078125 0.9194906656249999 0.498046875 0.340317234375 0.478515625 0.13739515625 0.4755859375 0.1310538421875 0.4619140625 0.1310538421875 0.4462890625 0.139508928125 0.443359375 0.14585024375 0.443359375 0.171215503125 0.4453125 0.1965807625 0.515625 0.9490834687499999
0 0.556640625 0.974448728125 0.5595703125 0.9807900437500001 0.5732421875 0.9807900437500001 0.5830078125 0.9765625 0.5859375 0.9702211843749999 0.583984375 0.9279457515624999 0.5234375 0.1543053296875 0.521484375 0.1416227 0.5126953125 0.1183712125 0.5048828125 0.1183712125 0.4833984375 0.12682629843749998 0.48046875 0.1331676140625 0.48046875 0.14585024375 0.552734375 0.9533110125 0.556640625 0.974448728125
0 0.58984375 0.9659936421875001 0.5947265625 0.9765625 0.6318359375 0.9765625 0.6328125 0.974448728125 0.6328125 0.8983529484374999 0.630859375 0.695430871875 0.623046875 0.171215503125 0.62109375 0.0993472671875 0.6201171875 0.0972334953125 0.5830078125 0.0972334953125 0.5791015625 0.1014610390625 0.578125 0.10357481093750001 0.578125 0.2684489984375 0.583984375 0.682748240625 0.58984375 0.9659936421875001
0 0.63671875 0.9702211843749999 0.6416015625 0.9850175859375 0.6494140625 0.9892451296875 0.6806640625 0.9892451296875 0.68359375 0.978676271875 0.68359375 0.9279457515624999 0.67578125 0.0951197234375 0.6728515625 0.088778409375 0.6357421875 0.088778409375 0.6318359375 0.093005953125 0.62890625 0.0993472671875 0.62890625 0.175443046875 0.6328125 0.7334787609375 0.63671875 0.9702211843749999
0 0.6875 0.9617660984375 0.6904296875 0.9850175859375 0.6962890625 0.9892451296875 0.7216796875 0.9892451296875 0.728515625 0.9829038156250001 0.73046875 0.7672991078125 0.728515625 0.0105688578125 0.7236328125 0 0.6904296875 0.00422754375 0.6865234375 0.008455085937499999 0.6796875 0.0232514875 0.6796875 0.10357481093750001 0.68359375 0.6996584140625 0.6875 0.9617660984375
0 0.73828125 0.974448728125 0.7431640625 0.9850175859375 0.7470703125 0.9892451296875 0.7802734375 0.9892451296875 0.783203125 0.9829038156250001 0.783203125 0.6785206984375 0.779296875 0.107802353125 0.7744140625 0.093005953125 0.7607421875 0.093005953125 0.7412109375 0.0972334953125 0.7333984375 0.1014610390625 0.73046875 0.107802353125 0.73046875 0.41218547031249997 0.732421875 0.7419338468750001 0.73828125 0.974448728125
0 0.7919921875 0.9892451296875 0.8017578125 0.9934726734374999 0.8525390625 0.9934726734374999 0.8603515625 0.9892451296875 0.86328125 0.9829038156250001 0.87109375 0.052844290625 0.8662109375 0.0422754328125 0.7919921875 0.050730518749999995 0.7841796875 0.0549580625 0.7685546875 0.0718682359375 0.765625 0.07820955156250001 0.765625 0.08243709375 0.787109375 0.978676271875 0.7919921875 0.9892451296875
0 0.8837890625 0.9934726734374999 0.9052734375 0.9934726734374999 0.9150390625 0.9892451296875 0.91796875 0.9829038156250001 0.919921875 0.9702211843749999 0.927734375 0.1500777875 0.927734375 0.0697544640625 0.9248046875 0.06341315 0.8759765625 0.06341315 0.873046875 0.0697544640625 0.87109375 0.09089218125000001 0.8671875 0.2134909359375 0.865234375 0.53901176875 0.865234375 0.978676271875 0.8681640625 0.9850175859375 0.8837890625 0.9934726734374999
0 0.9423828125 0.9765625 0.9580078125 0.9765625 0.96484375 0.9702211843749999 0.96875 0.9321732953125 0.97265625 0.314951975 0.97265625 0.09089218125000001 0.970703125 0.08243709375 0.9658203125 0.0760957796875 0.9306640625 0.08032332187499999 0.927734375 0.0866646375 0.92578125 0.1543053296875 0.919921875 0.7630715640625 0.919921875 0.9702211843749999 0.9208984375 0.9723349562499999 0.9423828125 0.9765625
1 0.03046875 0.7171875 0.05546875 0.0578125
1 0.06171875 0.70234375 0.02578125 0.06015625
1 0.09453125 0.70625 0.04140625 0.0890625
1 0.14296875 0.72265625 0.0484375 0.08671875
1 0.20078125 0.7203125 0.065625 0.1046875
1 0.27265625 0.73203125 0.08046875 0.0875
1 0.3515625 0.721875 0.05234375 0.0640625
1 0.41953125 0.7234375 0.05625 0.07265625
1 0.46953125 0.72890625 0.05 0.0734375
1 0.5125 0.73046875 0.04375 0.07578125
1 0.5484375 0.72109375 0.04140625 0.0734375
1 0.6078125 0.73125 0.05234375 0.0875
1 0.66015625 0.7296875 0.05 0.07734375
1 0.709375 0.7296875 0.0484375 0.09609375
1 0.759375 0.7265625 0.059375 0.0953125
1 0.82734375 0.721875 0.08515625 0.10234375
1 0.89609375 0.71796875 0.05390625 0.11875
1 0.946875 0.709375 0.04375 0.090625