1 0.0986328125 0.68908955625 0.10546875 0.6785206984375 0.103515625 0.6320177218749999 0.1005859375 0.62567640625 0.0908203125 0.62990395 0.087890625 0.6362452656250001 0.08984375 0.682748240625 0.0927734375 0.68908955625 0.0986328125 0.68908955625
1 0.1669921875 0.68908955625 0.169921875 0.682748240625 0.169921875 0.6320177218749999 0.1689453125 0.62990395 0.1318359375 0.62990395 0.130859375 0.6320177218749999 0.130859375 0.6785206984375 0.1337890625 0.68908955625 0.1669921875 0.68908955625
1 0.2080078125 0.6848620125 0.208984375 0.682748240625 0.208984375 0.6277901781249999 0.2080078125 0.62567640625 0.1708984375 0.62567640625 0.169921875 0.6277901781249999 0.169921875 0.6785206984375 0.1728515625 0.6848620125 0.2080078125 0.6848620125
1 0.1298828125 0.6806344703125 0.130859375 0.6785206984375 0.130859375 0.6235626359374999 0.1298828125 0.6214488640625 0.1044921875 0.6214488640625 0.1015625 0.6277901781249999 0.103515625 0.6742931546875 0.1064453125 0.6806344703125 0.1298828125 0.6806344703125
1 0.2216796875 0.6848620125 0.2333984375 0.6806344703125 0.234375 0.6785206984375 0.234375 0.6447003515625 0.232421875 0.6235626359374999 0.2314453125 0.6214488640625 0.2099609375 0.6214488640625 0.208984375 0.6235626359374999 0.208984375 0.6785206984375 0.2119140625 0.6848620125 0.2216796875 0.6848620125
1 0.2568359375 0.6848620125 0.26171875 0.6700656109375001 0.259765625 0.6235626359374999 0.2587890625 0.6214488640625 0.2373046875 0.6214488640625 0.234375 0.6277901781249999 0.234375 0.6785206984375 0.2373046875 0.6848620125 0.2568359375 0.6848620125
1 0.2861328125 0.6848620125 0.287109375 0.682748240625 0.287109375 0.6447003515625 0.28515625 0.6277901781249999 0.2822265625 0.6214488640625 0.2626953125 0.6214488640625 0.26171875 0.6235626359374999 0.26171875 0.6785206984375 0.2646484375 0.6848620125 0.2861328125 0.6848620125
1 0.3037109375 0.68908955625 0.3134765625 0.6848620125 0.31640625 0.6785206984375 0.314453125 0.6320177218749999 0.3115234375 0.62567640625 0.2880859375 0.62567640625 0.287109375 0.6277901781249999 0.287109375 0.6785206984375 0.2900390625 0.68908955625 0.3037109375 0.68908955625
1 0.3408203125 0.6848620125 0.341796875 0.682748240625 0.341796875 0.6277901781249999 0.3388671875 0.6214488640625 0.3173828125 0.62567640625 0.314453125 0.6320177218749999 0.31640625 0.682748240625 0.3173828125 0.6848620125 0.3408203125 0.6848620125
1 0.3447265625 0.6848620125 0.3681640625 0.6848620125 0.37109375 0.6742931546875 0.369140625 0.6277901781249999 0.3681640625 0.62567640625 0.3447265625 0.62567640625 0.341796875 0.6320177218749999 0.341796875 0.6531554390625 0.34375 0.682748240625 0.3447265625 0.6848620125
1 0.3974609375 0.6848620125 0.400390625 0.6785206984375 0.400390625 0.6404728078125 0.3984375 0.6277901781249999 0.3955078125 0.6214488640625 0.3720703125 0.6214488640625 0.37109375 0.6235626359374999 0.37109375 0.6785206984375 0.3740234375 0.6848620125 0.3974609375 0.6848620125
1 0.4267578125 0.6848620125 0.4296875 0.6742931546875 0.4296875 0.6404728078125 0.427734375 0.6235626359374999 0.4267578125 0.6214488640625 0.4033203125 0.6214488640625 0.40234375 0.6235626359374999 0.400390625 0.6320177218749999 0.40234375 0.682748240625 0.4033203125 0.6848620125 0.4267578125 0.6848620125
1 0.4501953125 0.6764069265625 0.4658203125 0.6721793828125 0.466796875 0.6700656109375001 0.466796875 0.6193350921875 0.4658203125 0.6172213203125 0.4462890625 0.6172213203125 0.4306640625 0.6214488640625 0.4296875 0.6235626359374999 0.4296875 0.6742931546875 0.4306640625 0.6764069265625 0.4501953125 0.6764069265625
1 0.4912109375 0.6764069265625 0.4921875 0.6742931546875 0.4921875 0.6235626359374999 0.4912109375 0.6214488640625 0.4677734375 0.6214488640625 0.466796875 0.6235626359374999 0.466796875 0.6742931546875 0.4677734375 0.6764069265625 0.4912109375 0.6764069265625
1 0.5166015625 0.6764069265625 0.51953125 0.6700656109375001 0.51953125 0.6235626359374999 0.5166015625 0.6172213203125 0.4951171875 0.6214488640625 0.4921875 0.6277901781249999 0.494140625 0.6742931546875 0.4951171875 0.6764069265625 0.5166015625 0.6764069265625
1 0.5478515625 0.6764069265625 0.5546875 0.6700656109375001 0.5546875 0.6235626359374999 0.5517578125 0.6172213203125 0.5205078125 0.6214488640625 0.51953125 0.6235626359374999 0.51953125 0.6531554390625 0.5224609375 0.6764069265625 0.5478515625 0.6764069265625
1 0.5712890625 0.6806344703125 0.5830078125 0.6764069265625 0.5859375 0.6700656109375001 0.5859375 0.6277901781249999 0.5830078125 0.6172213203125 0.5576171875 0.6214488640625 0.5546875 0.6277901781249999 0.5546875 0.6700656109375001 0.5576171875 0.6806344703125 0.5712890625 0.6806344703125
1 0.5888671875 0.6806344703125 0.6220703125 0.6806344703125 0.623046875 0.6785206984375 0.623046875 0.6277901781249999 0.6201171875 0.6214488640625 0.5947265625 0.6214488640625 0.5888671875 0.62567640625 0.5859375 0.6320177218749999 0.5859375 0.6489278953125 0.587890625 0.6785206984375 0.5888671875 0.6806344703125
1 0.6416015625 0.6848620125 0.6591796875 0.6806344703125 0.66015625 0.6785206984375 0.66015625 0.6277901781249999 0.6572265625 0.6214488640625 0.6259765625 0.62567640625 0.625 0.6277901781249999 0.625 0.6785206984375 0.6279296875 0.6848620125 0.6416015625 0.6848620125
1 0.6943359375 0.6806344703125 0.69921875 0.6742931546875 0.69921875 0.6235626359374999 0.6982421875 0.6214488640625 0.6806640625 0.6214488640625 0.6611328125 0.62567640625 0.66015625 0.6277901781249999 0.66015625 0.6742931546875 0.6630859375 0.6806344703125 0.6943359375 0.6806344703125
1 0.7236328125 0.6848620125 0.7392578125 0.6806344703125 0.740234375 0.6785206984375 0.740234375 0.6235626359374999 0.7392578125 0.6214488640625 0.7099609375 0.62567640625 0.7041015625 0.62990395 0.703125 0.6320177218749999 0.703125 0.6785206984375 0.7060546875 0.6848620125 0.7236328125 0.6848620125
1 0.7822265625 0.6721793828125 0.783203125 0.6700656109375001 0.78515625 0.6404728078125 0.78515625 0.6193350921875 0.7822265625 0.6129937765625 0.7646484375 0.6129937765625 0.76171875 0.6193350921875 0.76171875 0.6700656109375001 0.7705078125 0.6764069265625 0.7822265625 0.6721793828125
1 0.8408203125 0.6848620125 0.8583984375 0.6806344703125 0.861328125 0.6742931546875 0.86328125 0.6320177218749999 0.8603515625 0.6214488640625 0.7998046875 0.62567640625 0.798828125 0.6277901781249999 0.798828125 0.6785206984375 0.8017578125 0.6848620125 0.8408203125 0.6848620125
1 0.9091796875 0.6679518390625 0.9326171875 0.663724296875 0.935546875 0.6573829812499999 0.9375 0.6108800046875 0.9345703125 0.604538690625 0.8779296875 0.6129937765625 0.876953125 0.6151075484375 0.876953125 0.6658380687500001 0.8779296875 0.6679518390625 0.9091796875 0.6679518390625
1 1 0.6193350921875 0.9990234375 0.6172213203125 0.9658203125 0.6172213203125 0.96484375 0.6193350921875 0.962890625 0.6447003515625 0.962890625 0.6700656109375001 0.9638671875 0.6721793828125 0.9990234375 0.6721793828125 1 0.6700656109375001 1 0.6193350921875
1 0.7587890625 0.6764069265625 0.76171875 0.6700656109375001 0.76171875 0.6193350921875 0.7607421875 0.6172213203125 0.7529296875 0.6172213203125 0.7412109375 0.6214488640625 0.740234375 0.6235626359374999 0.740234375 0.6742931546875 0.7412109375 0.6764069265625 0.7587890625 0.6764069265625
0 0.0986328125 0.86241883125 0.1083984375 0.86241883125 0.109375 0.860305059375 0.109375 0.8053469968750001 0.10546875 0.695430871875 0.1025390625 0.6806344703125 0.0927734375 0.6764069265625 0.091796875 0.6785206984375 0.091796875 0.7546164765625 0.095703125 0.8560775156249999 0.0986328125 0.86241883125
0 0.08984375 0.6404728078125 0.0927734375 0.6425865796875 0.1015625 0.6277901781249999 0.103515625 0.061299378125000005 0.0986328125 0.0549580625 0.0830078125 0.050730518749999995 0.0712890625 0.050730518749999995 0.0703125 0.052844290625 0.0703125 0.08243709375 0.087890625 0.6277901781249999 0.08984375 0.6404728078125
0 0.1142578125 0.8581912875000001 0.1318359375 0.8581912875000001 0.13671875 0.8476224296874999 0.13671875 0.809574540625 0.1171875 0.20080830624999998 0.115234375 0.171215503125 0.1103515625 0.1606466453125 0.1005859375 0.1606466453125 0.0927734375 0.1648741890625 0.08984375 0.171215503125 0.087890625 0.1796705890625 0.087890625 0.21771847968750002 0.109375 0.8433948859375 0.1142578125 0.8581912875000001
0 0.138671875 0.860305059375 0.1435546875 0.866646375 0.1650390625 0.866646375 0.1689453125 0.86241883125 0.173828125 0.8476224296874999 0.173828125 0.801119453125 0.158203125 0.14585024375 0.1552734375 0.139508928125 0.1201171875 0.143736471875 0.115234375 0.1543053296875 0.115234375 0.175443046875 0.13671875 0.8433948859375 0.138671875 0.860305059375
0 0.17578125 0.860305059375 0.1787109375 0.866646375 0.2041015625 0.8751014609375 0.212890625 0.8560775156249999 0.21484375 0.1331676140625 0.2119140625 0.12682629843749998 0.1943359375 0.12259875468749999 0.1611328125 0.12259875468749999 0.158203125 0.12894007031250002 0.158203125 0.1796705890625 0.173828125 0.83916734375 0.17578125 0.860305059375
0 0.23828125 0.860305059375 0.2392578125 0.86241883125 0.2626953125 0.86241883125 0.265625 0.8560775156249999 0.265625 0.7926643671875 0.25 0.1881256765625 0.248046875 0.1543053296875 0.2451171875 0.147964015625 0.2255859375 0.147964015625 0.22265625 0.1543053296875 0.22265625 0.171215503125 0.236328125 0.83071225625 0.23828125 0.860305059375
0 0.2158203125 0.86241883125 0.2216796875 0.866646375 0.2314453125 0.866646375 0.23828125 0.860305059375 0.23828125 0.7884368234375 0.22265625 0.1500777875 0.2197265625 0.143736471875 0.2001953125 0.143736471875 0.197265625 0.1500777875 0.197265625 0.1838981328125 0.212890625 0.8476224296874999 0.2158203125 0.86241883125
0 0.2685546875 0.86241883125 0.2880859375 0.86241883125 0.291015625 0.8560775156249999 0.291015625 0.7926643671875 0.275390625 0.1543053296875 0.2724609375 0.147964015625 0.2568359375 0.147964015625 0.2509765625 0.1521915578125 0.25 0.1543053296875 0.25 0.226173565625 0.265625 0.8518499734375 0.2685546875 0.86241883125
0 0.291015625 0.8476224296874999 0.2939453125 0.8581912875000001 0.3154296875 0.8581912875000001 0.318359375 0.8518499734375 0.318359375 0.7926643671875 0.31640625 0.6658380687500001 0.3046875 0.1543053296875 0.3017578125 0.147964015625 0.2822265625 0.147964015625 0.2783203125 0.1521915578125 0.275390625 0.1585328734375 0.275390625 0.1881256765625 0.2890625 0.801119453125 0.291015625 0.8476224296874999
0 0.3203125 0.8476224296874999 0.3251953125 0.8581912875000001 0.3427734375 0.8581912875000001 0.345703125 0.8518499734375 0.345703125 0.7842092796875 0.33203125 0.1543053296875 0.3291015625 0.147964015625 0.3115234375 0.147964015625 0.3056640625 0.1521915578125 0.3046875 0.1543053296875 0.3046875 0.20080830624999998 0.318359375 0.8264847124999999 0.3203125 0.8476224296874999
0 0.3486328125 0.8581912875000001 0.3701171875 0.8581912875000001 0.373046875 0.8476224296874999 0.373046875 0.7884368234375 0.361328125 0.1543053296875 0.3564453125 0.147964015625 0.3447265625 0.147964015625 0.333984375 0.1585328734375 0.33203125 0.171215503125 0.33203125 0.1881256765625 0.345703125 0.8433948859375 0.3486328125 0.8581912875000001
0 0.3779296875 0.8581912875000001 0.3994140625 0.8581912875000001 0.40234375 0.8476224296874999 0.40234375 0.7292512171875 0.392578125 0.1585328734375 0.3857421875 0.147964015625 0.3740234375 0.147964015625 0.3662109375 0.1521915578125 0.36328125 0.1585328734375 0.361328125 0.166987959375 0.361328125 0.1838981328125 0.375 0.8518499734375 0.3779296875 0.8581912875000001
0 0.40625 0.8476224296874999 0.4091796875 0.8539637453125 0.4228515625 0.8539637453125 0.4306640625 0.8497362015625001 0.43359375 0.83916734375 0.43359375 0.8349398000000001 0.419921875 0.1585328734375 0.4169921875 0.1521915578125 0.3974609375 0.1521915578125 0.3935546875 0.1564191015625 0.392578125 0.1585328734375 0.392578125 0.2388561953125 0.404296875 0.8222571703125 0.40625 0.8476224296874999
0 0.43359375 0.8433948859375 0.4384765625 0.8497362015625001 0.4580078125 0.8497362015625001 0.4677734375 0.8412811140625 0.470703125 0.83071225625 0.470703125 0.7799817375 0.458984375 0.1500777875 0.4560546875 0.139508928125 0.4287109375 0.139508928125 0.4228515625 0.143736471875 0.419921875 0.1500777875 0.419921875 0.20080830624999998 0.4296875 0.725023675 0.43359375 0.8433948859375
0 0.4716796875 0.8412811140625 0.4775390625 0.8455086578125 0.4853515625 0.8455086578125 0.4912109375 0.8412811140625 0.494140625 0.83071225625 0.494140625 0.7926643671875 0.486328125 0.1923532203125 0.484375 0.13739515625 0.4814453125 0.1310538421875 0.4638671875 0.1310538421875 0.4599609375 0.1352813859375 0.458984375 0.13739515625 0.458984375 0.289586715625 0.46875 0.8222571703125 0.4716796875 0.8412811140625
0 0.4951171875 0.6214488640625 0.5126953125 0.6214488640625 0.51953125 0.6151075484375 0.51953125 0.5939698328125 0.51171875 0.281131628125 0.509765625 0.2388561953125 0.5068359375 0.23251488125000003 0.4912109375 0.23251488125000003 0.48828125 0.2388561953125 0.486328125 0.289586715625 0.48828125 0.45023336093750005 0.4921875 0.6151075484375 0.4951171875 0.6214488640625
0 0.5283203125 0.8497362015625001 0.5478515625 0.8497362015625001 0.5556640625 0.8455086578125 0.55859375 0.83916734375 0.55859375 0.7884368234375 0.546875 0.23040110937499997 0.5458984375 0.2282873375 0.5322265625 0.2282873375 0.5126953125 0.23251488125000003 0.509765625 0.2388561953125 0.509765625 0.25999391250000004 0.5234375 0.8349398000000001 0.5283203125 0.8497362015625001
0 0.5634765625 0.8539637453125 0.5849609375 0.8539637453125 0.58984375 0.8433948859375 0.58984375 0.77575419375 0.578125 0.13739515625 0.576171875 0.10357481093750001 0.5751953125 0.1014610390625 0.5478515625 0.1014610390625 0.544921875 0.107802353125 0.54296875 0.175443046875 0.54296875 0.21771847968750002 0.55859375 0.83071225625 0.5634765625 0.8539637453125
0 0.58984375 0.83916734375 0.591796875 0.8476224296874999 0.5986328125 0.86241883125 0.6220703125 0.86241883125 0.626953125 0.8518499734375 0.626953125 0.801119453125 0.6171875 0.1585328734375 0.6103515625 0.143736471875 0.5966796875 0.143736471875 0.5810546875 0.147964015625 0.580078125 0.1500777875 0.578125 0.171215503125 0.580078125 0.3572274078125 0.583984375 0.5897422890625 0.58984375 0.83916734375
0 0.6318359375 0.8539637453125 0.6357421875 0.8581912875000001 0.6552734375 0.8581912875000001 0.662109375 0.8476224296874999 0.65625 0.1627604171875 0.6513671875 0.1521915578125 0.6494140625 0.1521915578125 0.6240234375 0.1606466453125 0.6201171875 0.1648741890625 0.6171875 0.171215503125 0.6171875 0.2134909359375 0.626953125 0.8433948859375 0.6318359375 0.8539637453125
0 0.6640625 0.8476224296874999 0.6689453125 0.8581912875000001 0.6904296875 0.8581912875000001 0.701171875 0.8476224296874999 0.69921875 0.1627604171875 0.6943359375 0.1521915578125 0.6591796875 0.1564191015625 0.65625 0.1627604171875 0.65625 0.4206405578125 0.662109375 0.83071225625 0.6640625 0.8476224296874999
0 0.703125 0.8518499734375 0.7060546875 0.8581912875000001 0.7353515625 0.8581912875000001 0.740234375 0.8476224296874999 0.7421875 0.1585328734375 0.7392578125 0.1521915578125 0.7333984375 0.147964015625 0.7021484375 0.1521915578125 0.69921875 0.1585328734375 0.69921875 0.581287203125 0.701171875 0.809574540625 0.703125 0.8518499734375
0 0.7548828125 0.8539637453125 0.7607421875 0.8497362015625001 0.763671875 0.8349398000000001 0.763671875 0.2092633921875 0.7607421875 0.202922078125 0.7431640625 0.202922078125 0.7421875 0.20503585000000002 0.740234375 0.24308373906249997 0.740234375 0.8433948859375 0.7470703125 0.8539637453125 0.7548828125 0.8539637453125
0 0.7666015625 0.8497362015625001 0.7802734375 0.8497362015625001 0.783203125 0.8433948859375 0.787109375 0.2134909359375 0.7822265625 0.202922078125 0.7783203125 0.198694534375 0.7666015625 0.202922078125 0.763671875 0.2134909359375 0.76171875 0.234628653125 0.76171875 0.801119453125 0.763671875 0.8433948859375 0.7666015625 0.8497362015625001
0 0.78515625 0.8476224296874999 0.7861328125 0.8497362015625001 0.8193359375 0.8581912875000001 0.8486328125 0.8581912875000001 0.8623046875 0.8539637453125 0.8662109375 0.8497362015625001 0.869140625 0.83916734375 0.87890625 0.1543053296875 0.8779296875 0.1521915578125 0.8603515625 0.147964015625 0.7646484375 0.1521915578125 0.759765625 0.166987959375 0.7578125 0.1796705890625 0.7578125 0.1923532203125 0.783203125 0.83071225625 0.78515625 0.8476224296874999
0 0.9228515625 0.8412811140625 0.9326171875 0.8370535718750001 0.9365234375 0.832826028125 0.939453125 0.8222571703125 0.958984375 0.1838981328125 0.958984375 0.171215503125 0.9560546875 0.1564191015625 0.9521484375 0.1521915578125 0.8857421875 0.1564191015625 0.87890625 0.171215503125 0.875 0.3318621484375 0.873046875 0.47559862031250005 0.869140625 0.8349398000000001 0.8720703125 0.8412811140625 0.8876953125 0.8455086578125 0.9228515625 0.8412811140625