1 0.1513671875 0.6510416671875 0.1728515625 0.6468141234375 0.1865234375 0.6383590375 0.189453125 0.6320177218749999 0.189453125 0.6193350921875 0.185546875 0.5939698328125 0.1826171875 0.5876285171875 0.1455078125 0.600311146875 0.14453125 0.6024249187499999 0.14453125 0.6108800046875 0.1484375 0.6404728078125 0.1513671875 0.6510416671875
1 0.1943359375 0.6425865796875 0.2001953125 0.6425865796875 0.2236328125 0.63413149375 0.2265625 0.6277901781249999 0.224609375 0.6024249187499999 0.22265625 0.5897422890625 0.2197265625 0.5834009734375 0.1884765625 0.5918560609375 0.1875 0.5939698328125 0.1875 0.6108800046875 0.189453125 0.6277901781249999 0.1943359375 0.6425865796875
1 0.2294921875 0.6383590375 0.2568359375 0.6383590375 0.2685546875 0.63413149375 0.2734375 0.6277901781249999 0.271484375 0.5897422890625 0.2685546875 0.57917343125 0.2255859375 0.5876285171875 0.224609375 0.5897422890625 0.224609375 0.6108800046875 0.2265625 0.6277901781249999 0.2294921875 0.6383590375
1 0.2763671875 0.6383590375 0.2880859375 0.6383590375 0.298828125 0.6320177218749999 0.298828125 0.6151075484375 0.296875 0.5897422890625 0.2939453125 0.5834009734375 0.2724609375 0.5834009734375 0.271484375 0.5855147453125 0.271484375 0.6108800046875 0.2734375 0.6277901781249999 0.2763671875 0.6383590375
1 0.3232421875 0.63413149375 0.3359375 0.6277901781249999 0.333984375 0.5855147453125 0.3310546875 0.57917343125 0.2978515625 0.5834009734375 0.296875 0.5855147453125 0.296875 0.6066524624999999 0.2998046875 0.63413149375 0.3232421875 0.63413149375
1 0.3388671875 0.6425865796875 0.3681640625 0.6425865796875 0.376953125 0.6362452656250001 0.376953125 0.6066524624999999 0.3740234375 0.5876285171875 0.3564453125 0.5876285171875 0.3349609375 0.5918560609375 0.333984375 0.5939698328125 0.333984375 0.6066524624999999 0.3359375 0.6320177218749999 0.3388671875 0.6425865796875
1 0.3798828125 0.6425865796875 0.4091796875 0.6383590375 0.412109375 0.6320177218749999 0.412109375 0.6066524624999999 0.4091796875 0.5876285171875 0.3779296875 0.5876285171875 0.375 0.5939698328125 0.375 0.598197375 0.376953125 0.6362452656250001 0.3798828125 0.6425865796875
1 0.4248046875 0.63413149375 0.427734375 0.6277901781249999 0.427734375 0.5855147453125 0.4248046875 0.57917343125 0.4130859375 0.5834009734375 0.412109375 0.5855147453125 0.412109375 0.6235626359374999 0.4150390625 0.63413149375 0.4248046875 0.63413149375
1 0.4326171875 0.63413149375 0.4521484375 0.63413149375 0.4619140625 0.62990395 0.466796875 0.6235626359374999 0.466796875 0.5770596593749999 0.4658203125 0.5749458875 0.4287109375 0.5834009734375 0.427734375 0.5855147453125 0.427734375 0.6151075484375 0.4296875 0.6277901781249999 0.4326171875 0.63413149375
1 0.4794921875 0.63413149375 0.5009765625 0.63413149375 0.5166015625 0.62990395 0.51953125 0.6235626359374999 0.51953125 0.5939698328125 0.5166015625 0.57917343125 0.4697265625 0.57917343125 0.46875 0.581287203125 0.46875 0.6235626359374999 0.4716796875 0.62990395 0.4794921875 0.63413149375
1 0.5634765625 0.62990395 0.564453125 0.6277901781249999 0.564453125 0.581287203125 0.5634765625 0.57917343125 0.5283203125 0.57917343125 0.5205078125 0.5834009734375 0.51953125 0.5897422890625 0.521484375 0.6320177218749999 0.5224609375 0.63413149375 0.5634765625 0.62990395
1 0.5849609375 0.6425865796875 0.6279296875 0.6383590375 0.630859375 0.6320177218749999 0.630859375 0.5897422890625 0.6298828125 0.5876285171875 0.5849609375 0.5876285171875 0.5810546875 0.5918560609375 0.580078125 0.5939698328125 0.580078125 0.6151075484375 0.58203125 0.6362452656250001 0.5849609375 0.6425865796875
1 0.6630859375 0.6214488640625 0.6640625 0.6193350921875 0.6640625 0.572832115625 0.6630859375 0.5707183437500001 0.6337890625 0.5707183437500001 0.6328125 0.572832115625 0.6328125 0.6193350921875 0.6337890625 0.6214488640625 0.6630859375 0.6214488640625
1 0.7080078125 0.62990395 0.7109375 0.6235626359374999 0.7109375 0.5770596593749999 0.7099609375 0.5749458875 0.6689453125 0.5749458875 0.66796875 0.5770596593749999 0.66796875 0.6235626359374999 0.6708984375 0.62990395 0.7080078125 0.62990395
1 0.7783203125 0.6214488640625 0.78125 0.6108800046875 0.78125 0.572832115625 0.7783203125 0.5664908015625 0.7626953125 0.5664908015625 0.76171875 0.568604571875 0.759765625 0.5897422890625 0.759765625 0.6193350921875 0.7607421875 0.6214488640625 0.7783203125 0.6214488640625
1 0.8193359375 0.6214488640625 0.822265625 0.6151075484375 0.822265625 0.568604571875 0.8212890625 0.5664908015625 0.8056640625 0.5664908015625 0.8046875 0.568604571875 0.8046875 0.6151075484375 0.8076171875 0.6214488640625 0.8193359375 0.6214488640625
1 0.8310546875 0.6214488640625 0.8466796875 0.6214488640625 0.853515625 0.6108800046875 0.853515625 0.5643770296875 0.8525390625 0.5622632578125 0.8251953125 0.5622632578125 0.82421875 0.5643770296875 0.822265625 0.572832115625 0.822265625 0.6151075484375 0.8232421875 0.6172213203125 0.8310546875 0.6214488640625
1 0.7197265625 0.6468141234375 0.7255859375 0.6468141234375 0.7509765625 0.63413149375 0.7578125 0.6277901781249999 0.759765625 0.6193350921875 0.759765625 0.568604571875 0.7587890625 0.5664908015625 0.7216796875 0.5580357140625 0.7158203125 0.5580357140625 0.71484375 0.5601494859375 0.712890625 0.572832115625 0.712890625 0.6362452656250001 0.7158203125 0.6425865796875 0.7197265625 0.6468141234375
0 0.1708984375 0.7990056812499999 0.1884765625 0.7990056812499999 0.2001953125 0.7947781390624999 0.205078125 0.7842092796875 0.205078125 0.7799817375 0.189453125 0.6151075484375 0.1328125 0.11625744062500001 0.1240234375 0.1056885828125 0.1201171875 0.1056885828125 0.0947265625 0.109916125 0.0888671875 0.1183712125 0.0859375 0.12471252656250001 0.087890625 0.1500777875 0.166015625 0.7926643671875 0.1708984375 0.7990056812499999
0 0.20703125 0.7842092796875 0.2119140625 0.7947781390624999 0.2275390625 0.7947781390624999 0.2333984375 0.7905505953125 0.23828125 0.7799817375 0.2578125 0.10357481093750001 0.2529296875 0.088778409375 0.2177734375 0.088778409375 0.1376953125 0.1056885828125 0.1337890625 0.109916125 0.1328125 0.112029896875 0.1328125 0.12894007031250002 0.205078125 0.77152665 0.20703125 0.7842092796875
0 0.240234375 0.7799817375 0.2470703125 0.7905505953125 0.2646484375 0.7905505953125 0.2763671875 0.7863230515625 0.2822265625 0.782095509375 0.28515625 0.77575419375 0.28515625 0.7672991078125 0.275390625 0.6362452656250001 0.23828125 0.1965807625 0.2353515625 0.1860119046875 0.2158203125 0.1860119046875 0.1884765625 0.194466990625 0.185546875 0.20080830624999998 0.185546875 0.2134909359375 0.23828125 0.77152665 0.240234375 0.7799817375
0 0.287109375 0.7799817375 0.2900390625 0.7863230515625 0.3056640625 0.7863230515625 0.30859375 0.7799817375 0.30859375 0.750388934375 0.263671875 0.1585328734375 0.2607421875 0.139508928125 0.2470703125 0.139508928125 0.2392578125 0.143736471875 0.234375 0.1543053296875 0.236328125 0.1923532203125 0.28515625 0.7672991078125 0.287109375 0.7799817375
0 0.310546875 0.7842092796875 0.3134765625 0.7905505953125 0.3427734375 0.7905505953125 0.345703125 0.7842092796875 0.345703125 0.77152665 0.3046875 0.031706575 0.3017578125 0.025365259374999997 0.2919921875 0.025365259374999997 0.2587890625 0.029592803125 0.2548828125 0.033820346875000004 0.25390625 0.035934117187499996 0.25390625 0.052844290625 0.302734375 0.695430871875 0.310546875 0.7842092796875
0 0.345703125 0.7842092796875 0.3525390625 0.7947781390624999 0.3798828125 0.7947781390624999 0.384765625 0.7884368234375 0.388671875 0.20503585000000002 0.388671875 0.1500777875 0.3828125 0.0486167484375 0.3798828125 0.033820346875000004 0.3056640625 0.0380478890625 0.30078125 0.0486167484375 0.302734375 0.09089218125000001 0.318359375 0.3656824953125 0.345703125 0.7842092796875
0 0.3876953125 0.7905505953125 0.4169921875 0.7905505953125 0.41796875 0.7884368234375 0.41796875 0.7546164765625 0.4140625 0.6573829812499999 0.39453125 0.24308373906249997 0.3896484375 0.2282873375 0.3798828125 0.2282873375 0.3583984375 0.2494250546875 0.357421875 0.251538825 0.357421875 0.281131628125 0.384765625 0.7799817375 0.3876953125 0.7905505953125
0 0.3837890625 0 0.3828125 0.002113771875 0.3828125 0.061299378125000005 0.419921875 0.7799817375 0.4228515625 0.7905505953125 0.4306640625 0.7905505953125 0.43359375 0.7842092796875 0.451171875 0.13739515625 0.447265625 0.0232514875 0.4443359375 0 0.3837890625 0
0 0.427734375 0.5770596593749999 0.4306640625 0.5834009734375 0.4443359375 0.5834009734375 0.4599609375 0.57917343125 0.46484375 0.572832115625 0.46484375 0.5305566828125 0.451171875 0.1627604171875 0.4482421875 0.1564191015625 0.4345703125 0.1564191015625 0.4130859375 0.17755681875 0.41015625 0.1838981328125 0.41015625 0.20080830624999998 0.42578125 0.5601494859375 0.427734375 0.5770596593749999
0 0.4794921875 0.7863230515625 0.5146484375 0.7863230515625 0.521484375 0.77575419375 0.521484375 0.71234104375 0.51171875 0.2219460234375 0.509765625 0.1500777875 0.5078125 0.12894007031250002 0.4853515625 0.11414366875 0.4775390625 0.11414366875 0.4619140625 0.1352813859375 0.455078125 0.1500777875 0.453125 0.1585328734375 0.451171875 0.171215503125 0.451171875 0.1923532203125 0.47265625 0.77575419375 0.4794921875 0.7863230515625
0 0.5234375 0.7799817375 0.5263671875 0.7863230515625 0.5361328125 0.7905505953125 0.5634765625 0.7863230515625 0.568359375 0.77152665 0.568359375 0.746161390625 0.55859375 0.1331676140625 0.5458984375 0.11414366875 0.5263671875 0.11414366875 0.5146484375 0.12259875468749999 0.509765625 0.1331676140625 0.509765625 0.1923532203125 0.521484375 0.7419338468750001 0.5234375 0.7799817375
0 0.5751953125 0.7863230515625 0.6279296875 0.782095509375 0.630859375 0.77575419375 0.630859375 0.0993472671875 0.62890625 0.0697544640625 0.6259765625 0.06341315 0.5654296875 0.06341315 0.560546875 0.0739820078125 0.55859375 0.11625744062500001 0.568359375 0.7165685875000001 0.5703125 0.77575419375 0.5751953125 0.7863230515625
0 0.6591796875 0.782095509375 0.6640625 0.77575419375 0.669921875 0.1416227 0.6650390625 0.1310538421875 0.6455078125 0.1310538421875 0.6357421875 0.1352813859375 0.6328125 0.1416227 0.6328125 0.77575419375 0.6396484375 0.782095509375 0.6591796875 0.782095509375
0 0.6826171875 0.7905505953125 0.7060546875 0.7905505953125 0.708984375 0.7842092796875 0.7109375 0.7588440203125 0.71875 0.1543053296875 0.71875 0.1416227 0.716796875 0.12894007031250002 0.7080078125 0.1183712125 0.6923828125 0.11414366875 0.6728515625 0.1310538421875 0.669921875 0.13739515625 0.666015625 0.3825926671875 0.6640625 0.6362452656250001 0.666015625 0.77575419375 0.6708984375 0.7863230515625 0.6826171875 0.7905505953125
0 0.7197265625 0.7905505953125 0.7470703125 0.7905505953125 0.7509765625 0.7863230515625 0.755859375 0.77152665 0.76171875 0.5939698328125 0.771484375 0.175443046875 0.771484375 0.13739515625 0.76953125 0.12894007031250002 0.7646484375 0.12259875468749999 0.7314453125 0.1056885828125 0.71875 0.1331676140625 0.7109375 0.6235626359374999 0.7109375 0.77575419375 0.7138671875 0.7863230515625 0.7197265625 0.7905505953125
0 0.77734375 0.77575419375 0.779296875 0.6869757843750001 0.779296875 0.6066524624999999 0.7783203125 0.604538690625 0.7685546875 0.604538690625 0.7646484375 0.608766234375 0.76171875 0.6151075484375 0.7578125 0.6362452656250001 0.755859375 0.77575419375 0.7587890625 0.782095509375 0.7744140625 0.782095509375 0.77734375 0.77575419375
0 0.7236328125 0 0.72265625 0.002113771875 0.720703125 0.02747903125 0.720703125 0.0655269203125 0.76171875 0.5643770296875 0.7646484375 0.5749458875 0.7705078125 0.57917343125 0.7783203125 0.5749458875 0.78125 0.568604571875 0.783203125 0.53901176875 0.798828125 0.0443892046875 0.798828125 0.002113771875 0.7978515625 0 0.7236328125 0
0 0.8017578125 0 0.798828125 0.0105688578125 0.78515625 0.4206405578125 0.78125 0.568604571875 0.779296875 0.6531554390625 0.779296875 0.7799817375 0.7861328125 0.7863230515625 0.7900390625 0.7863230515625 0.7958984375 0.782095509375 0.798828125 0.77575419375 0.80078125 0.7377063046875 0.826171875 0.040161660937499996 0.826171875 0.002113771875 0.8251953125 0 0.8017578125 0
0 0.8291015625 0 0.828125 0.002113771875 0.814453125 0.281131628125 0.806640625 0.4967363359375 0.798828125 0.7672991078125 0.8017578125 0.782095509375 0.8154296875 0.782095509375 0.81640625 0.7799817375 0.818359375 0.7419338468750001 0.845703125 0.0443892046875 0.845703125 0.002113771875 0.8447265625 0 0.8291015625 0
0 0.8291015625 0.782095509375 0.8408203125 0.782095509375 0.845703125 0.77152665 0.84765625 0.750388934375 0.873046875 0.2092633921875 0.873046875 0.1627604171875 0.8720703125 0.1606466453125 0.8603515625 0.1564191015625 0.8427734375 0.1564191015625 0.83984375 0.171215503125 0.82421875 0.517874053125 0.8203125 0.6277901781249999 0.818359375 0.695430871875 0.818359375 0.77152665 0.8212890625 0.7778679656249999 0.8291015625 0.782095509375