0 0.04296875 0.8898978625 0.044921875 0.8772152328124999 0.046875 0.8222571703125 0.0546875 0.41218547031249997 0.056640625 0.21771847968750002 0.0537109375 0.2113771640625 0.0185546875 0.2113771640625 0.017578125 0.2134909359375 0.01171875 0.8898978625 0.0146484375 0.896239178125 0.0400390625 0.896239178125 0.04296875 0.8898978625
0 0.0751953125 0.896239178125 0.078125 0.8856703187500001 0.083984375 0.6785206984375 0.091796875 0.226173565625 0.0869140625 0.2156047078125 0.0634765625 0.2113771640625 0.05859375 0.21771847968750002 0.056640625 0.23040110937499997 0.044921875 0.89412540625 0.0478515625 0.9004667203125001 0.0673828125 0.9004667203125001 0.0751953125 0.896239178125
0 0.1064453125 0.896239178125 0.109375 0.8856703187500001 0.1171875 0.6700656109375001 0.123046875 0.31917951875 0.123046875 0.2219460234375 0.1201171875 0.2156047078125 0.0966796875 0.21983225156250003 0.091796875 0.23040110937499997 0.08984375 0.27267654218750004 0.078125 0.8898978625 0.0830078125 0.9004667203125001 0.1025390625 0.9004667203125001 0.1064453125 0.896239178125
0 0.146484375 0.8898978625 0.1484375 0.8518499734375 0.15234375 0.6996584140625 0.16015625 0.2219460234375 0.1572265625 0.2156047078125 0.1474609375 0.2113771640625 0.1318359375 0.2113771640625 0.1279296875 0.2156047078125 0.125 0.2219460234375 0.123046875 0.281131628125 0.109375 0.8898978625 0.1123046875 0.896239178125 0.1416015625 0.896239178125 0.146484375 0.8898978625
0 0.2158203125 0.896239178125 0.220703125 0.8814427765625 0.224609375 0.7038859578125 0.23046875 0.26422145625 0.2275390625 0.25788014062500003 0.1826171875 0.25788014062500003 0.177734375 0.2684489984375 0.16796875 0.8349398000000001 0.16796875 0.8898978625 0.1708984375 0.896239178125 0.2158203125 0.896239178125
0 0.2490234375 0.896239178125 0.2626953125 0.892011634375 0.267578125 0.8814427765625 0.26953125 0.8560775156249999 0.271484375 0.7419338468750001 0.2734375 0.581287203125 0.2734375 0.25999391250000004 0.2705078125 0.25365259687499997 0.2548828125 0.2494250546875 0.2373046875 0.2494250546875 0.232421875 0.25576636875 0.23046875 0.28535917187500004 0.224609375 0.6108800046875 0.220703125 0.8814427765625 0.2255859375 0.892011634375 0.2294921875 0.896239178125 0.2490234375 0.896239178125
0 0.302734375 0.8814427765625 0.31640625 0.1838981328125 0.3125 0.14585024375 0.3076171875 0.1352813859375 0.3037109375 0.1310538421875 0.2763671875 0.1310538421875 0.2734375 0.13739515625 0.26953125 0.8814427765625 0.2744140625 0.892011634375 0.2958984375 0.892011634375 0.302734375 0.8814427765625
0 0.3154296875 0.896239178125 0.3232421875 0.892011634375 0.330078125 0.8814427765625 0.33203125 0.7799817375 0.3359375 0.293814259375 0.3359375 0.2219460234375 0.3330078125 0.2156047078125 0.3193359375 0.2113771640625 0.3134765625 0.2156047078125 0.310546875 0.2219460234375 0.30859375 0.25576636875 0.306640625 0.407957928125 0.302734375 0.725023675 0.302734375 0.8898978625 0.3056640625 0.896239178125 0.3154296875 0.896239178125
0 0.3330078125 0.8877840906250001 0.3505859375 0.892011634375 0.3623046875 0.892011634375 0.3740234375 0.8877840906250001 0.3779296875 0.883556546875 0.3828125 0.8729876890625 0.3828125 0.2388561953125 0.3779296875 0.2282873375 0.3447265625 0.22405979375 0.3359375 0.2388561953125 0.33203125 0.6447003515625 0.330078125 0.860305059375 0.330078125 0.8729876890625 0.33203125 0.8856703187500001 0.3330078125 0.8877840906250001
0 0.4052734375 0.8877840906250001 0.4189453125 0.883556546875 0.421875 0.8729876890625 0.421875 0.251538825 0.4130859375 0.24519751093750003 0.3876953125 0.24519751093750003 0.384765625 0.251538825 0.3828125 0.378365125 0.3828125 0.8772152328124999 0.3896484375 0.8877840906250001 0.4052734375 0.8877840906250001
0 0.4267578125 0.883556546875 0.4443359375 0.883556546875 0.447265625 0.8772152328124999 0.447265625 0.8264847124999999 0.443359375 0.3318621484375 0.44140625 0.289586715625 0.4384765625 0.2832454 0.4248046875 0.2832454 0.421875 0.289586715625 0.421875 0.864532603125 0.423828125 0.8772152328124999 0.4267578125 0.883556546875
0 0.44921875 0.8814427765625 0.4541015625 0.8877840906250001 0.4775390625 0.8877840906250001 0.482421875 0.8772152328124999 0.482421875 0.77152665 0.4765625 0.26422145625 0.4697265625 0.25365259687499997 0.4462890625 0.25788014062500003 0.4453125 0.25999391250000004 0.443359375 0.2684489984375 0.443359375 0.3064968890625 0.447265625 0.8729876890625 0.44921875 0.8814427765625
0 0.484375 0.8814427765625 0.4931640625 0.8877840906250001 0.5009765625 0.8877840906250001 0.5126953125 0.883556546875 0.517578125 0.8729876890625 0.5078125 0.2684489984375 0.5029296875 0.25788014062500003 0.4794921875 0.262107684375 0.478515625 0.26422145625 0.4765625 0.27267654218750004 0.4765625 0.3529998640625 0.482421875 0.8433948859375 0.484375 0.8814427765625
0 0.5380859375 0.8793290046875001 0.5390625 0.8772152328124999 0.5390625 0.7292512171875 0.53125 0.25576636875 0.529296875 0.2388561953125 0.5224609375 0.23251488125000003 0.5107421875 0.23251488125000003 0.50390625 0.24308373906249997 0.501953125 0.251538825 0.517578125 0.8729876890625 0.5205078125 0.8793290046875001 0.5380859375 0.8793290046875001
0 0.5439453125 0.8793290046875001 0.5693359375 0.8793290046875001 0.572265625 0.8687601468749999 0.572265625 0.864532603125 0.560546875 0.25576636875 0.55859375 0.2388561953125 0.5517578125 0.2282873375 0.5341796875 0.2282873375 0.53125 0.234628653125 0.53125 0.34877232187499996 0.541015625 0.8729876890625 0.5439453125 0.8793290046875001
0 0.572265625 0.8729876890625 0.5771484375 0.8793290046875001 0.5888671875 0.8793290046875001 0.59375 0.8729876890625 0.591796875 0.7165685875000001 0.58203125 0.29804180156250004 0.578125 0.27267654218750004 0.5751953125 0.2705627703125 0.5625 0.29804180156250004 0.5625 0.45446090312500004 0.5703125 0.83916734375 0.572265625 0.8729876890625
0 0.6181640625 0.8793290046875001 0.623046875 0.8687601468749999 0.623046875 0.83916734375 0.61328125 0.3656824953125 0.609375 0.2684489984375 0.6025390625 0.2494250546875 0.5849609375 0.2494250546875 0.578125 0.25999391250000004 0.576171875 0.2684489984375 0.59375 0.8687601468749999 0.5986328125 0.8793290046875001 0.6181640625 0.8793290046875001
0 0.623046875 0.864532603125 0.6279296875 0.8751014609375 0.6376953125 0.8751014609375 0.650390625 0.8687601468749999 0.650390625 0.8222571703125 0.63671875 0.344544778125 0.625 0.25999391250000004 0.6220703125 0.25365259687499997 0.6123046875 0.25788014062500003 0.611328125 0.25999391250000004 0.611328125 0.31917951875 0.6171875 0.6573829812499999 0.623046875 0.864532603125
0 0.6484375 0.7884368234375 0.65234375 0.8687601468749999 0.6533203125 0.8708739171875 0.6787109375 0.8708739171875 0.6796875 0.8687601468749999 0.6796875 0.7842092796875 0.6640625 0.289586715625 0.662109375 0.26422145625 0.6591796875 0.25788014062500003 0.6435546875 0.25365259687499997 0.6376953125 0.25788014062500003 0.634765625 0.26422145625 0.634765625 0.289586715625 0.640625 0.5432393125 0.6484375 0.7884368234375
0 0.6826171875 0.8708739171875 0.7001953125 0.8751014609375 0.7080078125 0.8708739171875 0.7109375 0.864532603125 0.7109375 0.8560775156249999 0.693359375 0.2684489984375 0.6865234375 0.25788014062500003 0.6669921875 0.25788014062500003 0.6640625 0.26422145625 0.6640625 0.31917951875 0.6796875 0.8433948859375 0.6826171875 0.8708739171875
0 0.7109375 0.864532603125 0.7138671875 0.8708739171875 0.7294921875 0.8751014609375 0.736328125 0.8687601468749999 0.736328125 0.7630715640625 0.720703125 0.281131628125 0.71875 0.26422145625 0.7158203125 0.25788014062500003 0.6943359375 0.25788014062500003 0.693359375 0.25999391250000004 0.693359375 0.340317234375 0.708984375 0.8433948859375 0.7109375 0.864532603125
0 0.73828125 0.7968919109375 0.7421875 0.864532603125 0.7470703125 0.8708739171875 0.7724609375 0.8708739171875 0.775390625 0.864532603125 0.7734375 0.7292512171875 0.7578125 0.3064968890625 0.7470703125 0.28747294375 0.7236328125 0.3043831171875 0.72265625 0.3064968890625 0.72265625 0.340317234375 0.724609375 0.42909564375000003 0.73828125 0.7968919109375
0 0.7802734375 0.866646375 0.7880859375 0.8708739171875 0.7958984375 0.8708739171875 0.8037109375 0.866646375 0.806640625 0.860305059375 0.806640625 0.83916734375 0.78515625 0.28535917187500004 0.7802734375 0.2705627703125 0.7587890625 0.2705627703125 0.7529296875 0.2747903140625 0.74609375 0.289586715625 0.775390625 0.8476224296874999 0.77734375 0.860305059375 0.7802734375 0.866646375
0 0.794921875 0.6320177218749999 0.8046875 0.8349398000000001 0.806640625 0.8560775156249999 0.8095703125 0.86241883125 0.8330078125 0.86241883125 0.8359375 0.8560775156249999 0.8359375 0.8349398000000001 0.814453125 0.3276346046875 0.8115234375 0.3043831171875 0.8037109375 0.3001555734375 0.7880859375 0.3001555734375 0.78515625 0.3064968890625 0.78515625 0.3360896921875 0.7890625 0.4671435328125 0.794921875 0.6320177218749999
0 0.8388671875 0.86241883125 0.8447265625 0.86241883125 0.84765625 0.8560775156249999 0.84765625 0.8433948859375 0.841796875 0.71234104375 0.83984375 0.695430871875 0.8388671875 0.6933171 0.8330078125 0.6933171 0.830078125 0.6996584140625 0.830078125 0.7292512171875 0.8359375 0.8560775156249999 0.8388671875 0.86241883125
1 0.0205078125 0.7102272734375 0.0341796875 0.7102272734375 0.0361328125 0.7059997296875 0.0478515625 0.7059997296875 0.048828125 0.7038859578125 0.048828125 0.6531554390625 0.0478515625 0.6510416671875 0.0205078125 0.6510416671875 0.01953125 0.6531554390625 0.01953125 0.6869757843750001 0.017578125 0.6912033281250001 0.017578125 0.7038859578125 0.0205078125 0.7102272734375
1 0.0810546875 0.7102272734375 0.08203125 0.7081135015625 0.08203125 0.682748240625 0.083984375 0.6785206984375 0.083984375 0.6531554390625 0.0830078125 0.6510416671875 0.0517578125 0.6510416671875 0.05078125 0.6531554390625 0.05078125 0.7081135015625 0.0517578125 0.7102272734375 0.0810546875 0.7102272734375
1 0.1142578125 0.7102272734375 0.115234375 0.7081135015625 0.115234375 0.6700656109375001 0.1171875 0.6658380687500001 0.1171875 0.6573829812499999 0.1142578125 0.6510416671875 0.0869140625 0.6510416671875 0.083984375 0.6573829812499999 0.083984375 0.7081135015625 0.0849609375 0.7102272734375 0.1142578125 0.7102272734375
1 0.1298828125 0.7102272734375 0.1318359375 0.7059997296875 0.1494140625 0.7059997296875 0.150390625 0.7038859578125 0.150390625 0.6616105250000001 0.15234375 0.6573829812499999 0.1494140625 0.6510416671875 0.1181640625 0.6510416671875 0.1171875 0.6531554390625 0.1171875 0.7081135015625 0.1181640625 0.7102272734375 0.1298828125 0.7102272734375
1 0.1533203125 0.7102272734375 0.1708984375 0.7102272734375 0.171875 0.7081135015625 0.171875 0.6531554390625 0.1708984375 0.6510416671875 0.1533203125 0.6510416671875 0.15234375 0.6531554390625 0.15234375 0.6700656109375001 0.150390625 0.6742931546875 0.150390625 0.7038859578125 0.1533203125 0.7102272734375
1 0.1748046875 0.714454815625 0.1923828125 0.714454815625 0.1943359375 0.7102272734375 0.2216796875 0.7102272734375 0.224609375 0.7038859578125 0.224609375 0.6573829812499999 0.2216796875 0.6510416671875 0.2177734375 0.6510416671875 0.2158203125 0.655269209375 0.1748046875 0.655269209375 0.173828125 0.6573829812499999 0.173828125 0.682748240625 0.171875 0.6869757843750001 0.171875 0.7081135015625 0.1748046875 0.714454815625
1 0.2685546875 0.7102272734375 0.271484375 0.7038859578125 0.271484375 0.6531554390625 0.2705078125 0.6510416671875 0.2333984375 0.6510416671875 0.2314453125 0.655269209375 0.2255859375 0.655269209375 0.224609375 0.6573829812499999 0.224609375 0.7081135015625 0.2255859375 0.7102272734375 0.2685546875 0.7102272734375
1 0.3017578125 0.7059997296875 0.3046875 0.6996584140625 0.3046875 0.6531554390625 0.3017578125 0.6468141234375 0.2783203125 0.6468141234375 0.2763671875 0.6510416671875 0.2724609375 0.6510416671875 0.271484375 0.6531554390625 0.271484375 0.7038859578125 0.2724609375 0.7059997296875 0.3017578125 0.7059997296875
1 0.3095703125 0.7102272734375 0.3115234375 0.7059997296875 0.3193359375 0.7059997296875 0.3212890625 0.7102272734375 0.3291015625 0.7102272734375 0.33203125 0.7038859578125 0.33203125 0.6573829812499999 0.3310546875 0.655269209375 0.3212890625 0.655269209375 0.3193359375 0.6510416671875 0.3056640625 0.6510416671875 0.3046875 0.6531554390625 0.3046875 0.7038859578125 0.3076171875 0.7102272734375 0.3095703125 0.7102272734375
1 0.3798828125 0.7059997296875 0.380859375 0.7038859578125 0.380859375 0.6531554390625 0.3798828125 0.6510416671875 0.3349609375 0.6510416671875 0.33203125 0.6573829812499999 0.33203125 0.7038859578125 0.3330078125 0.7059997296875 0.3798828125 0.7059997296875
1 0.4189453125 0.7059997296875 0.421875 0.6996584140625 0.421875 0.6573829812499999 0.4189453125 0.6510416671875 0.3857421875 0.6510416671875 0.384765625 0.6531554390625 0.384765625 0.7038859578125 0.3857421875 0.7059997296875 0.4189453125 0.7059997296875
1 0.4423828125 0.7059997296875 0.4453125 0.6996584140625 0.4453125 0.6531554390625 0.4443359375 0.6510416671875 0.4228515625 0.6510416671875 0.421875 0.6531554390625 0.421875 0.6996584140625 0.4248046875 0.7059997296875 0.4423828125 0.7059997296875
1 0.447265625 0.6912033281250001 0.447265625 0.6996584140625 0.4501953125 0.7059997296875 0.4794921875 0.7059997296875 0.48046875 0.7038859578125 0.48046875 0.6531554390625 0.4775390625 0.6468141234375 0.4541015625 0.6468141234375 0.4521484375 0.6510416671875 0.4482421875 0.6510416671875 0.447265625 0.6531554390625 0.447265625 0.682748240625 0.44921875 0.6869757843750001 0.447265625 0.6912033281250001
1 0.4970703125 0.7059997296875 0.4990234375 0.7017721859375 0.5126953125 0.7017721859375 0.513671875 0.6996584140625 0.513671875 0.6531554390625 0.5107421875 0.6468141234375 0.4951171875 0.6468141234375 0.4931640625 0.6510416671875 0.4833984375 0.6510416671875 0.482421875 0.6531554390625 0.482421875 0.6996584140625 0.4853515625 0.7059997296875 0.4970703125 0.7059997296875
1 0.515625 0.695430871875 0.5185546875 0.7017721859375 0.5263671875 0.7017721859375 0.5283203125 0.6975446421875 0.5361328125 0.6975446421875 0.537109375 0.695430871875 0.537109375 0.6489278953125 0.5341796875 0.6425865796875 0.5244140625 0.6425865796875 0.5224609375 0.6468141234375 0.5166015625 0.6425865796875 0.513671875 0.6489278953125 0.513671875 0.6742931546875 0.515625 0.6785206984375 0.515625 0.695430871875
1 0.541015625 0.6996584140625 0.5419921875 0.7017721859375 0.5654296875 0.7017721859375 0.568359375 0.695430871875 0.568359375 0.6700656109375001 0.56640625 0.6658380687500001 0.56640625 0.6489278953125 0.5654296875 0.6468141234375 0.5419921875 0.6468141234375 0.5390625 0.6531554390625 0.5390625 0.682748240625 0.541015625 0.6869757843750001 0.541015625 0.6996584140625
1 0.5888671875 0.6975446421875 0.58984375 0.695430871875 0.58984375 0.6447003515625 0.5888671875 0.6425865796875 0.5693359375 0.6425865796875 0.568359375 0.6447003515625 0.568359375 0.6912033281250001 0.5712890625 0.6975446421875 0.5888671875 0.6975446421875
1 0.591796875 0.6996584140625 0.5927734375 0.7017721859375 0.6162109375 0.7017721859375 0.619140625 0.695430871875 0.619140625 0.6658380687500001 0.6171875 0.6616105250000001 0.6171875 0.6489278953125 0.6162109375 0.6468141234375 0.5927734375 0.6468141234375 0.58984375 0.6531554390625 0.58984375 0.6573829812499999 0.591796875 0.6616105250000001 0.591796875 0.6996584140625
1 0.6396484375 0.6975446421875 0.6416015625 0.7017721859375 0.646484375 0.6912033281250001 0.646484375 0.6869757843750001 0.64453125 0.682748240625 0.64453125 0.6489278953125 0.6416015625 0.6425865796875 0.6396484375 0.6468141234375 0.6337890625 0.6468141234375 0.6318359375 0.6425865796875 0.6298828125 0.6425865796875 0.6279296875 0.6468141234375 0.6259765625 0.6425865796875 0.6201171875 0.6468141234375 0.619140625 0.6489278953125 0.619140625 0.6912033281250001 0.6220703125 0.6975446421875 0.6396484375 0.6975446421875
1 0.646484375 0.695430871875 0.6474609375 0.6975446421875 0.6611328125 0.6975446421875 0.6630859375 0.6933171 0.6748046875 0.6933171 0.67578125 0.6912033281250001 0.67578125 0.6489278953125 0.6728515625 0.6425865796875 0.6455078125 0.6425865796875 0.64453125 0.6447003515625 0.64453125 0.6658380687500001 0.646484375 0.6700656109375001 0.646484375 0.695430871875
1 0.677734375 0.695430871875 0.6787109375 0.6975446421875 0.7041015625 0.6975446421875 0.705078125 0.695430871875 0.705078125 0.6700656109375001 0.703125 0.6658380687500001 0.703125 0.6489278953125 0.7001953125 0.6425865796875 0.6767578125 0.6425865796875 0.67578125 0.6447003515625 0.67578125 0.682748240625 0.677734375 0.6869757843750001 0.677734375 0.695430871875
1 0.7314453125 0.6975446421875 0.732421875 0.695430871875 0.732421875 0.6531554390625 0.7294921875 0.6468141234375 0.7060546875 0.6468141234375 0.705078125 0.6489278953125 0.705078125 0.695430871875 0.7060546875 0.6975446421875 0.7314453125 0.6975446421875
1 0.73828125 0.6912033281250001 0.7392578125 0.6933171 0.7685546875 0.6933171 0.76953125 0.6912033281250001 0.76953125 0.6489278953125 0.767578125 0.6447003515625 0.7666015625 0.6383590375 0.7373046875 0.6383590375 0.736328125 0.6404728078125 0.736328125 0.6700656109375001 0.73828125 0.6742931546875 0.73828125 0.6912033281250001
1 0.771484375 0.6912033281250001 0.7724609375 0.6933171 0.7763671875 0.6933171 0.7783203125 0.6975446421875 0.7958984375 0.6975446421875 0.798828125 0.6912033281250001 0.798828125 0.682748240625 0.796875 0.6785206984375 0.796875 0.6489278953125 0.7939453125 0.6425865796875 0.7705078125 0.6425865796875 0.76953125 0.6447003515625 0.76953125 0.6742931546875 0.771484375 0.6785206984375 0.771484375 0.6912033281250001
1 0.798828125 0.695430871875 0.7998046875 0.6975446421875 0.8271484375 0.6975446421875 0.830078125 0.6912033281250001 0.830078125 0.6785206984375 0.828125 0.6742931546875 0.828125 0.6489278953125 0.8251953125 0.6425865796875 0.7978515625 0.6425865796875 0.796875 0.6447003515625 0.796875 0.6742931546875 0.798828125 0.6785206984375 0.798828125 0.695430871875
1 0.8388671875 0.6975446421875 0.83984375 0.695430871875 0.83984375 0.6531554390625 0.837890625 0.6489278953125 0.8369140625 0.6425865796875 0.8349609375 0.6468141234375 0.8330078125 0.6468141234375 0.8310546875 0.6425865796875 0.828125 0.6489278953125 0.828125 0.6912033281250001 0.8310546875 0.6975446421875 0.8388671875 0.6975446421875
1 0.83984375 0.6869757843750001 0.8408203125 0.68908955625 0.8564453125 0.68908955625 0.857421875 0.6869757843750001 0.857421875 0.6447003515625 0.85546875 0.6404728078125 0.85546875 0.6362452656250001 0.8544921875 0.63413149375 0.8388671875 0.63413149375 0.837890625 0.6362452656250001 0.837890625 0.6573829812499999 0.83984375 0.6616105250000001 0.83984375 0.6869757843750001
1 0.8818359375 0.68908955625 0.8828125 0.6869757843750001 0.8828125 0.6531554390625 0.880859375 0.6489278953125 0.880859375 0.6404728078125 0.8798828125 0.6383590375 0.8583984375 0.6383590375 0.857421875 0.6404728078125 0.857421875 0.6869757843750001 0.8583984375 0.68908955625 0.8818359375 0.68908955625
1 0.8828125 0.6869757843750001 0.8857421875 0.6933171 0.8955078125 0.6933171 0.8984375 0.6869757843750001 0.8984375 0.682748240625 0.896484375 0.6785206984375 0.896484375 0.6489278953125 0.8916015625 0.6383590375 0.8896484375 0.6383590375 0.8876953125 0.6425865796875 0.8857421875 0.6383590375 0.8837890625 0.6425865796875 0.8818359375 0.6425865796875 0.880859375 0.6447003515625 0.880859375 0.6531554390625 0.8828125 0.6573829812499999 0.8828125 0.6869757843750001
1 0.912109375 0.6912033281250001 0.9130859375 0.6933171 0.9287109375 0.6933171 0.9296875 0.6912033281250001 0.9296875 0.6658380687500001 0.927734375 0.6616105250000001 0.927734375 0.6447003515625 0.9267578125 0.6425865796875 0.9228515625 0.6425865796875 0.9208984375 0.6383590375 0.9189453125 0.6425865796875 0.9111328125 0.6425865796875 0.91015625 0.6447003515625 0.91015625 0.6785206984375 0.912109375 0.682748240625 0.912109375 0.6912033281250001
0 0.154296875 0.49250879375 0.154296875 0.6108800046875 0.15234375 0.6151075484375 0.15234375 0.6658380687500001 0.154296875 0.6700656109375001 0.154296875 0.6785206984375 0.15625 0.682748240625 0.15625 0.6869757843750001 0.154296875 0.6912033281250001 0.154296875 0.7038859578125 0.15234375 0.7081135015625 0.15234375 0.7165685875000001 0.150390625 0.72079613125 0.150390625 0.8053469968750001 0.1484375 0.809574540625 0.1484375 0.8856703187500001 0.1513671875 0.892011634375 0.1533203125 0.892011634375 0.1552734375 0.896239178125 0.1650390625 0.896239178125 0.166015625 0.89412540625 0.166015625 0.8687601468749999 0.16796875 0.864532603125 0.16796875 0.7884368234375 0.169921875 0.7842092796875 0.169921875 0.7292512171875 0.171875 0.725023675 0.171875 0.71234104375 0.169921875 0.7081135015625 0.171875 0.695430871875 0.169921875 0.6912033281250001 0.169921875 0.6869757843750001 0.171875 0.682748240625 0.171875 0.6320177218749999 0.173828125 0.6277901781249999 0.173828125 0.48405370625 0.17578125 0.4798261640625 0.17578125 0.340317234375 0.177734375 0.3360896921875 0.177734375 0.26422145625 0.1806640625 0.25788014062500003 0.2060546875 0.25788014062500003 0.2080078125 0.25365259687499997 0.2109375 0.251538825 0.2109375 0.2473112828125 0.208984375 0.24308373906249997 0.208984375 0.226173565625 0.20703125 0.2219460234375 0.20703125 0.2134909359375 0.205078125 0.2092633921875 0.205078125 0.20080830624999998 0.203125 0.1965807625 0.203125 0.1881256765625 0.201171875 0.1838981328125 0.201171875 0.175443046875 0.19921875 0.171215503125 0.19921875 0.166987959375 0.1787109375 0.12259875468749999 0.1630859375 0.12259875468749999 0.162109375 0.12471252656250001 0.162109375 0.20503585000000002 0.16015625 0.2092633921875 0.16015625 0.2769040859375 0.158203125 0.281131628125 0.158203125 0.407957928125 0.15625 0.41218547031249997 0.15625 0.48828125 0.154296875 0.49250879375
0 0.78515625 0.293814259375 0.7880859375 0.3001555734375 0.8095703125 0.3001555734375 0.8125 0.3064968890625 0.8125 0.31917951875 0.814453125 0.3234070609375 0.814453125 0.36145495156249996 0.81640625 0.3656824953125 0.81640625 0.407957928125 0.818359375 0.41218547031249997 0.818359375 0.45023336093750005 0.8203125 0.45446090312500004 0.8203125 0.4967363359375 0.822265625 0.5009638796875 0.822265625 0.54746685625 0.82421875 0.5516943999999999 0.82421875 0.5939698328125 0.826171875 0.598197375 0.826171875 0.6404728078125 0.828125 0.6447003515625 0.828125 0.6531554390625 0.830078125 0.6573829812499999 0.830078125 0.7292512171875 0.83203125 0.7334787609375 0.83203125 0.7799817375 0.833984375 0.7842092796875 0.833984375 0.8222571703125 0.8359375 0.8264847124999999 0.8359375 0.8560775156249999 0.8388671875 0.86241883125 0.8447265625 0.86241883125 0.84765625 0.8560775156249999 0.84765625 0.83916734375 0.845703125 0.8349398000000001 0.845703125 0.7968919109375 0.84375 0.7926643671875 0.84375 0.750388934375 0.841796875 0.746161390625 0.841796875 0.7038859578125 0.83984375 0.6996584140625 0.83984375 0.6742931546875 0.837890625 0.6700656109375001 0.837890625 0.6277901781249999 0.8359375 0.6235626359374999 0.8359375 0.5770596593749999 0.833984375 0.572832115625 0.833984375 0.5305566828125 0.83203125 0.5263291390625 0.83203125 0.4798261640625 0.830078125 0.47559862031250005 0.830078125 0.43755073125 0.828125 0.4333231875 0.828125 0.3910477546875 0.826171875 0.38682021093749996 0.826171875 0.340317234375 0.82421875 0.3360896921875 0.82421875 0.289586715625 0.822265625 0.28535917187500004 0.822265625 0.251538825 0.8193359375 0.24519751093750003 0.8076171875 0.24519751093750003 0.8056640625 0.2494250546875 0.8037109375 0.2494250546875 0.8017578125 0.25365259687499997 0.7998046875 0.25365259687499997 0.7978515625 0.25788014062500003 0.7919921875 0.262107684375 0.7880859375 0.2705627703125 0.7861328125 0.2705627703125 0.783203125 0.2769040859375 0.783203125 0.28535917187500004 0.78515625 0.289586715625 0.78515625 0.293814259375
0 0.826171875 0.340317234375 0.826171875 0.378365125 0.828125 0.3825926671875 0.828125 0.4248681 0.830078125 0.42909564375000003 0.830078125 0.48405370625 0.83203125 0.48828125 0.83203125 0.5263291390625 0.833984375 0.5305566828125 0.833984375 0.5643770296875 0.8359375 0.568604571875 0.8359375 0.6193350921875 0.837890625 0.6235626359374999 0.837890625 0.6531554390625 0.83984375 0.6573829812499999 0.83984375 0.71234104375 0.841796875 0.7165685875000001 0.841796875 0.750388934375 0.84375 0.7546164765625 0.84375 0.7926643671875 0.845703125 0.7968919109375 0.845703125 0.83916734375 0.84765625 0.8433948859375 0.84765625 0.8560775156249999 0.8486328125 0.8581912875000001 0.8642578125 0.8581912875000001 0.865234375 0.8560775156249999 0.865234375 0.7968919109375 0.86328125 0.7926643671875 0.86328125 0.7672991078125 0.861328125 0.7630715640625 0.861328125 0.7334787609375 0.859375 0.7292512171875 0.859375 0.695430871875 0.857421875 0.6912033281250001 0.857421875 0.6489278953125 0.85546875 0.6447003515625 0.85546875 0.6066524624999999 0.853515625 0.6024249187499999 0.853515625 0.5601494859375 0.8515625 0.5559219421875 0.8515625 0.5094189671875 0.849609375 0.5051914234375 0.849609375 0.47559862031250005 0.84765625 0.4713710765625 0.84765625 0.4333231875 0.845703125 0.42909564375000003 0.845703125 0.3910477546875 0.84375 0.38682021093749996 0.84375 0.3529998640625 0.841796875 0.34877232187499996 0.841796875 0.31072443125000004 0.83984375 0.3064968890625 0.8388671875 0.3001555734375 0.8369140625 0.3001555734375 0.8330078125 0.3086106609375 0.8291015625 0.3086106609375 0.828125 0.3064968890625 0.828125 0.2769040859375 0.8271484375 0.2747903140625 0.826171875 0.2769040859375 0.826171875 0.314951975 0.82421875 0.31917951875 0.82421875 0.3360896921875 0.826171875 0.340317234375
0 0.84375 0.3825926671875 0.845703125 0.38682021093749996 0.845703125 0.4206405578125 0.84765625 0.4248681 0.84765625 0.462915990625 0.849609375 0.4671435328125 0.849609375 0.49250879375 0.8515625 0.4967363359375 0.8515625 0.5263291390625 0.853515625 0.5305566828125 0.853515625 0.5939698328125 0.85546875 0.598197375 0.85546875 0.6404728078125 0.857421875 0.6447003515625 0.857421875 0.6700656109375001 0.859375 0.6742931546875 0.859375 0.72079613125 0.861328125 0.725023675 0.861328125 0.7630715640625 0.86328125 0.7672991078125 0.86328125 0.7926643671875 0.865234375 0.7968919109375 0.865234375 0.8476224296874999 0.8671875 0.8518499734375 0.8681640625 0.8581912875000001 0.8896484375 0.8581912875000001 0.892578125 0.8518499734375 0.892578125 0.83071225625 0.890625 0.8264847124999999 0.890625 0.7968919109375 0.888671875 0.7926643671875 0.888671875 0.7546164765625 0.88671875 0.750388934375 0.88671875 0.72079613125 0.884765625 0.7165685875000001 0.884765625 0.695430871875 0.8828125 0.6912033281250001 0.8828125 0.6573829812499999 0.880859375 0.6531554390625 0.880859375 0.5939698328125 0.87890625 0.5897422890625 0.87890625 0.5516943999999999 0.876953125 0.54746685625 0.876953125 0.522101596875 0.875 0.517874053125 0.875 0.49250879375 0.873046875 0.48828125 0.873046875 0.45446090312500004 0.87109375 0.45023336093750005 0.87109375 0.41218547031249997 0.869140625 0.407957928125 0.869140625 0.3656824953125 0.8671875 0.36145495156249996 0.8671875 0.31917951875 0.865234375 0.314951975 0.865234375 0.2769040859375 0.8623046875 0.2705627703125 0.8466796875 0.2705627703125 0.8447265625 0.2747903140625 0.8427734375 0.2705627703125 0.841796875 0.27267654218750004 0.841796875 0.3318621484375 0.84375 0.3360896921875 0.84375 0.3825926671875
0 0.865234375 0.27267654218750004 0.865234375 0.293814259375 0.8671875 0.29804180156250004 0.8671875 0.36145495156249996 0.869140625 0.3656824953125 0.869140625 0.40373038437500003 0.87109375 0.407957928125 0.87109375 0.4460058171875 0.873046875 0.45023336093750005 0.873046875 0.48828125 0.875 0.49250879375 0.875 0.517874053125 0.876953125 0.522101596875 0.876953125 0.54746685625 0.87890625 0.5516943999999999 0.87890625 0.5897422890625 0.880859375 0.5939698328125 0.880859375 0.6362452656250001 0.8828125 0.6404728078125 0.8828125 0.682748240625 0.884765625 0.6869757843750001 0.884765625 0.7081135015625 0.88671875 0.71234104375 0.88671875 0.750388934375 0.888671875 0.7546164765625 0.888671875 0.7926643671875 0.890625 0.7968919109375 0.890625 0.8264847124999999 0.892578125 0.83071225625 0.892578125 0.8518499734375 0.8955078125 0.8581912875000001 0.9033203125 0.8581912875000001 0.90625 0.8518499734375 0.90625 0.8349398000000001 0.904296875 0.83071225625 0.904296875 0.8053469968750001 0.90234375 0.801119453125 0.90234375 0.7588440203125 0.900390625 0.7546164765625 0.900390625 0.7292512171875 0.8984375 0.725023675 0.8984375 0.6996584140625 0.896484375 0.695430871875 0.896484375 0.6531554390625 0.89453125 0.6489278953125 0.89453125 0.6235626359374999 0.892578125 0.6193350921875 0.892578125 0.5855147453125 0.890625 0.581287203125 0.890625 0.54746685625 0.888671875 0.5432393125 0.888671875 0.517874053125 0.88671875 0.513646509375 0.88671875 0.4713710765625 0.884765625 0.4671435328125 0.884765625 0.43755073125 0.8828125 0.4333231875 0.8828125 0.3910477546875 0.880859375 0.38682021093749996 0.880859375 0.3529998640625 0.87890625 0.34877232187499996 0.87890625 0.314951975 0.876953125 0.31072443125000004 0.876953125 0.28535917187500004 0.875 0.281131628125 0.875 0.25576636875 0.8720703125 0.2494250546875 0.8583984375 0.2494250546875 0.8564453125 0.25365259687499997 0.8505859375 0.25788014062500003 0.84765625 0.26422145625 0.8486328125 0.26633522656249997 0.8623046875 0.26633522656249997 0.865234375 0.27267654218750004
0 0.87890625 0.344544778125 0.880859375 0.34877232187499996 0.880859375 0.38682021093749996 0.8828125 0.3910477546875 0.8828125 0.4333231875 0.884765625 0.43755073125 0.884765625 0.4713710765625 0.88671875 0.47559862031250005 0.88671875 0.513646509375 0.888671875 0.517874053125 0.888671875 0.54746685625 0.890625 0.5516943999999999 0.890625 0.581287203125 0.892578125 0.5855147453125 0.892578125 0.6151075484375 0.89453125 0.6193350921875 0.89453125 0.6404728078125 0.896484375 0.6447003515625 0.896484375 0.6700656109375001 0.8984375 0.6742931546875 0.896484375 0.6785206984375 0.8984375 0.682748240625 0.8984375 0.7165685875000001 0.900390625 0.72079613125 0.900390625 0.750388934375 0.90234375 0.7546164765625 0.90234375 0.7968919109375 0.904296875 0.801119453125 0.904296875 0.8222571703125 0.90625 0.8264847124999999 0.90625 0.8518499734375 0.9091796875 0.8581912875000001 0.9365234375 0.8581912875000001 0.9375 0.8560775156249999 0.9375 0.8433948859375 0.935546875 0.83916734375 0.935546875 0.809574540625 0.93359375 0.8053469968750001 0.93359375 0.750388934375 0.931640625 0.746161390625 0.931640625 0.72079613125 0.9296875 0.7165685875000001 0.9296875 0.6785206984375 0.927734375 0.6742931546875 0.927734375 0.6320177218749999 0.92578125 0.6277901781249999 0.92578125 0.581287203125 0.923828125 0.5770596593749999 0.923828125 0.5432393125 0.921875 0.53901176875 0.921875 0.5051914234375 0.919921875 0.5009638796875 0.919921875 0.462915990625 0.91796875 0.458688446875 0.91796875 0.4206405578125 0.916015625 0.4164130140625 0.916015625 0.3699100375 0.9140625 0.3656824953125 0.9140625 0.3360896921875 0.912109375 0.3318621484375 0.912109375 0.289586715625 0.91015625 0.28535917187500004 0.91015625 0.25576636875 0.9091796875 0.25365259687499997 0.8994140625 0.25365259687499997 0.8974609375 0.2494250546875 0.8955078125 0.2494250546875 0.8935546875 0.25365259687499997 0.8896484375 0.25365259687499997 0.8876953125 0.25788014062500003 0.8837890625 0.25788014062500003 0.8818359375 0.262107684375 0.8798828125 0.262107684375 0.876953125 0.2684489984375 0.876953125 0.31072443125000004 0.87890625 0.314951975 0.87890625 0.344544778125