1 0.1025390625 0.68908955625 0.103515625 0.6869757843750001 0.103515625 0.6066524624999999 0.1025390625 0.604538690625 0.0517578125 0.604538690625 0.048828125 0.6108800046875 0.048828125 0.6869757843750001 0.0517578125 0.6933171 0.1025390625 0.68908955625
1 0.166015625 0.6869757843750001 0.1640625 0.6066524624999999 0.1630859375 0.604538690625 0.1064453125 0.608766234375 0.10546875 0.6108800046875 0.103515625 0.6869757843750001 0.1083984375 0.6975446421875 0.1630859375 0.6933171 0.166015625 0.6869757843750001
1 0.2177734375 0.6848620125 0.21875 0.682748240625 0.21875 0.6024249187499999 0.2177734375 0.600311146875 0.1826171875 0.600311146875 0.1669921875 0.604538690625 0.166015625 0.6066524624999999 0.166015625 0.6869757843750001 0.1669921875 0.68908955625 0.2177734375 0.6848620125
1 0.2529296875 0.6933171 0.2900390625 0.68908955625 0.291015625 0.6869757843750001 0.291015625 0.6108800046875 0.2880859375 0.604538690625 0.2470703125 0.604538690625 0.2216796875 0.608766234375 0.220703125 0.6108800046875 0.220703125 0.6912033281250001 0.2216796875 0.6933171 0.2529296875 0.6933171
1 0.2958984375 0.7017721859375 0.3447265625 0.7017721859375 0.345703125 0.6996584140625 0.345703125 0.6193350921875 0.3447265625 0.6172213203125 0.3037109375 0.6172213203125 0.2958984375 0.6214488640625 0.29296875 0.6277901781249999 0.29296875 0.6573829812499999 0.294921875 0.6996584140625 0.2958984375 0.7017721859375
1 0.3935546875 0.6933171 0.39453125 0.6912033281250001 0.39453125 0.6151075484375 0.3916015625 0.608766234375 0.3642578125 0.608766234375 0.3486328125 0.6129937765625 0.34765625 0.6151075484375 0.34765625 0.6912033281250001 0.3486328125 0.6933171 0.3935546875 0.6933171
1 0.4013671875 0.6975446421875 0.4384765625 0.6933171 0.44140625 0.6869757843750001 0.44140625 0.6151075484375 0.4384765625 0.608766234375 0.4169921875 0.608766234375 0.3974609375 0.6129937765625 0.396484375 0.6151075484375 0.396484375 0.6573829812499999 0.3984375 0.6912033281250001 0.4013671875 0.6975446421875
1 0.4716796875 0.6848620125 0.4931640625 0.6806344703125 0.494140625 0.6785206984375 0.4921875 0.6024249187499999 0.4892578125 0.5960836031250001 0.4462890625 0.600311146875 0.44140625 0.6108800046875 0.443359375 0.682748240625 0.4443359375 0.6848620125 0.4716796875 0.6848620125
1 0.5458984375 0.68908955625 0.5732421875 0.6848620125 0.57421875 0.682748240625 0.57421875 0.6151075484375 0.5712890625 0.604538690625 0.5146484375 0.604538690625 0.4970703125 0.608766234375 0.49609375 0.6108800046875 0.49609375 0.6785206984375 0.5009765625 0.6933171 0.5458984375 0.68908955625
1 0.6845703125 0.68908955625 0.685546875 0.6869757843750001 0.68359375 0.6108800046875 0.6806640625 0.604538690625 0.6435546875 0.604538690625 0.6240234375 0.608766234375 0.623046875 0.6108800046875 0.623046875 0.6869757843750001 0.6259765625 0.6933171 0.6845703125 0.68908955625
1 0.5810546875 0.6975446421875 0.6201171875 0.6975446421875 0.623046875 0.6912033281250001 0.623046875 0.6193350921875 0.6201171875 0.6129937765625 0.5830078125 0.6129937765625 0.5791015625 0.6172213203125 0.578125 0.6193350921875 0.578125 0.6531554390625 0.580078125 0.695430871875 0.5810546875 0.6975446421875
1 0.7470703125 0.6848620125 0.748046875 0.682748240625 0.748046875 0.6108800046875 0.7431640625 0.600311146875 0.7119140625 0.600311146875 0.6865234375 0.604538690625 0.68359375 0.6108800046875 0.685546875 0.682748240625 0.6865234375 0.6848620125 0.7470703125 0.6848620125
1 0.8037109375 0.6848620125 0.8046875 0.682748240625 0.8046875 0.6573829812499999 0.802734375 0.6066524624999999 0.8017578125 0.604538690625 0.7919921875 0.600311146875 0.7607421875 0.600311146875 0.7490234375 0.604538690625 0.748046875 0.6066524624999999 0.748046875 0.6616105250000001 0.7509765625 0.6848620125 0.8037109375 0.6848620125
1 0.8193359375 0.68908955625 0.8447265625 0.68908955625 0.8642578125 0.6848620125 0.865234375 0.682748240625 0.865234375 0.6489278953125 0.86328125 0.6066524624999999 0.8603515625 0.600311146875 0.8056640625 0.604538690625 0.802734375 0.6108800046875 0.8046875 0.682748240625 0.8056640625 0.6848620125 0.8193359375 0.68908955625
1 0.8701171875 0.6806344703125 0.8759765625 0.6848620125 0.9208984375 0.6848620125 0.921875 0.682748240625 0.921875 0.6447003515625 0.919921875 0.6066524624999999 0.9169921875 0.600311146875 0.8720703125 0.5960836031250001 0.8662109375 0.600311146875 0.865234375 0.6024249187499999 0.865234375 0.6277901781249999 0.8671875 0.6742931546875 0.8701171875 0.6806344703125
1 0.9228515625 0.6848620125 0.9404296875 0.6848620125 0.943359375 0.6785206984375 0.943359375 0.6700656109375001 0.939453125 0.6024249187499999 0.9384765625 0.600311146875 0.9208984375 0.600311146875 0.919921875 0.6024249187499999 0.919921875 0.6489278953125 0.921875 0.682748240625 0.9228515625 0.6848620125
1 1 0.5939698328125 0.9990234375 0.5918560609375 0.9736328125 0.5918560609375 0.9462890625 0.5960836031250001 0.943359375 0.6024249187499999 0.943359375 0.6108800046875 0.947265625 0.6742931546875 0.9482421875 0.6764069265625 0.9990234375 0.6764069265625 1 0.6742931546875 1 0.5939698328125
0 0.0595703125 0 0.052734375 0.0105688578125 0.048828125 0.47559862031250005 0.046875 0.9533110125 0.048828125 0.9702211843749999 0.0537109375 0.9807900437500001 0.0751953125 0.9807900437500001 0.0927734375 0.9765625 0.1015625 0.9617660984375 0.103515625 0.9490834687499999 0.11328125 0.031706575 0.11328125 0.0147964015625 0.111328125 0.006341315625000001 0.1044921875 0 0.0595703125 0
0 0.1318359375 0.9807900437500001 0.1494140625 0.9765625 0.1591796875 0.9681074140625 0.162109375 0.9617660984375 0.1640625 0.9364008390624999 0.166015625 0.5897422890625 0.166015625 0.0951197234375 0.1611328125 0.088778409375 0.1318359375 0.084550865625 0.1103515625 0.084550865625 0.107421875 0.09089218125000001 0.10546875 0.107802353125 0.103515625 0.9659936421875001 0.10546875 0.974448728125 0.1103515625 0.9807900437500001 0.1318359375 0.9807900437500001
0 0.216796875 0.9617660984375 0.21875 0.9025804921875 0.21875 0.3276346046875 0.216796875 0.13739515625 0.212890625 0.0866646375 0.2119140625 0.084550865625 0.1708984375 0.084550865625 0.166015625 0.0951197234375 0.1640625 0.9617660984375 0.1669921875 0.9681074140625 0.2119140625 0.9681074140625 0.216796875 0.9617660984375
0 0.2255859375 0.9765625 0.2763671875 0.9723349562499999 0.2861328125 0.9681074140625 0.2890625 0.9617660984375 0.291015625 0.9068080359374999 0.2890625 0.10357481093750001 0.2822265625 0.088778409375 0.2392578125 0.0760957796875 0.2197265625 0.0760957796875 0.21484375 0.0866646375 0.21484375 0.12048498437499999 0.220703125 0.9659936421875001 0.2255859375 0.9765625
0 0.2978515625 0.9723349562499999 0.3212890625 0.9723349562499999 0.3427734375 0.9681074140625 0.34765625 0.9575385546874999 0.34765625 0.7165685875000001 0.341796875 0.0443892046875 0.33984375 0.019023945312500002 0.3330078125 0.008455085937499999 0.2978515625 0.008455085937499999 0.29296875 0.0147964015625 0.291015625 0.0655269203125 0.291015625 0.5432393125 0.29296875 0.9617660984375 0.2978515625 0.9723349562499999
0 0.349609375 0.9490834687499999 0.3525390625 0.9638798703125 0.3837890625 0.9638798703125 0.3955078125 0.9596523265625001 0.3984375 0.9533110125 0.396484375 0.6404728078125 0.388671875 0.019023945312500002 0.3798828125 0 0.3525390625 0.00422754375 0.345703125 0.0105688578125 0.34375 0.0232514875 0.34375 0.3318621484375 0.345703125 0.6320177218749999 0.349609375 0.9490834687499999
0 0.3994140625 0.608766234375 0.4345703125 0.608766234375 0.439453125 0.6024249187499999 0.439453125 0.568604571875 0.431640625 0.112029896875 0.4296875 0.052844290625 0.4248046875 0.0422754328125 0.3974609375 0.0422754328125 0.392578125 0.0486167484375 0.390625 0.057071834375 0.390625 0.1881256765625 0.396484375 0.598197375 0.3994140625 0.608766234375
0 0.44140625 0.5855147453125 0.4462890625 0.600311146875 0.4658203125 0.600311146875 0.4892578125 0.5960836031250001 0.4921875 0.5770596593749999 0.48046875 0.019023945312500002 0.4736328125 0 0.4521484375 0.00422754375 0.4345703125 0.012682629687499999 0.43359375 0.0147964015625 0.43359375 0.1923532203125 0.4375 0.43755073125 0.44140625 0.5855147453125
0 0.501953125 0.944855925 0.50390625 0.9533110125 0.5107421875 0.9638798703125 0.5615234375 0.9638798703125 0.5771484375 0.9596523265625001 0.580078125 0.9533110125 0.580078125 0.915263121875 0.564453125 0.10357481093750001 0.5625 0.061299378125000005 0.5556640625 0.050730518749999995 0.5244140625 0.0465029765625 0.4892578125 0.050730518749999995 0.4853515625 0.0549580625 0.482421875 0.061299378125000005 0.482421875 0.1416227 0.494140625 0.7038859578125 0.501953125 0.944855925
0 0.58203125 0.9406283828124999 0.5869140625 0.9596523265625001 0.6259765625 0.9596523265625001 0.62890625 0.9533110125 0.62890625 0.9110355796875 0.61328125 0.2388561953125 0.607421875 0.061299378125000005 0.6064453125 0.05918560625 0.5771484375 0.05918560625 0.5712890625 0.06341315 0.56640625 0.0739820078125 0.56640625 0.2092633921875 0.578125 0.7968919109375 0.58203125 0.9406283828124999
0 0.6103515625 0 0.609375 0.002113771875 0.609375 0.112029896875 0.61328125 0.293814259375 0.626953125 0.8729876890625 0.630859375 0.9533110125 0.6337890625 0.9596523265625001 0.6845703125 0.9596523265625001 0.69140625 0.9490834687499999 0.69140625 0.9194906656249999 0.681640625 0.5305566828125 0.666015625 0.019023945312500002 0.6630859375 0 0.6103515625 0
0 0.6728515625 0 0.66796875 0.0105688578125 0.66796875 0.035934117187499996 0.69140625 0.944855925 0.6962890625 0.9554247828125 0.7041015625 0.9596523265625001 0.7451171875 0.9596523265625001 0.7509765625 0.9554247828125 0.75390625 0.9490834687499999 0.75390625 0.8814427765625 0.732421875 0.0105688578125 0.7294921875 0 0.6728515625 0
0 0.7353515625 0 0.734375 0.002113771875 0.732421875 0.0105688578125 0.732421875 0.0697544640625 0.75390625 0.9279457515624999 0.755859375 0.9490834687499999 0.7607421875 0.9554247828125 0.7958984375 0.9554247828125 0.8095703125 0.9511972406250001 0.8125 0.944855925 0.8125 0.9194906656249999 0.787109375 0.019023945312500002 0.78515625 0.006341315625000001 0.7822265625 0 0.7353515625 0
0 0.7900390625 0 0.7890625 0.002113771875 0.787109375 0.0147964015625 0.787109375 0.0486167484375 0.8046875 0.7081135015625 0.8125 0.9406283828124999 0.8173828125 0.9511972406250001 0.8662109375 0.9511972406250001 0.8740234375 0.946969696875 0.876953125 0.9406283828124999 0.876953125 0.9364008390624999 0.845703125 0.006341315625000001 0.8427734375 0 0.7900390625 0
0 0.8828125 0.9406283828124999 0.8857421875 0.946969696875 0.9287109375 0.946969696875 0.931640625 0.9364008390624999 0.931640625 0.89412540625 0.9296875 0.83071225625 0.896484375 0.0147964015625 0.8896484375 0.00422754375 0.8564453125 0.00422754375 0.8515625 0.0147964015625 0.8515625 0.08243709375 0.8671875 0.6785206984375 0.8828125 0.9406283828124999
0 0.94140625 0.6447003515625 0.94140625 0.6320177218749999 0.9384765625 0.6214488640625 0.9375 0.6235626359374999 0.9375 0.6531554390625 0.9384765625 0.655269209375 0.94140625 0.6447003515625
0 0.931640625 0.9364008390624999 0.93359375 0.944855925 0.9384765625 0.9511972406250001 0.9541015625 0.9511972406250001 0.958984375 0.944855925 0.95703125 0.864532603125 0.9375 0.4671435328125 0.92578125 0.281131628125 0.9208984375 0.24519751093750003 0.9169921875 0.2409699671875 0.9111328125 0.2409699671875 0.9072265625 0.24519751093750003 0.90625 0.2473112828125 0.90625 0.28535917187500004 0.908203125 0.3529998640625 0.931640625 0.9364008390624999
0 0.9091796875 0 0.90625 0.006341315625000001 0.904296875 0.0655269203125 0.90625 0.112029896875 0.958984375 0.9321732953125 0.9609375 0.9406283828124999 0.9658203125 0.946969696875 0.9931640625 0.946969696875 1 0.9406283828124999 1 0.3825926671875 0.982421875 0.0147964015625 0.9736328125 0 0.9091796875 0