1 0.0302734375 0.6975446421875 0.0673828125 0.6975446421875 0.068359375 0.695430871875 0.068359375 0.6404728078125 0.0654296875 0.62990395 0.0244140625 0.62567640625 0.0234375 0.6277901781249999 0.0234375 0.6489278953125 0.025390625 0.6869757843750001 0.0302734375 0.6975446421875
1 0.0712890625 0.7017721859375 0.1123046875 0.7017721859375 0.1171875 0.6912033281250001 0.115234375 0.6362452656250001 0.1123046875 0.62990395 0.0693359375 0.63413149375 0.06640625 0.6404728078125 0.06640625 0.6489278953125 0.068359375 0.6912033281250001 0.0712890625 0.7017721859375
1 0.1201171875 0.6975446421875 0.1259765625 0.7017721859375 0.1533203125 0.7017721859375 0.15625 0.695430871875 0.154296875 0.6404728078125 0.1513671875 0.63413149375 0.1162109375 0.62990395 0.115234375 0.6320177218749999 0.115234375 0.6573829812499999 0.1171875 0.6912033281250001 0.1201171875 0.6975446421875
1 0.2060546875 0.7102272734375 0.212890625 0.7038859578125 0.212890625 0.6447003515625 0.2099609375 0.6383590375 0.1708984375 0.6425865796875 0.169921875 0.6447003515625 0.169921875 0.6869757843750001 0.1728515625 0.7102272734375 0.2060546875 0.7102272734375
1 0.2197265625 0.7271374453125 0.2353515625 0.7271374453125 0.2412109375 0.7229099031249999 0.2421875 0.72079613125 0.2421875 0.6869757843750001 0.240234375 0.6616105250000001 0.2392578125 0.659496753125 0.2138671875 0.659496753125 0.212890625 0.6616105250000001 0.212890625 0.7081135015625 0.21484375 0.72079613125 0.2197265625 0.7271374453125
1 0.2451171875 0.7017721859375 0.2802734375 0.7102272734375 0.3076171875 0.7102272734375 0.310546875 0.7038859578125 0.310546875 0.6447003515625 0.3095703125 0.6425865796875 0.2431640625 0.63413149375 0.240234375 0.6404728078125 0.240234375 0.6658380687500001 0.2421875 0.695430871875 0.2451171875 0.7017721859375
1 0.3251953125 0.7102272734375 0.3876953125 0.714454815625 0.39453125 0.7038859578125 0.39453125 0.6531554390625 0.3916015625 0.6468141234375 0.3662109375 0.6425865796875 0.3232421875 0.6425865796875 0.3203125 0.6489278953125 0.3203125 0.6658380687500001 0.322265625 0.7038859578125 0.3251953125 0.7102272734375
1 0.4091796875 0.718682359375 0.4443359375 0.718682359375 0.447265625 0.71234104375 0.44921875 0.6869757843750001 0.44921875 0.6531554390625 0.4482421875 0.6510416671875 0.4052734375 0.6510416671875 0.404296875 0.6531554390625 0.404296875 0.71234104375 0.4052734375 0.714454815625 0.4091796875 0.718682359375
1 0.4716796875 0.6848620125 0.470703125 0.6869757843750001 0.4716796875 0.68908955625 0.47265625 0.6869757843750001 0.4716796875 0.6848620125
1 0.5166015625 0.7355925328125 0.51953125 0.7292512171875 0.521484375 0.7038859578125 0.521484375 0.6785206984375 0.51953125 0.6700656109375001 0.5185546875 0.6679518390625 0.4990234375 0.6679518390625 0.498046875 0.6700656109375001 0.49609375 0.71234104375 0.498046875 0.7292512171875 0.5048828125 0.7355925328125 0.5166015625 0.7355925328125
1 0.4951171875 0.718682359375 0.49609375 0.7165685875000001 0.498046875 0.6912033281250001 0.498046875 0.6573829812499999 0.4951171875 0.6510416671875 0.4501953125 0.6510416671875 0.44921875 0.6531554390625 0.44921875 0.71234104375 0.4521484375 0.718682359375 0.4951171875 0.718682359375
1 0.5361328125 0.718682359375 0.5478515625 0.718682359375 0.548828125 0.7165685875000001 0.55078125 0.6869757843750001 0.55078125 0.6616105250000001 0.548828125 0.6531554390625 0.5361328125 0.6468141234375 0.5244140625 0.6468141234375 0.5234375 0.6489278953125 0.5234375 0.7081135015625 0.5263671875 0.714454815625 0.5361328125 0.718682359375
1 0.62109375 0.72079613125 0.62109375 0.6616105250000001 0.6201171875 0.659496753125 0.5712890625 0.659496753125 0.5703125 0.6616105250000001 0.568359375 0.72079613125 0.5712890625 0.7271374453125 0.6123046875 0.7271374453125 0.62109375 0.72079613125
1 0.5673828125 0.7271374453125 0.5703125 0.6996584140625 0.5703125 0.6658380687500001 0.5693359375 0.663724296875 0.5517578125 0.663724296875 0.55078125 0.6658380687500001 0.55078125 0.725023675 0.5517578125 0.7271374453125 0.5673828125 0.7271374453125
1 0.6435546875 0.739820075 0.6669921875 0.7355925328125 0.669921875 0.7292512171875 0.669921875 0.6742931546875 0.6669921875 0.6679518390625 0.6240234375 0.6721793828125 0.623046875 0.6742931546875 0.623046875 0.7334787609375 0.6259765625 0.739820075 0.6435546875 0.739820075
1 0.7060546875 0.7271374453125 0.7236328125 0.7229099031249999 0.724609375 0.72079613125 0.7265625 0.6996584140625 0.7265625 0.6616105250000001 0.7255859375 0.659496753125 0.6728515625 0.659496753125 0.671875 0.6616105250000001 0.669921875 0.71234104375 0.6728515625 0.7229099031249999 0.6767578125 0.7271374453125 0.7060546875 0.7271374453125
1 0.7509765625 0.739820075 0.7724609375 0.739820075 0.78515625 0.7334787609375 0.787109375 0.71234104375 0.787109375 0.6742931546875 0.7841796875 0.6679518390625 0.7275390625 0.6679518390625 0.7265625 0.6700656109375001 0.7265625 0.7292512171875 0.7294921875 0.7355925328125 0.7509765625 0.739820075
1 0.7998046875 0.7271374453125 0.8251953125 0.7271374453125 0.8388671875 0.7229099031249999 0.83984375 0.72079613125 0.83984375 0.6573829812499999 0.8388671875 0.655269209375 0.7880859375 0.655269209375 0.787109375 0.6573829812499999 0.787109375 0.7165685875000001 0.7900390625 0.7229099031249999 0.7998046875 0.7271374453125
1 0.8798828125 0.74404761875 0.884765625 0.7377063046875 0.88671875 0.71234104375 0.88671875 0.6742931546875 0.8857421875 0.6721793828125 0.8427734375 0.6764069265625 0.841796875 0.6785206984375 0.83984375 0.6996584140625 0.83984375 0.7377063046875 0.8427734375 0.74404761875 0.8798828125 0.74404761875
1 0.9287109375 0.718682359375 0.9423828125 0.714454815625 0.943359375 0.71234104375 0.9453125 0.682748240625 0.9453125 0.6531554390625 0.9423828125 0.6468141234375 0.8935546875 0.6510416671875 0.890625 0.6573829812499999 0.890625 0.71234104375 0.8935546875 0.718682359375 0.9287109375 0.718682359375
0 0 0.234628653125 0.025390625 0.6869757843750001 0.037109375 0.860305059375 0.0390625 0.8814427765625 0.0458984375 0.896239178125 0.0751953125 0.896239178125 0.078125 0.8898978625 0.078125 0.864532603125 0.04296875 0.09089218125000001 0.0380859375 0.084550865625 0.0009765625 0.084550865625 0 0.0866646375 0 0.234628653125
0 0.078125 0.8856703187500001 0.0869140625 0.9046942640625 0.1103515625 0.9046942640625 0.1181640625 0.9004667203125001 0.125 0.8856703187500001 0.125 0.8687601468749999 0.09375 0.11625744062500001 0.091796875 0.10357481093750001 0.0869140625 0.0972334953125 0.0458984375 0.093005953125 0.04296875 0.0993472671875 0.04296875 0.12894007031250002 0.07421875 0.8180296265625 0.078125 0.8856703187500001
0 0.125 0.8814427765625 0.126953125 0.8898978625 0.1337890625 0.9004667203125001 0.1591796875 0.9004667203125001 0.162109375 0.89412540625 0.162109375 0.8518499734375 0.142578125 0.293814259375 0.134765625 0.112029896875 0.1318359375 0.1056885828125 0.0966796875 0.1014610390625 0.09375 0.107802353125 0.09375 0.13739515625 0.09765625 0.25576636875 0.125 0.8814427765625
0 0.177734375 0.9025804921875 0.1826171875 0.9089218078125001 0.2119140625 0.9089218078125001 0.21875 0.8983529484374999 0.21875 0.8560775156249999 0.205078125 0.289586715625 0.19921875 0.112029896875 0.1962890625 0.1056885828125 0.1591796875 0.1056885828125 0.1552734375 0.109916125 0.15234375 0.11625744062500001 0.15234375 0.1627604171875 0.17578125 0.8814427765625 0.177734375 0.9025804921875
0 0.2216796875 0.9046942640625 0.2314453125 0.9089218078125001 0.2392578125 0.9089218078125001 0.24609375 0.8983529484374999 0.24609375 0.8687601468749999 0.23046875 0.11625744062500001 0.228515625 0.0866646375 0.2275390625 0.084550865625 0.2236328125 0.08032332187499999 0.2138671875 0.0760957796875 0.2060546875 0.0760957796875 0.2021484375 0.08032332187499999 0.19921875 0.0866646375 0.19921875 0.1543053296875 0.21875 0.89412540625 0.2216796875 0.9046942640625
0 0.24609375 0.8856703187500001 0.248046875 0.9025804921875 0.2529296875 0.9089218078125001 0.2666015625 0.91314935 0.2998046875 0.91314935 0.3115234375 0.9089218078125001 0.3154296875 0.9046942640625 0.318359375 0.89412540625 0.318359375 0.83071225625 0.3125 0.21771847968750002 0.310546875 0.11625744062500001 0.306640625 0.057071834375 0.2998046875 0.050730518749999995 0.2333984375 0.050730518749999995 0.23046875 0.057071834375 0.228515625 0.0655269203125 0.228515625 0.0993472671875 0.2421875 0.746161390625 0.24609375 0.8856703187500001
0 0.3251953125 0.91737689375 0.3876953125 0.9216044374999999 0.3974609375 0.91737689375 0.40234375 0.9068080359374999 0.447265625 0.12471252656250001 0.4453125 0.0866646375 0.4365234375 0.0718682359375 0.4013671875 0.0465029765625 0.3134765625 0.0422754328125 0.30859375 0.052844290625 0.30859375 0.09089218125000001 0.318359375 0.9068080359374999 0.3251953125 0.91737689375
0 0.4345703125 0.92583198125 0.4453125 0.9110355796875 0.447265625 0.89412540625 0.453125 0.251538825 0.453125 0.13739515625 0.4482421875 0.1310538421875 0.4111328125 0.1310538421875 0.40625 0.1416227 0.404296875 0.5939698328125 0.404296875 0.9110355796875 0.4169921875 0.92583198125 0.4345703125 0.92583198125
0 0.4619140625 0.92583198125 0.4775390625 0.92583198125 0.4912109375 0.91314935 0.494140625 0.8898978625 0.5078125 0.20503585000000002 0.5078125 0.1331676140625 0.5048828125 0.12682629843749998 0.4599609375 0.12682629843749998 0.455078125 0.13739515625 0.451171875 0.36145495156249996 0.44921875 0.5939698328125 0.447265625 0.8983529484374999 0.44921875 0.9068080359374999 0.4541015625 0.91737689375 0.4619140625 0.92583198125
0 0.5302734375 0.91737689375 0.5419921875 0.91737689375 0.546875 0.9110355796875 0.548828125 0.8983529484374999 0.552734375 0.3699100375 0.552734375 0.289586715625 0.5498046875 0.2790178578125 0.5380859375 0.2747903140625 0.5302734375 0.2747903140625 0.529296875 0.2769040859375 0.52734375 0.28535917187500004 0.525390625 0.3699100375 0.521484375 0.89412540625 0.5234375 0.9068080359374999 0.5263671875 0.91314935 0.5302734375 0.91737689375
0 0.5126953125 0.9216044374999999 0.515625 0.9110355796875 0.521484375 0.6996584140625 0.533203125 0.07820955156250001 0.533203125 0.057071834375 0.5283203125 0.0465029765625 0.5146484375 0.0465029765625 0.51171875 0.052844290625 0.509765625 0.0655269203125 0.498046875 0.6193350921875 0.494140625 0.8433948859375 0.494140625 0.9110355796875 0.5009765625 0.9216044374999999 0.5126953125 0.9216044374999999
0 0.5703125 0.9068080359374999 0.5703125 0.281131628125 0.5673828125 0.2747903140625 0.5576171875 0.2747903140625 0.552734375 0.281131628125 0.55078125 0.407957928125 0.548828125 0.9110355796875 0.5517578125 0.91737689375 0.5634765625 0.91737689375 0.5703125 0.9068080359374999
0 0.6142578125 0.91737689375 0.619140625 0.9110355796875 0.62109375 0.8856703187500001 0.625 0.1543053296875 0.623046875 0.13739515625 0.6181640625 0.1310538421875 0.5791015625 0.1352813859375 0.5732421875 0.139508928125 0.5703125 0.1500777875 0.568359375 0.71234104375 0.5703125 0.9068080359374999 0.5751953125 0.91737689375 0.6142578125 0.91737689375
0 0.66796875 0.9110355796875 0.67578125 0.234628653125 0.67578125 0.12471252656250001 0.6728515625 0.11414366875 0.6240234375 0.1183712125 0.623046875 0.12048498437499999 0.62109375 0.9068080359374999 0.6259765625 0.91737689375 0.6650390625 0.91737689375 0.66796875 0.9110355796875
0 0.6884765625 0.92583198125 0.7021484375 0.92583198125 0.7177734375 0.9216044374999999 0.72265625 0.9110355796875 0.724609375 0.9025804921875 0.7265625 0.8560775156249999 0.732421875 0.3064968890625 0.732421875 0.20503585000000002 0.7294921875 0.198694534375 0.6845703125 0.20714962187500002 0.677734375 0.2219460234375 0.67578125 0.25576636875 0.673828125 0.3529998640625 0.66796875 0.8898978625 0.669921875 0.9110355796875 0.6748046875 0.9216044374999999 0.6884765625 0.92583198125
0 0.7431640625 0.92583198125 0.7763671875 0.92583198125 0.78125 0.915263121875 0.783203125 0.9068080359374999 0.791015625 0.407957928125 0.791015625 0.1965807625 0.7900390625 0.194466990625 0.7666015625 0.194466990625 0.7373046875 0.198694534375 0.734375 0.20503585000000002 0.732421875 0.2219460234375 0.728515625 0.45023336093750005 0.7265625 0.6447003515625 0.7265625 0.9110355796875 0.7314453125 0.91737689375 0.7431640625 0.92583198125
0 0.7900390625 0.91737689375 0.7998046875 0.92583198125 0.8291015625 0.92583198125 0.833984375 0.915263121875 0.8359375 0.9068080359374999 0.837890625 0.8518499734375 0.849609375 0.20503585000000002 0.849609375 0.1416227 0.8447265625 0.12682629843749998 0.8310546875 0.12682629843749998 0.7470703125 0.139508928125 0.7373046875 0.143736471875 0.732421875 0.1543053296875 0.732421875 0.1796705890625 0.78515625 0.9068080359374999 0.7900390625 0.91737689375
0 0.8525390625 0.9216044374999999 0.8759765625 0.91737689375 0.8798828125 0.91314935 0.8828125 0.9068080359374999 0.884765625 0.8856703187500001 0.8984375 0.1796705890625 0.8984375 0.12471252656250001 0.8955078125 0.1183712125 0.8642578125 0.1183712125 0.8505859375 0.12259875468749999 0.849609375 0.12471252656250001 0.8359375 0.8983529484374999 0.8388671875 0.91314935 0.8486328125 0.9216044374999999 0.8525390625 0.9216044374999999
0 0.8994140625 0.92583198125 0.9248046875 0.92583198125 0.9306640625 0.9216044374999999 0.9365234375 0.91314935 0.939453125 0.89412540625 0.958984375 0.2092633921875 0.958984375 0.13739515625 0.9560546875 0.12682629843749998 0.9228515625 0.12682629843749998 0.9013671875 0.1310538421875 0.8984375 0.13739515625 0.888671875 0.5643770296875 0.884765625 0.7926643671875 0.884765625 0.9110355796875 0.8876953125 0.91737689375 0.8994140625 0.92583198125
0 0.9736328125 0.9216044374999999 0.9765625 0.8983529484374999 0.978515625 0.8476224296874999 0.998046875 0.20080830624999998 0.998046875 0.1416227 0.9951171875 0.1352813859375 0.9619140625 0.1352813859375 0.958984375 0.1500777875 0.94140625 0.7799817375 0.939453125 0.860305059375 0.939453125 0.915263121875 0.9443359375 0.9216044374999999 0.9736328125 0.9216044374999999