1 0.0625 0.7292512171875 0.0654296875 0.7355925328125 0.1005859375 0.7313649890625 0.1103515625 0.7271374453125 0.11328125 0.72079613125 0.111328125 0.6742931546875 0.1083984375 0.663724296875 0.0595703125 0.6721793828125 0.05859375 0.6742931546875 0.05859375 0.6869757843750001 0.060546875 0.71234104375 0.0625 0.7292512171875
1 0.1181640625 0.7313649890625 0.1552734375 0.7313649890625 0.158203125 0.725023675 0.15625 0.6785206984375 0.1513671875 0.6679518390625 0.1123046875 0.6679518390625 0.111328125 0.6700656109375001 0.111328125 0.695430871875 0.11328125 0.72079613125 0.1181640625 0.7313649890625
1 0.1611328125 0.7313649890625 0.2001953125 0.7313649890625 0.205078125 0.725023675 0.205078125 0.682748240625 0.2021484375 0.6679518390625 0.1572265625 0.6721793828125 0.15625 0.6742931546875 0.15625 0.695430871875 0.158203125 0.725023675 0.1611328125 0.7313649890625
1 0.2099609375 0.7355925328125 0.2470703125 0.7355925328125 0.2578125 0.7292512171875 0.2578125 0.6785206984375 0.2548828125 0.6679518390625 0.2060546875 0.6721793828125 0.205078125 0.6742931546875 0.205078125 0.7081135015625 0.20703125 0.7292512171875 0.2099609375 0.7355925328125
1 0.2646484375 0.739820075 0.2919921875 0.739820075 0.3056640625 0.7355925328125 0.3115234375 0.7313649890625 0.314453125 0.72079613125 0.3125 0.6742931546875 0.3095703125 0.6679518390625 0.2587890625 0.6721793828125 0.2578125 0.6742931546875 0.2578125 0.6996584140625 0.259765625 0.7292512171875 0.2646484375 0.739820075
1 0.3193359375 0.7355925328125 0.3603515625 0.7355925328125 0.36328125 0.7292512171875 0.36328125 0.6742931546875 0.3623046875 0.6721793828125 0.3134765625 0.6721793828125 0.3125 0.6742931546875 0.3125 0.6869757843750001 0.314453125 0.725023675 0.3193359375 0.7355925328125
1 0.3740234375 0.7313649890625 0.4091796875 0.7313649890625 0.4150390625 0.7271374453125 0.41796875 0.72079613125 0.41796875 0.6912033281250001 0.4150390625 0.6679518390625 0.3662109375 0.6679518390625 0.365234375 0.6700656109375001 0.365234375 0.7081135015625 0.3681640625 0.7271374453125 0.3740234375 0.7313649890625
1 0.4541015625 0.7482751624999999 0.4677734375 0.74404761875 0.470703125 0.7377063046875 0.470703125 0.6869757843750001 0.4697265625 0.6848620125 0.4208984375 0.6848620125 0.419921875 0.6869757843750001 0.419921875 0.7419338468750001 0.4248046875 0.7482751624999999 0.4541015625 0.7482751624999999
1 0.5185546875 0.739820075 0.5224609375 0.7355925328125 0.525390625 0.725023675 0.525390625 0.6785206984375 0.5244140625 0.6764069265625 0.4716796875 0.6764069265625 0.470703125 0.6785206984375 0.470703125 0.7334787609375 0.4755859375 0.739820075 0.5185546875 0.739820075
1 0.5615234375 0.74404761875 0.5791015625 0.739820075 0.583984375 0.7334787609375 0.583984375 0.682748240625 0.5810546875 0.6764069265625 0.5263671875 0.6764069265625 0.525390625 0.6785206984375 0.525390625 0.7334787609375 0.5283203125 0.739820075 0.5615234375 0.74404761875
1 0.5986328125 0.7567302484375 0.6318359375 0.7567302484375 0.6455078125 0.75250270625 0.646484375 0.750388934375 0.6484375 0.7377063046875 0.6484375 0.6912033281250001 0.6474609375 0.68908955625 0.5888671875 0.68908955625 0.5859375 0.695430871875 0.5859375 0.746161390625 0.5888671875 0.75250270625 0.5986328125 0.7567302484375
1 0.7041015625 0.7567302484375 0.7138671875 0.7609577921875 0.7275390625 0.7609577921875 0.7392578125 0.7567302484375 0.7421875 0.750388934375 0.744140625 0.71234104375 0.744140625 0.695430871875 0.7431640625 0.6933171 0.7021484375 0.6933171 0.701171875 0.695430871875 0.69921875 0.7038859578125 0.69921875 0.750388934375 0.7001953125 0.75250270625 0.7041015625 0.7567302484375
1 0.6650390625 0.7482751624999999 0.6962890625 0.7482751624999999 0.697265625 0.746161390625 0.69921875 0.7377063046875 0.69921875 0.6869757843750001 0.6982421875 0.6848620125 0.6494140625 0.6806344703125 0.6484375 0.682748240625 0.6484375 0.7377063046875 0.6513671875 0.74404761875 0.6650390625 0.7482751624999999
1 0.8095703125 0.75250270625 0.8251953125 0.75250270625 0.8349609375 0.7482751624999999 0.837890625 0.7419338468750001 0.83984375 0.7165685875000001 0.83984375 0.6869757843750001 0.8388671875 0.6848620125 0.7919921875 0.6806344703125 0.7890625 0.6869757843750001 0.7890625 0.7419338468750001 0.7919921875 0.7482751624999999 0.8095703125 0.75250270625
1 0.787109375 0.7377063046875 0.7890625 0.72079613125 0.7890625 0.682748240625 0.7861328125 0.6764069265625 0.7470703125 0.6806344703125 0.744140625 0.6869757843750001 0.7421875 0.7334787609375 0.7470703125 0.74404761875 0.7841796875 0.74404761875 0.787109375 0.7377063046875
1 0.8818359375 0.7482751624999999 0.884765625 0.7419338468750001 0.88671875 0.7081135015625 0.88671875 0.6912033281250001 0.8857421875 0.68908955625 0.8427734375 0.6848620125 0.83984375 0.695430871875 0.837890625 0.7419338468750001 0.8447265625 0.75250270625 0.8701171875 0.75250270625 0.8818359375 0.7482751624999999
1 0.9130859375 0.7863230515625 0.9267578125 0.7905505953125 0.9443359375 0.7905505953125 0.95703125 0.7842092796875 0.958984375 0.7630715640625 0.958984375 0.72079613125 0.9580078125 0.718682359375 0.9111328125 0.718682359375 0.91015625 0.72079613125 0.908203125 0.7377063046875 0.908203125 0.7799817375 0.9091796875 0.782095509375 0.9130859375 0.7863230515625
0 0.078125 0.9068080359374999 0.0927734375 0.9216044374999999 0.0986328125 0.9216044374999999 0.1181640625 0.91314935 0.125 0.9025804921875 0.125 0.8687601468749999 0.123046875 0.8349398000000001 0.07421875 0.175443046875 0.0634765625 0.1648741890625 0.0478515625 0.1648741890625 0.0322265625 0.16910173125 0.0166015625 0.1817843609375 0.01171875 0.1923532203125 0.01171875 0.20080830624999998 0.052734375 0.6531554390625 0.078125 0.9068080359374999
0 0.1337890625 0.91314935 0.1572265625 0.91314935 0.1630859375 0.9089218078125001 0.16796875 0.8983529484374999 0.1640625 0.171215503125 0.1591796875 0.1648741890625 0.0810546875 0.1902394484375 0.0771484375 0.194466990625 0.076171875 0.1965807625 0.076171875 0.21771847968750002 0.126953125 0.8983529484374999 0.1337890625 0.91314935
0 0.169921875 0.8983529484374999 0.1748046875 0.91314935 0.2060546875 0.91314935 0.212890625 0.9025804921875 0.21484375 0.8898978625 0.212890625 0.83071225625 0.177734375 0.1923532203125 0.1748046875 0.1860119046875 0.1552734375 0.1860119046875 0.1318359375 0.194466990625 0.126953125 0.20503585000000002 0.126953125 0.226173565625 0.1484375 0.5770596593749999 0.169921875 0.8983529484374999
0 0.2236328125 0.9216044374999999 0.2529296875 0.9216044374999999 0.2607421875 0.91737689375 0.263671875 0.9110355796875 0.263671875 0.8560775156249999 0.2578125 0.682748240625 0.236328125 0.175443046875 0.2333984375 0.16910173125 0.2138671875 0.16910173125 0.1806640625 0.1817843609375 0.177734375 0.1881256765625 0.177734375 0.2219460234375 0.216796875 0.9110355796875 0.2236328125 0.9216044374999999
0 0.2744140625 0.9216044374999999 0.2802734375 0.92583198125 0.3095703125 0.92583198125 0.318359375 0.9110355796875 0.3203125 0.8983529484374999 0.3203125 0.1585328734375 0.3173828125 0.1521915578125 0.2998046875 0.1521915578125 0.2529296875 0.173329275 0.2373046875 0.1860119046875 0.232421875 0.1965807625 0.232421875 0.21771847968750002 0.267578125 0.9068080359374999 0.2744140625 0.9216044374999999
0 0.3251953125 0.91314935 0.3369140625 0.91737689375 0.3642578125 0.91737689375 0.369140625 0.9110355796875 0.365234375 0.1500777875 0.3642578125 0.147964015625 0.3583984375 0.147964015625 0.3193359375 0.1648741890625 0.2958984375 0.1860119046875 0.294921875 0.1881256765625 0.294921875 0.234628653125 0.3203125 0.9025804921875 0.3251953125 0.91314935
0 0.373046875 0.915263121875 0.3798828125 0.92583198125 0.3876953125 0.9300595234375001 0.4033203125 0.9300595234375001 0.4150390625 0.9216044374999999 0.419921875 0.9068080359374999 0.4140625 0.1585328734375 0.4111328125 0.1521915578125 0.3916015625 0.1521915578125 0.3623046875 0.16910173125 0.3564453125 0.173329275 0.3505859375 0.1817843609375 0.349609375 0.1838981328125 0.349609375 0.1965807625 0.37109375 0.9068080359374999 0.373046875 0.915263121875
0 0.421875 0.9110355796875 0.423828125 0.9194906656249999 0.4306640625 0.9300595234375001 0.4482421875 0.9300595234375001 0.4658203125 0.92583198125 0.470703125 0.915263121875 0.47265625 0.9068080359374999 0.47265625 0.8814427765625 0.462890625 0.20080830624999998 0.4609375 0.166987959375 0.4521484375 0.147964015625 0.4462890625 0.147964015625 0.4248046875 0.1606466453125 0.4130859375 0.173329275 0.41015625 0.1796705890625 0.408203125 0.1965807625 0.408203125 0.281131628125 0.419921875 0.8772152328124999 0.421875 0.9110355796875
0 0.474609375 0.915263121875 0.4775390625 0.92583198125 0.4853515625 0.9342870671875 0.5087890625 0.942742153125 0.5224609375 0.92583198125 0.525390625 0.9194906656249999 0.5234375 0.1881256765625 0.5185546875 0.16910173125 0.4912109375 0.1521915578125 0.4873046875 0.1521915578125 0.4814453125 0.1564191015625 0.4697265625 0.16910173125 0.462890625 0.1838981328125 0.462890625 0.21771847968750002 0.47265625 0.8729876890625 0.474609375 0.915263121875
0 0.52734375 0.9068080359374999 0.5302734375 0.91737689375 0.5361328125 0.9216044374999999 0.5595703125 0.92583198125 0.5771484375 0.9216044374999999 0.58203125 0.9110355796875 0.583984375 0.7799817375 0.587890625 0.1881256765625 0.5830078125 0.173329275 0.5380859375 0.16910173125 0.5322265625 0.16910173125 0.525390625 0.1838981328125 0.5234375 0.1923532203125 0.5234375 0.234628653125 0.525390625 0.8222571703125 0.52734375 0.9068080359374999
0 0.6005859375 0.9385146109375 0.6259765625 0.9385146109375 0.6357421875 0.9342870671875 0.642578125 0.9194906656249999 0.64453125 0.9068080359374999 0.658203125 0.28535917187500004 0.658203125 0.1838981328125 0.6552734375 0.173329275 0.6435546875 0.1564191015625 0.6357421875 0.1564191015625 0.5927734375 0.16910173125 0.58984375 0.175443046875 0.587890625 0.3318621484375 0.5859375 0.6573829812499999 0.5859375 0.9194906656249999 0.5888671875 0.9300595234375001 0.6005859375 0.9385146109375
0 0.6650390625 0 0.66015625 0.0147964015625 0.64453125 0.8560775156249999 0.64453125 0.9110355796875 0.646484375 0.9194906656249999 0.6513671875 0.92583198125 0.6630859375 0.9342870671875 0.6708984375 0.9342870671875 0.6787109375 0.9300595234375001 0.6865234375 0.9216044374999999 0.69140625 0.9110355796875 0.693359375 0.89412540625 0.697265625 0.801119453125 0.72265625 0.002113771875 0.7216796875 0 0.6650390625 0
0 0.7294921875 0.92583198125 0.734375 0.915263121875 0.736328125 0.9068080359374999 0.73828125 0.8687601468749999 0.763671875 0.23040110937499997 0.763671875 0.166987959375 0.7568359375 0.1564191015625 0.7236328125 0.1352813859375 0.7197265625 0.1352813859375 0.716796875 0.1500777875 0.69921875 0.7081135015625 0.693359375 0.9068080359374999 0.6953125 0.9194906656249999 0.7001953125 0.92583198125 0.7294921875 0.92583198125
0 0.7724609375 0.9300595234375001 0.7763671875 0.92583198125 0.78125 0.915263121875 0.810546875 0.28535917187500004 0.8125 0.1881256765625 0.80859375 0.171215503125 0.7998046875 0.1606466453125 0.7548828125 0.1352813859375 0.75 0.1416227 0.73828125 0.915263121875 0.7431640625 0.92583198125 0.7587890625 0.9300595234375001 0.7724609375 0.9300595234375001
0 0.7978515625 0.6848620125 0.8388671875 0.6848620125 0.83984375 0.682748240625 0.841796875 0.6742931546875 0.86328125 0.24308373906249997 0.86328125 0.20080830624999998 0.8603515625 0.194466990625 0.8525390625 0.1902394484375 0.8154296875 0.1860119046875 0.810546875 0.20503585000000002 0.79296875 0.6066524624999999 0.791015625 0.6616105250000001 0.791015625 0.6785206984375 0.7919921875 0.6806344703125 0.7978515625 0.6848620125
0 0.8662109375 0.9342870671875 0.87109375 0.923718209375 0.875 0.9025804921875 0.916015625 0.24308373906249997 0.919921875 0.175443046875 0.919921875 0.13739515625 0.9169921875 0.1310538421875 0.8408203125 0.11414366875 0.7900390625 0.11414366875 0.78515625 0.12048498437499999 0.783203125 0.1416227 0.83203125 0.923718209375 0.8388671875 0.9342870671875 0.8662109375 0.9342870671875
0 1 0.166987959375 0.998046875 0.1543053296875 0.9931640625 0.143736471875 0.9716796875 0.1352813859375 0.9521484375 0.1310538421875 0.9326171875 0.1310538421875 0.921875 0.13739515625 0.919921875 0.1500777875 0.876953125 0.8560775156249999 0.875 0.89412540625 0.875 0.9321732953125 0.8994140625 0.9850175859375 0.9111328125 0.9934726734374999 0.9384765625 0.9934726734374999 0.943359375 0.9871313578124999 1 0.1838981328125 1 0.166987959375