1 0.1318359375 0.6806344703125 0.1416015625 0.6764069265625 0.14453125 0.6700656109375001 0.14453125 0.6573829812499999 0.142578125 0.6277901781249999 0.1416015625 0.62567640625 0.0927734375 0.62990395 0.091796875 0.6320177218749999 0.091796875 0.6531554390625 0.0947265625 0.6806344703125 0.1318359375 0.6806344703125
1 0.1904296875 0.6848620125 0.19140625 0.682748240625 0.19140625 0.6362452656250001 0.1904296875 0.63413149375 0.1455078125 0.63413149375 0.14453125 0.6362452656250001 0.14453125 0.6785206984375 0.1474609375 0.6848620125 0.1904296875 0.6848620125
1 0.2275390625 0.6764069265625 0.240234375 0.6700656109375001 0.240234375 0.6277901781249999 0.2353515625 0.6214488640625 0.1923828125 0.62567640625 0.19140625 0.6277901781249999 0.19140625 0.6658380687500001 0.1943359375 0.6764069265625 0.2275390625 0.6764069265625
1 0.2841796875 0.6721793828125 0.287109375 0.6658380687500001 0.287109375 0.6235626359374999 0.2861328125 0.6214488640625 0.2412109375 0.62567640625 0.240234375 0.6277901781249999 0.240234375 0.6700656109375001 0.2412109375 0.6721793828125 0.2841796875 0.6721793828125
1 0.3291015625 0.6679518390625 0.33203125 0.6616105250000001 0.33203125 0.6235626359374999 0.3291015625 0.6172213203125 0.2880859375 0.6214488640625 0.287109375 0.6235626359374999 0.287109375 0.6531554390625 0.2900390625 0.6679518390625 0.3291015625 0.6679518390625
1 0.3662109375 0.663724296875 0.376953125 0.6573829812499999 0.376953125 0.6151075484375 0.3759765625 0.6129937765625 0.3330078125 0.6129937765625 0.33203125 0.6151075484375 0.33203125 0.6573829812499999 0.3349609375 0.663724296875 0.3662109375 0.663724296875
1 0.4189453125 0.659496753125 0.421875 0.6531554390625 0.421875 0.6151075484375 0.4189453125 0.608766234375 0.3798828125 0.608766234375 0.376953125 0.6151075484375 0.37890625 0.6573829812499999 0.3798828125 0.659496753125 0.4189453125 0.659496753125
1 0.4287109375 0.659496753125 0.4619140625 0.659496753125 0.46484375 0.6531554390625 0.46484375 0.6108800046875 0.4638671875 0.608766234375 0.4228515625 0.608766234375 0.421875 0.6108800046875 0.421875 0.6531554390625 0.4228515625 0.655269209375 0.4287109375 0.659496753125
1 0.5068359375 0.655269209375 0.5078125 0.6531554390625 0.5078125 0.6066524624999999 0.5068359375 0.604538690625 0.4677734375 0.604538690625 0.46484375 0.6108800046875 0.46484375 0.6531554390625 0.4658203125 0.655269209375 0.5068359375 0.655269209375
1 0.5478515625 0.655269209375 0.55078125 0.6489278953125 0.55078125 0.6108800046875 0.5478515625 0.604538690625 0.5107421875 0.604538690625 0.509765625 0.6066524624999999 0.509765625 0.6531554390625 0.5107421875 0.655269209375 0.5478515625 0.655269209375
1 0.5810546875 0.655269209375 0.5947265625 0.6510416671875 0.595703125 0.6489278953125 0.595703125 0.6066524624999999 0.5947265625 0.604538690625 0.5517578125 0.604538690625 0.55078125 0.6066524624999999 0.55078125 0.6489278953125 0.5537109375 0.655269209375 0.5810546875 0.655269209375
1 0.6044921875 0.655269209375 0.6357421875 0.655269209375 0.640625 0.6489278953125 0.640625 0.6066524624999999 0.6396484375 0.604538690625 0.5966796875 0.604538690625 0.595703125 0.6066524624999999 0.595703125 0.6489278953125 0.5966796875 0.6510416671875 0.6044921875 0.655269209375
1 0.6767578125 0.6510416671875 0.68359375 0.6447003515625 0.68359375 0.6024249187499999 0.6826171875 0.600311146875 0.6435546875 0.600311146875 0.640625 0.6066524624999999 0.640625 0.6447003515625 0.6435546875 0.6510416671875 0.6767578125 0.6510416671875
1 0.7275390625 0.6468141234375 0.728515625 0.6447003515625 0.728515625 0.598197375 0.7275390625 0.5960836031250001 0.6865234375 0.600311146875 0.685546875 0.6024249187499999 0.685546875 0.6447003515625 0.6865234375 0.6468141234375 0.7275390625 0.6468141234375
1 0.7353515625 0.6383590375 0.7724609375 0.6383590375 0.7734375 0.6362452656250001 0.7734375 0.5897422890625 0.7724609375 0.5876285171875 0.7314453125 0.5876285171875 0.73046875 0.5897422890625 0.73046875 0.6320177218749999 0.7314453125 0.63413149375 0.7353515625 0.6383590375
1 0.8056640625 0.63413149375 0.8154296875 0.62990395 0.818359375 0.6235626359374999 0.818359375 0.5855147453125 0.8173828125 0.5834009734375 0.7763671875 0.5834009734375 0.775390625 0.5855147453125 0.775390625 0.6320177218749999 0.7763671875 0.63413149375 0.8056640625 0.63413149375
1 0.8408203125 0.62567640625 0.8642578125 0.62567640625 0.8671875 0.6193350921875 0.8671875 0.5770596593749999 0.8642578125 0.5707183437500001 0.8193359375 0.5707183437500001 0.818359375 0.572832115625 0.818359375 0.6193350921875 0.8193359375 0.6214488640625 0.8408203125 0.62567640625
1 0.9052734375 0.6383590375 0.91015625 0.6277901781249999 0.91015625 0.5939698328125 0.9072265625 0.5876285171875 0.8681640625 0.5918560609375 0.8671875 0.5939698328125 0.8671875 0.6362452656250001 0.8681640625 0.6383590375 0.9052734375 0.6383590375
0 0.1015625 0.83071225625 0.1083984375 0.8412811140625 0.1298828125 0.8412811140625 0.1396484375 0.8370535718750001 0.1455078125 0.832826028125 0.1484375 0.8264847124999999 0.1484375 0.801119453125 0.1328125 0.27267654218750004 0.130859375 0.234628653125 0.1259765625 0.22405979375 0.1083984375 0.21983225156250003 0.0732421875 0.22405979375 0.0703125 0.23040110937499997 0.0703125 0.234628653125 0.099609375 0.809574540625 0.1015625 0.83071225625
0 0.1533203125 0.8370535718750001 0.1669921875 0.8370535718750001 0.1826171875 0.832826028125 0.193359375 0.8264847124999999 0.1953125 0.8180296265625 0.1953125 0.7926643671875 0.181640625 0.23040110937499997 0.1787109375 0.22405979375 0.1396484375 0.22405979375 0.1328125 0.234628653125 0.130859375 0.24308373906249997 0.130859375 0.25576636875 0.1484375 0.83071225625 0.1533203125 0.8370535718750001
0 0.1953125 0.8264847124999999 0.2060546875 0.8412811140625 0.2236328125 0.8412811140625 0.2392578125 0.828598484375 0.2421875 0.8180296265625 0.2421875 0.725023675 0.240234375 0.6066524624999999 0.232421875 0.2388561953125 0.23046875 0.23040110937499997 0.2255859375 0.22405979375 0.1865234375 0.22405979375 0.18359375 0.23040110937499997 0.181640625 0.2388561953125 0.181640625 0.25576636875 0.193359375 0.8053469968750001 0.1953125 0.8264847124999999
0 0.2490234375 0.828598484375 0.2724609375 0.828598484375 0.2880859375 0.8159158546875 0.291015625 0.8053469968750001 0.28125 0.23040110937499997 0.2783203125 0.22405979375 0.2451171875 0.22405979375 0.2353515625 0.23251488125000003 0.232421875 0.2388561953125 0.232421875 0.27267654218750004 0.2421875 0.8138020828125001 0.2490234375 0.828598484375
0 0.291015625 0.809574540625 0.2958984375 0.8159158546875 0.3212890625 0.8159158546875 0.3291015625 0.8116883109374999 0.33203125 0.8053469968750001 0.33203125 0.6320177218749999 0.328125 0.2388561953125 0.3251953125 0.2282873375 0.3193359375 0.22405979375 0.2861328125 0.22405979375 0.28125 0.234628653125 0.28125 0.27267654218750004 0.2890625 0.746161390625 0.291015625 0.809574540625
0 0.333984375 0.809574540625 0.3369140625 0.8159158546875 0.3466796875 0.8201433984375001 0.3583984375 0.8201433984375001 0.3740234375 0.8116883109374999 0.37890625 0.7968919109375 0.375 0.2388561953125 0.3681640625 0.22405979375 0.3466796875 0.22405979375 0.3291015625 0.23251488125000003 0.328125 0.234628653125 0.328125 0.3318621484375 0.33203125 0.77575419375 0.333984375 0.809574540625
0 0.3837890625 0.8074607687500001 0.3935546875 0.8116883109374999 0.4052734375 0.8116883109374999 0.4169921875 0.8074607687500001 0.421875 0.801119453125 0.421875 0.572832115625 0.41796875 0.2388561953125 0.416015625 0.23040110937499997 0.4111328125 0.22405979375 0.3779296875 0.23251488125000003 0.375 0.2388561953125 0.375 0.3022693453125 0.37890625 0.801119453125 0.3837890625 0.8074607687500001
0 0.466796875 0.801119453125 0.4677734375 0.8032332249999999 0.4716796875 0.8074607687500001 0.4892578125 0.8074607687500001 0.5048828125 0.8032332249999999 0.509765625 0.7884368234375 0.5078125 0.23040110937499997 0.5048828125 0.22405979375 0.4658203125 0.22405979375 0.462890625 0.23040110937499997 0.462890625 0.48405370625 0.46484375 0.7672991078125 0.466796875 0.801119453125
0 0.423828125 0.801119453125 0.4287109375 0.8074607687500001 0.4599609375 0.8074607687500001 0.46484375 0.801119453125 0.462890625 0.2388561953125 0.4609375 0.226173565625 0.4560546875 0.21983225156250003 0.4384765625 0.21983225156250003 0.4248046875 0.22405979375 0.4208984375 0.2282873375 0.41796875 0.234628653125 0.41796875 0.26422145625 0.421875 0.7926643671875 0.423828125 0.801119453125
0 0.5458984375 0.7990056812499999 0.55078125 0.7842092796875 0.55078125 0.226173565625 0.5478515625 0.21983225156250003 0.5224609375 0.21983225156250003 0.5146484375 0.22405979375 0.5078125 0.2388561953125 0.5078125 0.77152665 0.5107421875 0.7990056812499999 0.5458984375 0.7990056812499999
0 0.5771484375 0.7990056812499999 0.5927734375 0.7947781390624999 0.595703125 0.7884368234375 0.595703125 0.226173565625 0.5888671875 0.2156047078125 0.5732421875 0.2156047078125 0.5556640625 0.21983225156250003 0.552734375 0.226173565625 0.55078125 0.234628653125 0.55078125 0.7926643671875 0.5615234375 0.7990056812499999 0.5771484375 0.7990056812499999
0 0.6142578125 0.7990056812499999 0.6279296875 0.7990056812499999 0.6376953125 0.7905505953125 0.640625 0.7799817375 0.642578125 0.4798261640625 0.642578125 0.2219460234375 0.640625 0.2134909359375 0.6357421875 0.20714962187500002 0.5986328125 0.2113771640625 0.59765625 0.2134909359375 0.595703125 0.226173565625 0.595703125 0.7799817375 0.6005859375 0.7947781390624999 0.6142578125 0.7990056812499999
0 0.6767578125 0.7905505953125 0.6806640625 0.7863230515625 0.68359375 0.77575419375 0.68359375 0.2134909359375 0.6806640625 0.20714962187500002 0.6572265625 0.20714962187500002 0.6455078125 0.2113771640625 0.642578125 0.21771847968750002 0.640625 0.54746685625 0.640625 0.7799817375 0.6455078125 0.7905505953125 0.6767578125 0.7905505953125
0 0.7236328125 0.7863230515625 0.728515625 0.7799817375 0.728515625 0.2134909359375 0.7177734375 0.202922078125 0.6884765625 0.20714962187500002 0.685546875 0.2134909359375 0.68359375 0.2219460234375 0.68359375 0.77152665 0.6884765625 0.7863230515625 0.7236328125 0.7863230515625
0 0.7666015625 0.782095509375 0.7734375 0.77575419375 0.775390625 0.581287203125 0.775390625 0.21771847968750002 0.7724609375 0.202922078125 0.7333984375 0.202922078125 0.73046875 0.2092633921875 0.73046875 0.77575419375 0.7333984375 0.782095509375 0.7666015625 0.782095509375
0 0.818359375 0.7672991078125 0.818359375 0.2092633921875 0.8154296875 0.202922078125 0.8095703125 0.198694534375 0.7841796875 0.198694534375 0.775390625 0.20503585000000002 0.7734375 0.7672991078125 0.7763671875 0.7778679656249999 0.8115234375 0.7778679656249999 0.818359375 0.7672991078125
0 0.8408203125 0.782095509375 0.8564453125 0.782095509375 0.86328125 0.77152665 0.8671875 0.6193350921875 0.8671875 0.20080830624999998 0.8662109375 0.198694534375 0.8310546875 0.198694534375 0.8203125 0.20503585000000002 0.818359375 0.21771847968750002 0.818359375 0.77152665 0.8232421875 0.7778679656249999 0.8408203125 0.782095509375
0 0.9033203125 0.782095509375 0.908203125 0.77575419375 0.91015625 0.6066524624999999 0.912109375 0.1923532203125 0.9091796875 0.1860119046875 0.8759765625 0.194466990625 0.869140625 0.20503585000000002 0.8671875 0.251538825 0.865234375 0.4164130140625 0.86328125 0.7672991078125 0.8662109375 0.7778679656249999 0.8740234375 0.782095509375 0.9033203125 0.782095509375