1 0.0458984375 0.6172213203125 0.05859375 0.6108800046875 0.05859375 0.5601494859375 0.0556640625 0.549580628125 0.0107421875 0.5580357140625 0.009765625 0.5601494859375 0.009765625 0.6235626359374999 0.0107421875 0.62567640625 0.0458984375 0.6172213203125
1 0.0888671875 0.6172213203125 0.091796875 0.6108800046875 0.091796875 0.5516943999999999 0.0908203125 0.549580628125 0.0810546875 0.549580628125 0.0595703125 0.5580357140625 0.05859375 0.5601494859375 0.05859375 0.6151075484375 0.0615234375 0.6214488640625 0.0888671875 0.6172213203125
1 0.2021484375 0.6214488640625 0.205078125 0.6151075484375 0.205078125 0.5770596593749999 0.2021484375 0.5580357140625 0.1787109375 0.5580357140625 0.1376953125 0.5707183437500001 0.13671875 0.572832115625 0.134765625 0.5855147453125 0.13671875 0.6362452656250001 0.1376953125 0.6383590375 0.2021484375 0.6214488640625
1 0.2158203125 0.6383590375 0.2373046875 0.6383590375 0.240234375 0.6320177218749999 0.240234375 0.5939698328125 0.23828125 0.572832115625 0.2373046875 0.5707183437500001 0.2177734375 0.5707183437500001 0.2138671875 0.5749458875 0.212890625 0.5770596593749999 0.212890625 0.6193350921875 0.21484375 0.6362452656250001 0.2158203125 0.6383590375
1 0.3291015625 0.655269209375 0.3798828125 0.62567640625 0.38671875 0.6193350921875 0.38671875 0.6024249187499999 0.380859375 0.5643770296875 0.3759765625 0.5580357140625 0.3291015625 0.5834009734375 0.3212890625 0.5918560609375 0.3203125 0.5939698328125 0.3203125 0.6066524624999999 0.326171875 0.6489278953125 0.3291015625 0.655269209375
1 0.2451171875 0.6425865796875 0.2763671875 0.6425865796875 0.279296875 0.6362452656250001 0.27734375 0.5897422890625 0.2744140625 0.5834009734375 0.2646484375 0.5749458875 0.2451171875 0.57917343125 0.2412109375 0.5834009734375 0.240234375 0.5855147453125 0.240234375 0.6108800046875 0.2421875 0.6362452656250001 0.2451171875 0.6425865796875
1 0.4189453125 0.659496753125 0.44140625 0.6447003515625 0.44140625 0.6235626359374999 0.4375 0.5939698328125 0.4326171875 0.57917343125 0.4111328125 0.5918560609375 0.408203125 0.598197375 0.408203125 0.6108800046875 0.4140625 0.6489278953125 0.4189453125 0.659496753125
1 0.3955078125 0.655269209375 0.4013671875 0.655269209375 0.4091796875 0.6468141234375 0.412109375 0.6404728078125 0.41015625 0.6193350921875 0.404296875 0.581287203125 0.4013671875 0.5749458875 0.3994140625 0.5749458875 0.3896484375 0.5834009734375 0.38671875 0.5897422890625 0.38671875 0.6024249187499999 0.392578125 0.6447003515625 0.3955078125 0.655269209375
1 0.5673828125 0.663724296875 0.568359375 0.6616105250000001 0.568359375 0.6362452656250001 0.56640625 0.6024249187499999 0.5634765625 0.5960836031250001 0.5087890625 0.5960836031250001 0.5009765625 0.600311146875 0.5 0.6024249187499999 0.5 0.6616105250000001 0.5029296875 0.6679518390625 0.5673828125 0.663724296875
1 0.6455078125 0.6468141234375 0.646484375 0.6447003515625 0.646484375 0.5855147453125 0.6435546875 0.57917343125 0.6220703125 0.5749458875 0.6025390625 0.5749458875 0.5751953125 0.57917343125 0.57421875 0.581287203125 0.57421875 0.6404728078125 0.5771484375 0.6468141234375 0.6455078125 0.6468141234375
1 0.7138671875 0.663724296875 0.716796875 0.6573829812499999 0.71484375 0.598197375 0.7119140625 0.5918560609375 0.7001953125 0.5876285171875 0.6494140625 0.5876285171875 0.6484375 0.5897422890625 0.6484375 0.6531554390625 0.6513671875 0.659496753125 0.7138671875 0.663724296875
1 0.8466796875 0.6721793828125 0.849609375 0.6658380687500001 0.857421875 0.6066524624999999 0.8544921875 0.600311146875 0.8466796875 0.5918560609375 0.8212890625 0.5749458875 0.8134765625 0.5749458875 0.80859375 0.5855147453125 0.8046875 0.6108800046875 0.802734375 0.6277901781249999 0.802734375 0.6404728078125 0.8037109375 0.6425865796875 0.8466796875 0.6721793828125
1 0.9501953125 0.6848620125 0.9912109375 0.6806344703125 0.994140625 0.6742931546875 0.990234375 0.6151075484375 0.9873046875 0.608766234375 0.9521484375 0.608766234375 0.9462890625 0.6129937765625 0.943359375 0.6193350921875 0.943359375 0.6235626359374999 0.947265625 0.6742931546875 0.9501953125 0.6848620125
0 0.0107421875 0.8370535718750001 0.0224609375 0.8370535718750001 0.0537109375 0.8243709421875 0.05859375 0.8138020828125001 0.056640625 0.0697544640625 0.0537109375 0.06341315 0.0458984375 0.05918560625 0.0205078125 0.06341315 0.0107421875 0.06764069218749999 0.0078125 0.0739820078125 0.005859375 0.0866646375 0.00390625 0.13739515625 0.00390625 0.37413758124999996 0.0078125 0.8222571703125 0.0107421875 0.8370535718750001
0 0.0615234375 0.8370535718750001 0.0673828125 0.8370535718750001 0.0908203125 0.832826028125 0.095703125 0.8222571703125 0.087890625 0.11625744062500001 0.0859375 0.07820955156250001 0.0830078125 0.0718682359375 0.0576171875 0.0760957796875 0.0546875 0.08243709375 0.052734375 0.0993472671875 0.052734375 0.1881256765625 0.05859375 0.8264847124999999 0.0615234375 0.8370535718750001
0 0.095703125 0.83071225625 0.0986328125 0.8370535718750001 0.1357421875 0.832826028125 0.138671875 0.8264847124999999 0.19921875 0.1838981328125 0.19921875 0.175443046875 0.1884765625 0.1521915578125 0.1181640625 0.033820346875000004 0.1025390625 0.033820346875000004 0.0888671875 0.0380478890625 0.087890625 0.040161660937499996 0.0859375 0.0486167484375 0.0859375 0.112029896875 0.09375 0.7884368234375 0.095703125 0.83071225625
0 0.140625 0.8264847124999999 0.1455078125 0.8370535718750001 0.1650390625 0.8370535718750001 0.2060546875 0.828598484375 0.2109375 0.8222571703125 0.212890625 0.8053469968750001 0.212890625 0.77575419375 0.201171875 0.2092633921875 0.19921875 0.1923532203125 0.1962890625 0.1860119046875 0.1630859375 0.1860119046875 0.1318359375 0.194466990625 0.12890625 0.20080830624999998 0.12890625 0.3234070609375 0.13671875 0.6912033281250001 0.140625 0.8264847124999999
0 0.2255859375 0.8455086578125 0.2431640625 0.8455086578125 0.248046875 0.83916734375 0.248046875 0.809574540625 0.22265625 0.10357481093750001 0.2197265625 0.0972334953125 0.2021484375 0.0972334953125 0.19921875 0.10357481093750001 0.197265625 0.112029896875 0.216796875 0.8264847124999999 0.21875 0.8349398000000001 0.2255859375 0.8455086578125
0 0.25 0.83916734375 0.2529296875 0.8455086578125 0.2587890625 0.8497362015625001 0.2958984375 0.8455086578125 0.3115234375 0.8412811140625 0.3154296875 0.8370535718750001 0.322265625 0.8222571703125 0.32421875 0.77575419375 0.32421875 0.695430871875 0.279296875 0.1331676140625 0.2392578125 0.0422754328125 0.2314453125 0.0422754328125 0.2236328125 0.0465029765625 0.220703125 0.052844290625 0.220703125 0.12471252656250001 0.2421875 0.6869757843750001 0.25 0.83916734375
0 0.3515625 0.8349398000000001 0.353515625 0.8433948859375 0.3583984375 0.8539637453125 0.3701171875 0.8539637453125 0.4091796875 0.828598484375 0.4140625 0.8138020828125001 0.41015625 0.7799817375 0.326171875 0.1585328734375 0.32421875 0.1500777875 0.3193359375 0.139508928125 0.2919921875 0.139508928125 0.2724609375 0.143736471875 0.26171875 0.1543053296875 0.259765625 0.166987959375 0.265625 0.21771847968750002 0.302734375 0.49250879375 0.3515625 0.8349398000000001
0 0.4375 0.8222571703125 0.443359375 0.8560775156249999 0.4462890625 0.86241883125 0.4619140625 0.8581912875000001 0.46875 0.8476224296874999 0.46875 0.8222571703125 0.3828125 0.175443046875 0.373046875 0.112029896875 0.3681640625 0.1014610390625 0.3642578125 0.0972334953125 0.3544921875 0.1014610390625 0.3466796875 0.109916125 0.34375 0.11625744062500001 0.34375 0.12894007031250002 0.345703125 0.14585024375 0.4375 0.8222571703125
0 0.38671875 0.6066524624999999 0.421875 0.8518499734375 0.4248046875 0.8581912875000001 0.4326171875 0.8581912875000001 0.4375 0.8518499734375 0.4375 0.8222571703125 0.34375 0.12894007031250002 0.341796875 0.11625744062500001 0.3388671875 0.109916125 0.3349609375 0.1056885828125 0.3271484375 0.109916125 0.32421875 0.11625744062500001 0.32421875 0.1416227 0.326171875 0.1585328734375 0.38671875 0.6066524624999999
0 0.443359375 0.6489278953125 0.470703125 0.8433948859375 0.4755859375 0.86241883125 0.4833984375 0.86241883125 0.4912109375 0.8581912875000001 0.4951171875 0.8539637453125 0.5 0.83916734375 0.494140625 0.7842092796875 0.443359375 0.37413758124999996 0.41015625 0.1416227 0.40625 0.12048498437499999 0.4033203125 0.11414366875 0.3916015625 0.11414366875 0.3798828125 0.12259875468749999 0.376953125 0.12894007031250002 0.376953125 0.13739515625 0.380859375 0.175443046875 0.443359375 0.6489278953125
0 0.501953125 0.83916734375 0.50390625 0.864532603125 0.5107421875 0.8751014609375 0.5556640625 0.8751014609375 0.5654296875 0.8708739171875 0.5703125 0.8560775156249999 0.568359375 0.6108800046875 0.55859375 0.0739820078125 0.556640625 0.0232514875 0.5517578125 0.012682629687499999 0.4951171875 0.00422754375 0.490234375 0.0147964015625 0.490234375 0.0993472671875 0.49609375 0.5305566828125 0.501953125 0.83916734375
0 0.57421875 0.8729876890625 0.5791015625 0.8793290046875001 0.6455078125 0.8793290046875001 0.6484375 0.8729876890625 0.6484375 0.6616105250000001 0.642578125 0.0866646375 0.6396484375 0.08032332187499999 0.5634765625 0.08032332187499999 0.5625 0.08243709375 0.560546875 0.09089218125000001 0.560546875 0.1796705890625 0.572265625 0.8476224296874999 0.57421875 0.8729876890625
0 0.6533203125 0.8793290046875001 0.7099609375 0.883556546875 0.71875 0.8772152328124999 0.71875 0.7926643671875 0.70703125 0.019023945312500002 0.7001953125 0.008455085937499999 0.6494140625 0.008455085937499999 0.6435546875 0.012682629687499999 0.638671875 0.0232514875 0.634765625 0.0443892046875 0.634765625 0.057071834375 0.650390625 0.8729876890625 0.6533203125 0.8793290046875001
0 0.7294921875 0.86241883125 0.7353515625 0.866646375 0.8076171875 0.892011634375 0.8154296875 0.892011634375 0.8203125 0.8772152328124999 0.9296875 0.1331676140625 0.9296875 0.107802353125 0.9208984375 0.093005953125 0.9150390625 0.088778409375 0.9013671875 0.084550865625 0.8837890625 0.084550865625 0.8798828125 0.088778409375 0.806640625 0.2684489984375 0.798828125 0.3064968890625 0.775390625 0.45023336093750005 0.736328125 0.71234104375 0.724609375 0.801119453125 0.724609375 0.8476224296874999 0.7265625 0.8560775156249999 0.7294921875 0.86241883125
0 1 0.7672991078125 0.9609375 0.1585328734375 0.958984375 0.13739515625 0.9541015625 0.12259875468749999 0.9326171875 0.12259875468749999 0.927734375 0.13739515625 0.880859375 0.45023336093750005 0.873046875 0.5094189671875 0.873046875 0.5263291390625 0.970703125 0.9068080359374999 0.9736328125 0.91314935 0.9794921875 0.91737689375 0.9990234375 0.91737689375 1 0.915263121875 1 0.7672991078125