1 0.9384765625 0.7736404218749999 0.94140625 0.7672991078125 0.94140625 0.7334787609375 0.939453125 0.6996584140625 0.9384765625 0.6975446421875 0.8974609375 0.7017721859375 0.896484375 0.7038859578125 0.896484375 0.750388934375 0.8994140625 0.7736404218749999 0.9384765625 0.7736404218749999
1 0.8369140625 0.7482751624999999 0.8720703125 0.7482751624999999 0.873046875 0.746161390625 0.873046875 0.6785206984375 0.8720703125 0.6764069265625 0.8291015625 0.6764069265625 0.826171875 0.682748240625 0.826171875 0.7165685875000001 0.8291015625 0.74404761875 0.8369140625 0.7482751624999999
1 0.7861328125 0.7651853359375 0.8173828125 0.7651853359375 0.82421875 0.7588440203125 0.82421875 0.6996584140625 0.8212890625 0.6933171 0.7548828125 0.6933171 0.75390625 0.695430871875 0.75390625 0.7377063046875 0.7568359375 0.7609577921875 0.7861328125 0.7651853359375
1 0.7255859375 0.769412878125 0.7529296875 0.769412878125 0.75390625 0.7672991078125 0.755859375 0.7546164765625 0.75390625 0.71234104375 0.7509765625 0.7017721859375 0.7216796875 0.7017721859375 0.720703125 0.7038859578125 0.720703125 0.7292512171875 0.72265625 0.7630715640625 0.7255859375 0.769412878125
1 0.6904296875 0.7651853359375 0.7197265625 0.7651853359375 0.720703125 0.7630715640625 0.71875 0.7081135015625 0.7158203125 0.7017721859375 0.6845703125 0.7017721859375 0.68359375 0.7081135015625 0.685546875 0.746161390625 0.6875 0.7588440203125 0.6904296875 0.7651853359375
1 0.6591796875 0.7567302484375 0.6787109375 0.7567302484375 0.685546875 0.746161390625 0.68359375 0.695430871875 0.6806640625 0.68908955625 0.6533203125 0.68908955625 0.65234375 0.6912033281250001 0.65234375 0.7081135015625 0.654296875 0.746161390625 0.6591796875 0.7567302484375
1 0.6298828125 0.7355925328125 0.6533203125 0.7355925328125 0.654296875 0.7334787609375 0.654296875 0.725023675 0.65234375 0.6869757843750001 0.650390625 0.6785206984375 0.6494140625 0.6764069265625 0.6279296875 0.6764069265625 0.626953125 0.6785206984375 0.626953125 0.71234104375 0.62890625 0.7334787609375 0.6298828125 0.7355925328125
1 0.5498046875 0.75250270625 0.6044921875 0.7567302484375 0.607421875 0.750388934375 0.60546875 0.6996584140625 0.6025390625 0.6933171 0.5791015625 0.68908955625 0.5498046875 0.68908955625 0.546875 0.695430871875 0.546875 0.72079613125 0.548828125 0.750388934375 0.5498046875 0.75250270625
1 0.4970703125 0.7271374453125 0.5400390625 0.7355925328125 0.5458984375 0.7355925328125 0.546875 0.7334787609375 0.546875 0.7038859578125 0.5439453125 0.6764069265625 0.5166015625 0.6679518390625 0.4931640625 0.6679518390625 0.4921875 0.6700656109375001 0.4921875 0.682748240625 0.494140625 0.7165685875000001 0.4970703125 0.7271374453125
1 0.4404296875 0.7017721859375 0.4462890625 0.7059997296875 0.4736328125 0.7102272734375 0.4892578125 0.7059997296875 0.4921875 0.6996584140625 0.4921875 0.6742931546875 0.4892578125 0.6468141234375 0.4365234375 0.6425865796875 0.435546875 0.6447003515625 0.435546875 0.6658380687500001 0.4375 0.695430871875 0.4404296875 0.7017721859375
1 0.3818359375 0.7017721859375 0.4287109375 0.7017721859375 0.431640625 0.695430871875 0.4296875 0.6531554390625 0.4267578125 0.6468141234375 0.3740234375 0.6425865796875 0.373046875 0.6447003515625 0.373046875 0.6658380687500001 0.375 0.6912033281250001 0.3818359375 0.7017721859375
1 0.3603515625 0.7017721859375 0.3740234375 0.7017721859375 0.375 0.6996584140625 0.375 0.6785206984375 0.373046875 0.6489278953125 0.3720703125 0.6468141234375 0.3486328125 0.6425865796875 0.34765625 0.6489278953125 0.349609375 0.6869757843750001 0.3515625 0.695430871875 0.3603515625 0.7017721859375
1 0.3193359375 0.68908955625 0.3251953125 0.6933171 0.3388671875 0.6933171 0.349609375 0.6869757843750001 0.349609375 0.6573829812499999 0.34765625 0.6404728078125 0.3447265625 0.63413149375 0.3173828125 0.63413149375 0.314453125 0.6404728078125 0.314453125 0.6489278953125 0.31640625 0.6742931546875 0.3193359375 0.68908955625
1 0.2890625 0.6785206984375 0.2919921875 0.6848620125 0.3154296875 0.6848620125 0.31640625 0.682748240625 0.31640625 0.6531554390625 0.3134765625 0.62990395 0.2861328125 0.62567640625 0.28515625 0.6277901781249999 0.28515625 0.6404728078125 0.287109375 0.6658380687500001 0.2890625 0.6785206984375
1 0.2509765625 0.6764069265625 0.2841796875 0.6806344703125 0.287109375 0.6742931546875 0.287109375 0.6531554390625 0.28515625 0.6320177218749999 0.2822265625 0.62567640625 0.2607421875 0.6214488640625 0.2451171875 0.6214488640625 0.244140625 0.6235626359374999 0.244140625 0.6404728078125 0.248046875 0.6700656109375001 0.2509765625 0.6764069265625
1 0.2138671875 0.6721793828125 0.2451171875 0.6721793828125 0.24609375 0.6700656109375001 0.24609375 0.6447003515625 0.2431640625 0.6214488640625 0.2080078125 0.6214488640625 0.20703125 0.6235626359374999 0.208984375 0.6489278953125 0.2109375 0.6658380687500001 0.2138671875 0.6721793828125
1 0.1748046875 0.6764069265625 0.2001953125 0.6764069265625 0.2080078125 0.6721793828125 0.2109375 0.6658380687500001 0.208984375 0.6362452656250001 0.2060546875 0.6214488640625 0.1689453125 0.6214488640625 0.166015625 0.6277901781249999 0.166015625 0.6320177218749999 0.169921875 0.6700656109375001 0.1748046875 0.6764069265625
1 0.1513671875 0.663724296875 0.1669921875 0.663724296875 0.169921875 0.6573829812499999 0.169921875 0.6531554390625 0.166015625 0.6151075484375 0.1650390625 0.6129937765625 0.1474609375 0.6129937765625 0.146484375 0.6151075484375 0.146484375 0.6277901781249999 0.150390625 0.6616105250000001 0.1513671875 0.663724296875
1 0.1474609375 0.663724296875 0.1484375 0.6616105250000001 0.1484375 0.6447003515625 0.146484375 0.6193350921875 0.1435546875 0.6129937765625 0.1337890625 0.6129937765625 0.1328125 0.6193350921875 0.13671875 0.6573829812499999 0.1396484375 0.663724296875 0.1474609375 0.663724296875
1 0.1279296875 0.655269209375 0.13671875 0.6489278953125 0.1328125 0.6108800046875 0.1298828125 0.604538690625 0.1005859375 0.608766234375 0.099609375 0.6108800046875 0.099609375 0.6235626359374999 0.1044921875 0.655269209375 0.1279296875 0.655269209375
1 0.0771484375 0.6468141234375 0.1005859375 0.6468141234375 0.1015625 0.6447003515625 0.099609375 0.6108800046875 0.0947265625 0.5960836031250001 0.0732421875 0.5960836031250001 0.0703125 0.6024249187499999 0.0703125 0.6108800046875 0.07421875 0.6404728078125 0.0771484375 0.6468141234375
1 0.0537109375 0.6510416671875 0.0654296875 0.6510416671875 0.07421875 0.6447003515625 0.07421875 0.6320177218749999 0.072265625 0.6151075484375 0.0673828125 0.600311146875 0.0478515625 0.604538690625 0.046875 0.6066524624999999 0.046875 0.6151075484375 0.05078125 0.6404728078125 0.0537109375 0.6510416671875
1 0.0283203125 0.6468141234375 0.0380859375 0.6468141234375 0.05078125 0.6404728078125 0.048828125 0.6108800046875 0.0458984375 0.5960836031250001 0.0244140625 0.5960836031250001 0.0234375 0.598197375 0.0234375 0.6193350921875 0.025390625 0.6362452656250001 0.0283203125 0.6468141234375
0 0.904296875 0.9617660984375 0.9091796875 0.9723349562499999 0.9130859375 0.9765625 0.9423828125 0.9765625 0.9453125 0.9702211843749999 0.9453125 0.9025804921875 0.94140625 0.71234104375 0.919921875 0.057071834375 0.9169921875 0.050730518749999995 0.8994140625 0.050730518749999995 0.8837890625 0.0549580625 0.8759765625 0.06341315 0.87109375 0.0739820078125 0.87109375 0.0951197234375 0.90234375 0.9406283828124999 0.904296875 0.9617660984375
0 0.833984375 0.9406283828124999 0.8388671875 0.9511972406250001 0.8662109375 0.9554247828125 0.8740234375 0.9511972406250001 0.876953125 0.944855925 0.876953125 0.8983529484374999 0.865234375 0.0697544640625 0.86328125 0.057071834375 0.8603515625 0.050730518749999995 0.8291015625 0.05918560625 0.8173828125 0.06341315 0.8134765625 0.06764069218749999 0.8125 0.0697544640625 0.8125 0.0993472671875 0.826171875 0.7292512171875 0.833984375 0.9406283828124999
0 0.763671875 0.9321732953125 0.765625 0.9490834687499999 0.7724609375 0.9596523265625001 0.7861328125 0.9638798703125 0.8212890625 0.9638798703125 0.826171875 0.9575385546874999 0.828125 0.944855925 0.828125 0.8687601468749999 0.810546875 0.08243709375 0.8056640625 0.06764069218749999 0.7353515625 0.088778409375 0.73046875 0.0993472671875 0.73046875 0.12471252656250001 0.75390625 0.7334787609375 0.763671875 0.9321732953125
0 0.73046875 0.9194906656249999 0.732421875 0.9406283828124999 0.7373046875 0.946969696875 0.7607421875 0.946969696875 0.763671875 0.9406283828124999 0.763671875 0.9279457515624999 0.73046875 0.12471252656250001 0.728515625 0.11625744062500001 0.7236328125 0.1056885828125 0.7177734375 0.1056885828125 0.6962890625 0.12682629843749998 0.6953125 0.12894007031250002 0.6953125 0.1796705890625 0.71875 0.6996584140625 0.73046875 0.9194906656249999
0 0.6845703125 0.6468141234375 0.7119140625 0.6468141234375 0.712890625 0.6447003515625 0.712890625 0.6066524624999999 0.7109375 0.5559219421875 0.6953125 0.1881256765625 0.69140625 0.12048498437499999 0.6884765625 0.11414366875 0.6826171875 0.11414366875 0.6689453125 0.12259875468749999 0.658203125 0.1331676140625 0.65625 0.1416227 0.65625 0.1500777875 0.681640625 0.6404728078125 0.6845703125 0.6468141234375
0 0.6640625 0.915263121875 0.6689453125 0.92583198125 0.6767578125 0.9300595234375001 0.6904296875 0.9300595234375001 0.6953125 0.915263121875 0.693359375 0.08243709375 0.69140625 0.0739820078125 0.6884765625 0.0718682359375 0.6279296875 0.109916125 0.623046875 0.12048498437499999 0.623046875 0.175443046875 0.662109375 0.89412540625 0.6640625 0.915263121875
0 0.638671875 0.89412540625 0.6435546875 0.9089218078125001 0.6611328125 0.9089218078125001 0.662109375 0.9068080359374999 0.662109375 0.8983529484374999 0.654296875 0.725023675 0.625 0.1838981328125 0.623046875 0.166987959375 0.6181640625 0.1564191015625 0.6142578125 0.1564191015625 0.6005859375 0.1648741890625 0.59765625 0.171215503125 0.59765625 0.20503585000000002 0.63671875 0.8772152328124999 0.638671875 0.89412540625
0 0.556640625 0.9110355796875 0.5595703125 0.9216044374999999 0.5693359375 0.92583198125 0.6103515625 0.9300595234375001 0.626953125 0.8856703187500001 0.619140625 0.12894007031250002 0.6181640625 0.12682629843749998 0.5341796875 0.1521915578125 0.5263671875 0.1564191015625 0.5234375 0.1627604171875 0.525390625 0.24308373906249997 0.546875 0.72079613125 0.556640625 0.9110355796875
0 0.50390625 0.8772152328124999 0.5087890625 0.8877840906250001 0.5400390625 0.896239178125 0.5517578125 0.896239178125 0.5546875 0.8898978625 0.5546875 0.8814427765625 0.5234375 0.175443046875 0.521484375 0.1585328734375 0.5166015625 0.1521915578125 0.5048828125 0.1521915578125 0.4912109375 0.1564191015625 0.4794921875 0.1606466453125 0.4677734375 0.16910173125 0.466796875 0.171215503125 0.466796875 0.226173565625 0.4921875 0.6912033281250001 0.50390625 0.8772152328124999
0 0.4482421875 0.866646375 0.4580078125 0.8751014609375 0.4716796875 0.8793290046875001 0.4912109375 0.8793290046875001 0.4990234375 0.8751014609375 0.501953125 0.8687601468749999 0.501953125 0.8349398000000001 0.46875 0.23040110937499997 0.4638671875 0.20714962187500002 0.4169921875 0.21983225156250003 0.4130859375 0.22405979375 0.412109375 0.226173565625 0.412109375 0.251538825 0.4453125 0.8560775156249999 0.4482421875 0.866646375
0 0.388671875 0.860305059375 0.3935546875 0.8708739171875 0.3974609375 0.8751014609375 0.4267578125 0.8751014609375 0.4365234375 0.8708739171875 0.44140625 0.864532603125 0.443359375 0.8560775156249999 0.443359375 0.8476224296874999 0.41796875 0.2134909359375 0.4150390625 0.20714962187500002 0.4072265625 0.20714962187500002 0.3642578125 0.21983225156250003 0.3447265625 0.2282873375 0.34375 0.23040110937499997 0.34375 0.25576636875 0.38671875 0.8518499734375 0.388671875 0.860305059375
0 0.3369140625 0.8539637453125 0.3525390625 0.8539637453125 0.361328125 0.8476224296874999 0.361328125 0.8264847124999999 0.341796875 0.2219460234375 0.3408203125 0.21983225156250003 0.3369140625 0.21983225156250003 0.2919921875 0.23251488125000003 0.287109375 0.24308373906249997 0.328125 0.83916734375 0.3330078125 0.8497362015625001 0.3369140625 0.8539637453125
0 0.3642578125 0.8539637453125 0.3681640625 0.8581912875000001 0.3818359375 0.8581912875000001 0.38671875 0.8518499734375 0.38671875 0.83916734375 0.36328125 0.4967363359375 0.345703125 0.25999391250000004 0.3427734375 0.25365259687499997 0.3251953125 0.25365259687499997 0.322265625 0.25999391250000004 0.322265625 0.27267654218750004 0.359375 0.8222571703125 0.3642578125 0.8539637453125
0 0.3076171875 0.8412811140625 0.3251953125 0.8412811140625 0.328125 0.8349398000000001 0.41015625 0.1796705890625 0.408203125 0.1543053296875 0.4052734375 0.143736471875 0.3896484375 0.143736471875 0.2607421875 0.1860119046875 0.2509765625 0.194466990625 0.248046875 0.20080830624999998 0.298828125 0.8264847124999999 0.3037109375 0.8370535718750001 0.3076171875 0.8412811140625
0 0.263671875 0.8349398000000001 0.2685546875 0.8412811140625 0.2919921875 0.8412811140625 0.298828125 0.83071225625 0.296875 0.7799817375 0.26953125 0.4248681 0.251953125 0.2219460234375 0.25 0.2134909359375 0.2431640625 0.198694534375 0.2138671875 0.20714962187500002 0.205078125 0.226173565625 0.205078125 0.234628653125 0.259765625 0.809574540625 0.263671875 0.8349398000000001
0 0.22265625 0.8180296265625 0.2275390625 0.828598484375 0.2509765625 0.828598484375 0.2568359375 0.8243709421875 0.259765625 0.8180296265625 0.259765625 0.7968919109375 0.208984375 0.2134909359375 0.2060546875 0.2113771640625 0.1728515625 0.21983225156250003 0.169921875 0.226173565625 0.169921875 0.25999391250000004 0.220703125 0.809574540625 0.22265625 0.8180296265625
0 0.1767578125 0.8074607687500001 0.1923828125 0.8243709421875 0.2138671875 0.8243709421875 0.216796875 0.8138020828125001 0.21875 0.7968919109375 0.21875 0.746161390625 0.1953125 0.20080830624999998 0.1826171875 0.1902394484375 0.1376953125 0.194466990625 0.1279296875 0.198694534375 0.125 0.20503585000000002 0.125 0.234628653125 0.173828125 0.801119453125 0.1767578125 0.8074607687500001
0 0.15234375 0.7842092796875 0.1552734375 0.7947781390624999 0.1669921875 0.8116883109374999 0.1806640625 0.8116883109374999 0.18359375 0.8053469968750001 0.189453125 0.1585328734375 0.1884765625 0.1564191015625 0.1689453125 0.1564191015625 0.1025390625 0.16910173125 0.0927734375 0.1817843609375 0.087890625 0.1923532203125 0.08984375 0.234628653125 0.14453125 0.725023675 0.15234375 0.7842092796875
0 0.1240234375 0.7947781390624999 0.1318359375 0.7990056812499999 0.1416015625 0.7990056812499999 0.1494140625 0.7947781390624999 0.150390625 0.7926643671875 0.150390625 0.77152665 0.1484375 0.7419338468750001 0.09375 0.25576636875 0.0888671875 0.2409699671875 0.0712890625 0.2409699671875 0.0595703125 0.24519751093750003 0.056640625 0.251538825 0.056640625 0.2684489984375 0.119140625 0.7842092796875 0.1240234375 0.7947781390624999
0 0.0947265625 0.782095509375 0.0986328125 0.7863230515625 0.1142578125 0.7905505953125 0.119140625 0.7799817375 0.0859375 0.23040110937499997 0.0849609375 0.2282873375 0.0556640625 0.2282873375 0.0322265625 0.23251488125000003 0.0263671875 0.236742425 0.0234375 0.24308373906249997 0.0234375 0.2473112828125 0.08984375 0.77152665 0.0947265625 0.782095509375
0 0.068359375 0.77575419375 0.0732421875 0.782095509375 0.0888671875 0.782095509375 0.08984375 0.7799817375 0.08984375 0.7630715640625 0.0859375 0.7292512171875 0.064453125 0.5516943999999999 0.029296875 0.281131628125 0.0244140625 0.25365259687499997 0.0166015625 0.25365259687499997 0.0087890625 0.25788014062500003 0.005859375 0.26422145625 0.0078125 0.293814259375 0.06640625 0.7672991078125 0.068359375 0.77575419375
0 0 0.4460058171875 0.04296875 0.77575419375 0.0458984375 0.782095509375 0.0615234375 0.782095509375 0.06640625 0.77152665 0.06640625 0.7546164765625 0.013671875 0.27267654218750004 0.0009765625 0.262107684375 0 0.26422145625 0 0.4460058171875
0 0.15234375 0.7884368234375 0.1650390625 0.8116883109374999 0.1708984375 0.8159158546875 0.1806640625 0.8159158546875 0.18359375 0.809574540625 0.181640625 0.171215503125 0.1787109375 0.1564191015625 0.1669921875 0.1564191015625 0.1025390625 0.16910173125 0.0908203125 0.1860119046875 0.08984375 0.1881256765625 0.08984375 0.234628653125 0.150390625 0.77575419375 0.15234375 0.7884368234375