1 0.1044921875 0.6468141234375 0.107421875 0.6404728078125 0.111328125 0.6235626359374999 0.115234375 0.598197375 0.115234375 0.5855147453125 0.0908203125 0.5707183437500001 0.0849609375 0.5707183437500001 0.08203125 0.5770596593749999 0.076171875 0.6108800046875 0.07421875 0.6235626359374999 0.0751953125 0.62990395 0.0869140625 0.6383590375 0.1044921875 0.6468141234375
1 0.1337890625 0.6468141234375 0.13671875 0.6404728078125 0.142578125 0.6108800046875 0.14453125 0.5939698328125 0.1396484375 0.5876285171875 0.1240234375 0.5749458875 0.1201171875 0.5749458875 0.115234375 0.5897422890625 0.109375 0.6277901781249999 0.1162109375 0.6383590375 0.1279296875 0.6468141234375 0.1337890625 0.6468141234375
1 0.2021484375 0.6468141234375 0.2099609375 0.6468141234375 0.212890625 0.6404728078125 0.220703125 0.598197375 0.220703125 0.5939698328125 0.2177734375 0.5876285171875 0.1806640625 0.5622632578125 0.17578125 0.572832115625 0.171875 0.5897422890625 0.16796875 0.6108800046875 0.16796875 0.6193350921875 0.1689453125 0.6214488640625 0.2021484375 0.6468141234375
1 0.2373046875 0.6510416671875 0.2451171875 0.655269209375 0.248046875 0.6489278953125 0.255859375 0.6024249187499999 0.2490234375 0.5918560609375 0.2314453125 0.57917343125 0.2255859375 0.57917343125 0.21875 0.6066524624999999 0.216796875 0.6193350921875 0.216796875 0.6320177218749999 0.2177734375 0.63413149375 0.2373046875 0.6510416671875
1 0.2724609375 0.63413149375 0.2802734375 0.6383590375 0.283203125 0.6320177218749999 0.29296875 0.5855147453125 0.2861328125 0.5749458875 0.2705078125 0.5622632578125 0.2646484375 0.5622632578125 0.26171875 0.572832115625 0.255859375 0.6024249187499999 0.255859375 0.6151075484375 0.2587890625 0.6214488640625 0.2724609375 0.63413149375
1 0.3466796875 0.6425865796875 0.3525390625 0.6425865796875 0.359375 0.6108800046875 0.361328125 0.598197375 0.361328125 0.5897422890625 0.3583984375 0.5834009734375 0.3388671875 0.5664908015625 0.333984375 0.572832115625 0.326171875 0.6151075484375 0.326171875 0.6235626359374999 0.3408203125 0.6383590375 0.3466796875 0.6425865796875
1 0.162109375 0.6404728078125 0.16796875 0.6151075484375 0.171875 0.5897422890625 0.1689453125 0.5834009734375 0.1513671875 0.5707183437500001 0.1484375 0.5770596593749999 0.142578125 0.6024249187499999 0.138671875 0.6277901781249999 0.1455078125 0.6383590375 0.1591796875 0.6468141234375 0.162109375 0.6404728078125
1 0.3603515625 0.426981871875 0.36328125 0.4206405578125 0.369140625 0.38682021093749996 0.369140625 0.37413758124999996 0.3662109375 0.367796265625 0.3427734375 0.35088609375 0.3388671875 0.35088609375 0.337890625 0.3529998640625 0.33203125 0.378365125 0.328125 0.39950284062499997 0.3310546875 0.40584415625 0.3564453125 0.426981871875 0.3603515625 0.426981871875
1 0.3857421875 0.655269209375 0.3896484375 0.655269209375 0.392578125 0.6489278953125 0.400390625 0.6108800046875 0.400390625 0.6024249187499999 0.3720703125 0.5749458875 0.3681640625 0.5749458875 0.365234375 0.581287203125 0.357421875 0.6151075484375 0.357421875 0.6277901781249999 0.3603515625 0.63413149375 0.3857421875 0.655269209375
1 0.435546875 0.6320177218749999 0.439453125 0.6151075484375 0.443359375 0.5855147453125 0.4404296875 0.57917343125 0.4169921875 0.5580357140625 0.4111328125 0.5580357140625 0.408203125 0.5643770296875 0.400390625 0.6066524624999999 0.4033203125 0.6129937765625 0.4326171875 0.6383590375 0.435546875 0.6320177218749999
1 0.4970703125 0.62567640625 0.501953125 0.6151075484375 0.505859375 0.572832115625 0.505859375 0.568604571875 0.5029296875 0.5622632578125 0.4775390625 0.5538081703125 0.4716796875 0.5538081703125 0.46875 0.5601494859375 0.46484375 0.598197375 0.46484375 0.6066524624999999 0.4677734375 0.6129937765625 0.4970703125 0.62567640625
1 0.5556640625 0.608766234375 0.5693359375 0.608766234375 0.572265625 0.6024249187499999 0.57421875 0.5601494859375 0.5693359375 0.549580628125 0.5341796875 0.541125540625 0.5244140625 0.541125540625 0.521484375 0.54746685625 0.51953125 0.581287203125 0.51953125 0.598197375 0.5205078125 0.600311146875 0.5556640625 0.608766234375
1 0.6083984375 0.6129937765625 0.609375 0.6108800046875 0.611328125 0.5770596593749999 0.611328125 0.5559219421875 0.6103515625 0.5538081703125 0.5849609375 0.5453530843750001 0.5771484375 0.5453530843750001 0.57421875 0.5516943999999999 0.572265625 0.6024249187499999 0.5751953125 0.608766234375 0.6005859375 0.6129937765625 0.6083984375 0.6129937765625
1 0.6337890625 0.6129937765625 0.63671875 0.6066524624999999 0.638671875 0.5516943999999999 0.6376953125 0.549580628125 0.6259765625 0.549580628125 0.623046875 0.5559219421875 0.623046875 0.6108800046875 0.6240234375 0.6129937765625 0.6337890625 0.6129937765625
1 0.6201171875 0.6129937765625 0.62109375 0.6108800046875 0.623046875 0.5770596593749999 0.623046875 0.5559219421875 0.6220703125 0.5538081703125 0.6123046875 0.5538081703125 0.611328125 0.5559219421875 0.609375 0.5770596593749999 0.609375 0.6108800046875 0.6103515625 0.6129937765625 0.6201171875 0.6129937765625
1 0.6923828125 0.604538690625 0.693359375 0.6024249187499999 0.693359375 0.54746685625 0.6923828125 0.5453530843750001 0.6572265625 0.5453530843750001 0.65625 0.54746685625 0.65625 0.598197375 0.6591796875 0.604538690625 0.6923828125 0.604538690625
1 0.7158203125 0.604538690625 0.71875 0.598197375 0.71875 0.5516943999999999 0.7158203125 0.5453530843750001 0.6962890625 0.5453530843750001 0.6953125 0.54746685625 0.693359375 0.5770596593749999 0.693359375 0.6024249187499999 0.6943359375 0.604538690625 0.7158203125 0.604538690625
1 0.7412109375 0.600311146875 0.7421875 0.598197375 0.7421875 0.5432393125 0.7392578125 0.5368979984375 0.7216796875 0.5368979984375 0.71875 0.5432393125 0.71875 0.598197375 0.7197265625 0.600311146875 0.7412109375 0.600311146875
1 0.7685546875 0.600311146875 0.76953125 0.598197375 0.76953125 0.5643770296875 0.767578125 0.5432393125 0.7666015625 0.541125540625 0.7431640625 0.541125540625 0.7421875 0.5432393125 0.7421875 0.5939698328125 0.7451171875 0.600311146875 0.7685546875 0.600311146875
1 0.7783203125 0.5960836031250001 0.8115234375 0.5960836031250001 0.8125 0.5939698328125 0.8125 0.5601494859375 0.8095703125 0.541125540625 0.7763671875 0.541125540625 0.775390625 0.5432393125 0.775390625 0.5643770296875 0.77734375 0.5939698328125 0.7783203125 0.5960836031250001
1 0.8876953125 0.5918560609375 0.888671875 0.5897422890625 0.888671875 0.5643770296875 0.88671875 0.5347842265625 0.8857421875 0.5326704546875 0.8291015625 0.5326704546875 0.826171875 0.53901176875 0.82421875 0.54746685625 0.826171875 0.5897422890625 0.8271484375 0.5918560609375 0.8876953125 0.5918560609375
1 0.9052734375 0.604538690625 0.9248046875 0.604538690625 0.92578125 0.6024249187499999 0.92578125 0.572832115625 0.923828125 0.5516943999999999 0.9228515625 0.549580628125 0.9033203125 0.549580628125 0.90234375 0.5516943999999999 0.90234375 0.5855147453125 0.904296875 0.6024249187499999 0.9052734375 0.604538690625
1 0.9755859375 0.5960836031250001 0.9765625 0.5939698328125 0.9765625 0.5643770296875 0.9736328125 0.5368979984375 0.9541015625 0.5368979984375 0.9443359375 0.541125540625 0.94140625 0.54746685625 0.943359375 0.5897422890625 0.9482421875 0.600311146875 0.9755859375 0.5960836031250001
0 0.0595703125 0.828598484375 0.0712890625 0.828598484375 0.07421875 0.8222571703125 0.080078125 0.7968919109375 0.193359375 0.166987959375 0.1953125 0.1500777875 0.1923828125 0.143736471875 0.1650390625 0.12259875468749999 0.158203125 0.1331676140625 0.041015625 0.801119453125 0.041015625 0.8138020828125001 0.0458984375 0.8201433984375001 0.0595703125 0.828598484375
0 0.1025390625 0.828598484375 0.10546875 0.8222571703125 0.224609375 0.1585328734375 0.22265625 0.1500777875 0.2177734375 0.143736471875 0.2021484375 0.1352813859375 0.197265625 0.14585024375 0.083984375 0.7672991078125 0.078125 0.8053469968750001 0.0869140625 0.8201433984375001 0.0986328125 0.828598484375 0.1025390625 0.828598484375
0 0.1279296875 0.828598484375 0.1328125 0.809574540625 0.248046875 0.1838981328125 0.25390625 0.1500777875 0.25390625 0.1416227 0.2509765625 0.1352813859375 0.2392578125 0.12682629843749998 0.228515625 0.13739515625 0.109375 0.7842092796875 0.107421875 0.7968919109375 0.107421875 0.8180296265625 0.1142578125 0.828598484375 0.1279296875 0.828598484375
0 0.1650390625 0.8243709421875 0.1767578125 0.8243709421875 0.1796875 0.8180296265625 0.298828125 0.1627604171875 0.30078125 0.1500777875 0.2958984375 0.1352813859375 0.2802734375 0.12259875468749999 0.2646484375 0.11414366875 0.259765625 0.12471252656250001 0.244140625 0.20080830624999998 0.142578125 0.746161390625 0.13671875 0.7842092796875 0.13671875 0.7968919109375 0.1416015625 0.8074607687500001 0.1650390625 0.8243709421875
0 0.2060546875 0.8159158546875 0.2119140625 0.8159158546875 0.216796875 0.8053469968750001 0.251953125 0.6320177218749999 0.3359375 0.175443046875 0.3359375 0.171215503125 0.3271484375 0.1564191015625 0.3134765625 0.147964015625 0.3056640625 0.147964015625 0.296875 0.1838981328125 0.216796875 0.6151075484375 0.189453125 0.77152665 0.1875 0.7842092796875 0.1875 0.7926643671875 0.1904296875 0.7990056812499999 0.2060546875 0.8159158546875
0 0.2353515625 0.8116883109374999 0.2431640625 0.8159158546875 0.2470703125 0.8159158546875 0.248046875 0.8138020828125001 0.37890625 0.1585328734375 0.37890625 0.14585024375 0.376953125 0.13739515625 0.3720703125 0.12682629843749998 0.3662109375 0.12259875468749999 0.3505859375 0.12682629843749998 0.345703125 0.1416227 0.31640625 0.281131628125 0.267578125 0.53901176875 0.2265625 0.77152665 0.224609375 0.7842092796875 0.224609375 0.7968919109375 0.2275390625 0.8032332249999999 0.2353515625 0.8116883109374999
0 0.2861328125 0.8159158546875 0.291015625 0.8053469968750001 0.361328125 0.43755073125 0.396484375 0.24308373906249997 0.3984375 0.23040110937499997 0.3984375 0.2134909359375 0.3955078125 0.20714962187500002 0.3876953125 0.198694534375 0.3740234375 0.1902394484375 0.3701171875 0.1902394484375 0.3671875 0.1965807625 0.2578125 0.7588440203125 0.25390625 0.7842092796875 0.2587890625 0.7947781390624999 0.2822265625 0.8159158546875 0.2861328125 0.8159158546875
0 0.3095703125 0.8116883109374999 0.3193359375 0.8116883109374999 0.322265625 0.8053469968750001 0.43359375 0.226173565625 0.435546875 0.2134909359375 0.435546875 0.20080830624999998 0.4287109375 0.1902394484375 0.4150390625 0.1817843609375 0.4111328125 0.1817843609375 0.40625 0.1923532203125 0.396484375 0.2388561953125 0.296875 0.7672991078125 0.294921875 0.7799817375 0.294921875 0.7968919109375 0.2978515625 0.8032332249999999 0.3095703125 0.8116883109374999
0 0.3466796875 0.8116883109374999 0.3583984375 0.8116883109374999 0.361328125 0.8053469968750001 0.482421875 0.23040110937499997 0.484375 0.21771847968750002 0.484375 0.1796705890625 0.482421875 0.166987959375 0.4755859375 0.1521915578125 0.4580078125 0.139508928125 0.4541015625 0.139508928125 0.4453125 0.171215503125 0.431640625 0.234628653125 0.330078125 0.7630715640625 0.328125 0.77575419375 0.328125 0.7926643671875 0.3310546875 0.7990056812499999 0.3466796875 0.8116883109374999
0 0.3876953125 0.8032332249999999 0.3935546875 0.8074607687500001 0.3994140625 0.8074607687500001 0.40234375 0.801119453125 0.408203125 0.77575419375 0.4375 0.6277901781249999 0.4921875 0.314951975 0.49609375 0.28535917187500004 0.49609375 0.2684489984375 0.4931640625 0.262107684375 0.4794921875 0.2494250546875 0.4716796875 0.2494250546875 0.46875 0.25576636875 0.4609375 0.289586715625 0.439453125 0.39950284062499997 0.375 0.7377063046875 0.369140625 0.77152665 0.369140625 0.7799817375 0.3720703125 0.7863230515625 0.3876953125 0.8032332249999999
0 0.4794921875 0.8074607687500001 0.482421875 0.801119453125 0.49609375 0.6742931546875 0.533203125 0.289586715625 0.53515625 0.26422145625 0.53515625 0.2388561953125 0.5322265625 0.23251488125000003 0.5068359375 0.2282873375 0.50390625 0.2388561953125 0.498046875 0.2769040859375 0.4609375 0.6362452656250001 0.44921875 0.7630715640625 0.447265625 0.7884368234375 0.4521484375 0.7990056812499999 0.4697265625 0.8074607687500001 0.4794921875 0.8074607687500001
0 0.5556640625 0.8032332249999999 0.560546875 0.7968919109375 0.572265625 0.598197375 0.587890625 0.23040110937499997 0.587890625 0.1627604171875 0.5869140625 0.1606466453125 0.5791015625 0.1564191015625 0.5439453125 0.1564191015625 0.54296875 0.1585328734375 0.541015625 0.171215503125 0.53515625 0.25576636875 0.51953125 0.581287203125 0.51171875 0.7630715640625 0.51171875 0.7926643671875 0.5224609375 0.7990056812499999 0.5556640625 0.8032332249999999
0 0.5927734375 0.8032332249999999 0.6005859375 0.7990056812499999 0.603515625 0.77575419375 0.62890625 0.1627604171875 0.62890625 0.11625744062500001 0.6240234375 0.109916125 0.6162109375 0.1056885828125 0.6005859375 0.1056885828125 0.5966796875 0.109916125 0.59375 0.12471252656250001 0.591796875 0.14585024375 0.5703125 0.6277901781249999 0.564453125 0.7884368234375 0.5693359375 0.7990056812499999 0.5869140625 0.8032332249999999 0.5927734375 0.8032332249999999
0 0.6103515625 0.7990056812499999 0.61328125 0.7926643671875 0.615234375 0.7588440203125 0.640625 0.1543053296875 0.64453125 0.035934117187499996 0.64453125 0.0105688578125 0.6416015625 0.00422754375 0.6396484375 0.00422754375 0.6279296875 0.016910173437500002 0.625 0.0232514875 0.623046875 0.031706575 0.6171875 0.0866646375 0.6015625 0.77575419375 0.6015625 0.7968919109375 0.6025390625 0.7990056812499999 0.6103515625 0.7990056812499999
0 0.6513671875 0 0.646484375 0.0105688578125 0.64453125 0.0232514875 0.615234375 0.746161390625 0.615234375 0.7968919109375 0.6162109375 0.7990056812499999 0.6279296875 0.7990056812499999 0.62890625 0.7968919109375 0.662109375 0.0105688578125 0.6591796875 0 0.6513671875 0
0 0.6904296875 0.7990056812499999 0.693359375 0.7926643671875 0.6953125 0.7672991078125 0.693359375 0.27267654218750004 0.69140625 0.10357481093750001 0.6884765625 0.0972334953125 0.6591796875 0.0972334953125 0.65625 0.10357481093750001 0.654296875 0.20080830624999998 0.65234375 0.7884368234375 0.6552734375 0.7947781390624999 0.6611328125 0.7990056812499999 0.6904296875 0.7990056812499999
0 0.7177734375 0.7947781390624999 0.720703125 0.7884368234375 0.720703125 0.72079613125 0.71484375 0.0866646375 0.7119140625 0.0718682359375 0.6923828125 0.0718682359375 0.689453125 0.07820955156250001 0.6875 0.0866646375 0.6953125 0.7842092796875 0.6982421875 0.7947781390624999 0.7177734375 0.7947781390624999
0 0.720703125 0.77152665 0.72265625 0.7884368234375 0.7255859375 0.7947781390624999 0.7412109375 0.7947781390624999 0.74609375 0.7884368234375 0.748046875 0.7630715640625 0.75390625 0.107802353125 0.7490234375 0.093005953125 0.7412109375 0.08032332187499999 0.7333984375 0.0718682359375 0.7158203125 0.0718682359375 0.71484375 0.0739820078125 0.71484375 0.1923532203125 0.71875 0.6742931546875 0.720703125 0.77152665
0 0.74609375 0.77575419375 0.7490234375 0.7863230515625 0.7666015625 0.7863230515625 0.771484375 0.77575419375 0.771484375 0.7334787609375 0.765625 0.171215503125 0.763671875 0.09089218125000001 0.7607421875 0.08032332187499999 0.7412109375 0.0760957796875 0.736328125 0.0866646375 0.736328125 0.107802353125 0.7421875 0.6404728078125 0.74609375 0.77575419375
0 0.7734375 0.77575419375 0.7763671875 0.782095509375 0.7841796875 0.7863230515625 0.8076171875 0.7863230515625 0.8154296875 0.782095509375 0.818359375 0.77152665 0.798828125 0.08243709375 0.7939453125 0.06764069218749999 0.7705078125 0.06764069218749999 0.765625 0.0739820078125 0.763671875 0.08243709375 0.763671875 0.107802353125 0.771484375 0.7334787609375 0.7734375 0.77575419375
0 0.8212890625 0.782095509375 0.8349609375 0.7863230515625 0.8798828125 0.7863230515625 0.8916015625 0.782095509375 0.8984375 0.77152665 0.8984375 0.7630715640625 0.873046875 0.0739820078125 0.8701171875 0.06341315 0.8212890625 0.05918560625 0.8134765625 0.05918560625 0.8076171875 0.06341315 0.8046875 0.0697544640625 0.798828125 0.0866646375 0.798828125 0.112029896875 0.818359375 0.77152665 0.8212890625 0.782095509375
0 0.9052734375 0.7736404218749999 0.9306640625 0.7736404218749999 0.93359375 0.7672991078125 0.93359375 0.7546164765625 0.90625 0.10357481093750001 0.9013671875 0.088778409375 0.8818359375 0.088778409375 0.8779296875 0.093005953125 0.876953125 0.0951197234375 0.876953125 0.112029896875 0.90234375 0.750388934375 0.9052734375 0.7736404218749999