1 0.0654296875 0.68908955625 0.068359375 0.682748240625 0.0703125 0.6616105250000001 0.0703125 0.6066524624999999 0.0673828125 0.600311146875 0.0537109375 0.600311146875 0.048828125 0.6066524624999999 0.046875 0.6404728078125 0.046875 0.6869757843750001 0.0478515625 0.68908955625 0.0654296875 0.68908955625
1 0.142578125 0.6869757843750001 0.14453125 0.6489278953125 0.14453125 0.6066524624999999 0.1435546875 0.604538690625 0.1123046875 0.604538690625 0.0732421875 0.608766234375 0.0703125 0.6193350921875 0.068359375 0.6869757843750001 0.0712890625 0.6933171 0.1357421875 0.6933171 0.142578125 0.6869757843750001
1 0.3076171875 0.7017721859375 0.3330078125 0.6975446421875 0.333984375 0.695430871875 0.333984375 0.6235626359374999 0.3310546875 0.6172213203125 0.3037109375 0.6172213203125 0.2783203125 0.6214488640625 0.27734375 0.6235626359374999 0.27734375 0.6996584140625 0.2783203125 0.7017721859375 0.3076171875 0.7017721859375
1 0.3876953125 0.68908955625 0.388671875 0.6869757843750001 0.390625 0.6785206984375 0.390625 0.6151075484375 0.3876953125 0.608766234375 0.3369140625 0.608766234375 0.3359375 0.6108800046875 0.3359375 0.6912033281250001 0.3369140625 0.6933171 0.3876953125 0.68908955625
1 0.4208984375 0.7102272734375 0.423828125 0.7038859578125 0.423828125 0.6320177218749999 0.4228515625 0.62990395 0.3935546875 0.62990395 0.392578125 0.6320177218749999 0.390625 0.6404728078125 0.390625 0.7038859578125 0.3935546875 0.7102272734375 0.4208984375 0.7102272734375
1 0.4345703125 0.7102272734375 0.4775390625 0.7102272734375 0.478515625 0.7081135015625 0.48046875 0.6404728078125 0.4775390625 0.62990395 0.4267578125 0.62990395 0.423828125 0.6362452656250001 0.423828125 0.7038859578125 0.4248046875 0.7059997296875 0.4345703125 0.7102272734375
1 0.5361328125 0.7102272734375 0.5390625 0.7038859578125 0.5390625 0.6362452656250001 0.5380859375 0.63413149375 0.5205078125 0.62990395 0.4873046875 0.62990395 0.482421875 0.6404728078125 0.482421875 0.7081135015625 0.4833984375 0.7102272734375 0.5361328125 0.7102272734375
1 0.6591796875 0.714454815625 0.66015625 0.71234104375 0.66015625 0.6404728078125 0.6591796875 0.6383590375 0.6083984375 0.63413149375 0.607421875 0.6362452656250001 0.607421875 0.7081135015625 0.6103515625 0.714454815625 0.6591796875 0.714454815625
1 0.5439453125 0.7059997296875 0.5908203125 0.7102272734375 0.6044921875 0.7102272734375 0.60546875 0.7081135015625 0.607421875 0.6912033281250001 0.607421875 0.6404728078125 0.6044921875 0.62990395 0.5439453125 0.62990395 0.54296875 0.6320177218749999 0.541015625 0.6404728078125 0.541015625 0.6531554390625 0.54296875 0.7038859578125 0.5439453125 0.7059997296875
1 0.6962890625 0.7229099031249999 0.7099609375 0.7229099031249999 0.7109375 0.72079613125 0.7109375 0.6489278953125 0.7099609375 0.6468141234375 0.7060546875 0.6425865796875 0.6611328125 0.6425865796875 0.66015625 0.6447003515625 0.66015625 0.71234104375 0.6630859375 0.718682359375 0.6962890625 0.7229099031249999
0 0.0634765625 0 0.0625 0.002113771875 0.05859375 0.10357481093750001 0.046875 0.6235626359374999 0.041015625 0.944855925 0.0458984375 0.9554247828125 0.0595703125 0.9554247828125 0.0625 0.9321732953125 0.064453125 0.8898978625 0.08984375 0.057071834375 0.08984375 0.0147964015625 0.0849609375 0 0.0634765625 0
0 0.0966796875 0 0.095703125 0.002113771875 0.09375 0.0105688578125 0.091796875 0.040161660937499996 0.0703125 0.6235626359374999 0.060546875 0.944855925 0.060546875 0.9575385546874999 0.0654296875 0.9681074140625 0.1181640625 0.9681074140625 0.1279296875 0.9638798703125 0.2138671875 0.866646375 0.2265625 0.8476224296874999 0.23046875 0.7926643671875 0.248046875 0.1331676140625 0.248046875 0.052844290625 0.24609375 0.035934117187499996 0.2421875 0.019023945312500002 0.2373046875 0.008455085937499999 0.2314453125 0.00422754375 0.1943359375 0 0.0966796875 0
0 0.3232421875 0.9596523265625001 0.3291015625 0.9554247828125 0.33203125 0.944855925 0.357421875 0.107802353125 0.34375 0.040161660937499996 0.3369140625 0.029592803125 0.3173828125 0.025365259374999997 0.2822265625 0.025365259374999997 0.27734375 0.035934117187499996 0.275390625 0.6869757843750001 0.27734375 0.9490834687499999 0.2822265625 0.9596523265625001 0.3232421875 0.9596523265625001
0 0.3544921875 0.9723349562499999 0.3740234375 0.9681074140625 0.3837890625 0.9638798703125 0.38671875 0.9575385546874999 0.388671875 0.9194906656249999 0.39453125 0.21771847968750002 0.39453125 0.1416227 0.3896484375 0.1352813859375 0.3779296875 0.1310538421875 0.3447265625 0.1310538421875 0.341796875 0.1416227 0.33984375 0.1838981328125 0.3359375 0.47559862031250005 0.33203125 0.9490834687499999 0.3369140625 0.9638798703125 0.3447265625 0.9681074140625 0.3544921875 0.9723349562499999
0 0.4169921875 0.9596523265625001 0.419921875 0.9533110125 0.421875 0.9406283828124999 0.431640625 0.061299378125000005 0.431640625 0.0486167484375 0.4296875 0.031706575 0.4267578125 0.025365259374999997 0.4189453125 0.0211377171875 0.4013671875 0.0211377171875 0.3984375 0.02747903125 0.390625 0.6573829812499999 0.388671875 0.9575385546874999 0.3935546875 0.9638798703125 0.4091796875 0.9638798703125 0.4169921875 0.9596523265625001
0 0.4638671875 0.9681074140625 0.4736328125 0.9638798703125 0.4765625 0.9575385546874999 0.478515625 0.944855925 0.482421875 0.5770596593749999 0.482421875 0.07820955156250001 0.4794921875 0.0718682359375 0.4326171875 0.06341315 0.4296875 0.0739820078125 0.427734375 0.13739515625 0.423828125 0.6447003515625 0.421875 0.9575385546874999 0.4267578125 0.9638798703125 0.4541015625 0.9681074140625 0.4638671875 0.9681074140625
0 0.5166015625 0.9765625 0.5244140625 0.9723349562499999 0.5322265625 0.9638798703125 0.537109375 0.9533110125 0.5390625 0.77152665 0.541015625 0.07820955156250001 0.5390625 0.0697544640625 0.5341796875 0.06341315 0.4970703125 0.05918560625 0.4892578125 0.06341315 0.484375 0.0739820078125 0.484375 0.9575385546874999 0.4970703125 0.9765625 0.5166015625 0.9765625
0 0.5478515625 0.9638798703125 0.5810546875 0.9723349562499999 0.5966796875 0.9723349562499999 0.603515625 0.9575385546874999 0.60546875 0.9490834687499999 0.607421875 0.7038859578125 0.609375 0.052844290625 0.6044921875 0.0422754328125 0.5576171875 0.0380478890625 0.5439453125 0.0422754328125 0.54296875 0.0443892046875 0.5390625 0.6531554390625 0.541015625 0.9490834687499999 0.54296875 0.9575385546874999 0.5478515625 0.9638798703125
0 0.6376953125 0.9681074140625 0.6533203125 0.9638798703125 0.6572265625 0.9596523265625001 0.66015625 0.9490834687499999 0.66015625 0.07820955156250001 0.6572265625 0.06764069218749999 0.6123046875 0.06341315 0.609375 0.0697544640625 0.607421875 0.07820955156250001 0.607421875 0.9533110125 0.6123046875 0.9638798703125 0.6376953125 0.9681074140625
0 0.6982421875 0.9638798703125 0.7099609375 0.9596523265625001 0.7109375 0.9575385546874999 0.7109375 0.725023675 0.7080078125 0.718682359375 0.6630859375 0.718682359375 0.662109375 0.72079613125 0.66015625 0.7292512171875 0.66015625 0.9575385546874999 0.6708984375 0.9638798703125 0.6982421875 0.9638798703125
0 0.7099609375 0.6468141234375 0.7109375 0.6447003515625 0.712890625 0.3656824953125 0.712890625 0.09089218125000001 0.7099609375 0.084550865625 0.7001953125 0.0760957796875 0.6650390625 0.0760957796875 0.66015625 0.0866646375 0.66015625 0.6362452656250001 0.6630859375 0.6468141234375 0.7099609375 0.6468141234375