1 0.0341796875 0.6933171 0.0517578125 0.6933171 0.0693359375 0.68908955625 0.072265625 0.682748240625 0.0703125 0.6362452656250001 0.0673828125 0.62990395 0.0302734375 0.62990395 0.029296875 0.6320177218749999 0.029296875 0.6658380687500001 0.03125 0.6869757843750001 0.0341796875 0.6933171
1 0.0810546875 0.7017721859375 0.0966796875 0.7017721859375 0.1044921875 0.6975446421875 0.107421875 0.6912033281250001 0.10546875 0.6447003515625 0.1025390625 0.6383590375 0.0732421875 0.6383590375 0.0703125 0.6447003515625 0.0703125 0.6912033281250001 0.0732421875 0.6975446421875 0.0810546875 0.7017721859375
1 0.1435546875 0.7059997296875 0.1494140625 0.7017721859375 0.15234375 0.695430871875 0.15234375 0.6658380687500001 0.1494140625 0.6425865796875 0.1064453125 0.6468141234375 0.10546875 0.6489278953125 0.10546875 0.6785206984375 0.1083984375 0.7059997296875 0.1435546875 0.7059997296875
1 0.1533203125 0.7017721859375 0.1650390625 0.7059997296875 0.1767578125 0.7059997296875 0.1923828125 0.7017721859375 0.1953125 0.695430871875 0.1953125 0.6489278953125 0.1923828125 0.6425865796875 0.1513671875 0.6425865796875 0.150390625 0.6447003515625 0.150390625 0.6573829812499999 0.15234375 0.6996584140625 0.1533203125 0.7017721859375
1 0.2294921875 0.7017721859375 0.236328125 0.6912033281250001 0.234375 0.6447003515625 0.2314453125 0.6383590375 0.1962890625 0.6425865796875 0.1953125 0.6447003515625 0.1953125 0.6912033281250001 0.1982421875 0.7017721859375 0.2294921875 0.7017721859375
1 0.2705078125 0.6933171 0.271484375 0.6912033281250001 0.271484375 0.6362452656250001 0.2705078125 0.63413149375 0.2353515625 0.63413149375 0.234375 0.6362452656250001 0.234375 0.6785206984375 0.2373046875 0.6933171 0.2705078125 0.6933171
1 0.2939453125 0.6975446421875 0.294921875 0.695430871875 0.294921875 0.6658380687500001 0.29296875 0.6404728078125 0.2919921875 0.6383590375 0.2724609375 0.6383590375 0.271484375 0.6404728078125 0.271484375 0.6912033281250001 0.2744140625 0.6975446421875 0.2939453125 0.6975446421875
1 0.2958984375 0.7017721859375 0.3115234375 0.7017721859375 0.3125 0.6996584140625 0.3125 0.6489278953125 0.3095703125 0.6425865796875 0.2939453125 0.6425865796875 0.29296875 0.6447003515625 0.29296875 0.6742931546875 0.294921875 0.6996584140625 0.2958984375 0.7017721859375
1 0.3408203125 0.7059997296875 0.345703125 0.695430871875 0.34375 0.6489278953125 0.3427734375 0.6468141234375 0.3134765625 0.6468141234375 0.3125 0.6489278953125 0.3125 0.695430871875 0.3154296875 0.7059997296875 0.3408203125 0.7059997296875
1 0.3720703125 0.6975446421875 0.37890625 0.6912033281250001 0.37890625 0.6447003515625 0.3759765625 0.6383590375 0.3466796875 0.63413149375 0.34375 0.6404728078125 0.34375 0.6869757843750001 0.3466796875 0.6975446421875 0.3720703125 0.6975446421875
1 0.3994140625 0.7017721859375 0.412109375 0.695430871875 0.412109375 0.6447003515625 0.4091796875 0.6383590375 0.3798828125 0.6383590375 0.37890625 0.6404728078125 0.37890625 0.695430871875 0.3818359375 0.7017721859375 0.3994140625 0.7017721859375
1 0.4306640625 0.7017721859375 0.4423828125 0.6975446421875 0.4453125 0.6912033281250001 0.4453125 0.6489278953125 0.4423828125 0.6383590375 0.4130859375 0.6383590375 0.412109375 0.6404728078125 0.412109375 0.695430871875 0.4150390625 0.7017721859375 0.4306640625 0.7017721859375
1 0.4580078125 0.7102272734375 0.4658203125 0.7102272734375 0.478515625 0.7038859578125 0.478515625 0.6489278953125 0.4775390625 0.6468141234375 0.4462890625 0.6468141234375 0.443359375 0.6531554390625 0.4453125 0.7038859578125 0.4462890625 0.7059997296875 0.4580078125 0.7102272734375
1 0.5341796875 0.6975446421875 0.5390625 0.6869757843750001 0.537109375 0.6362452656250001 0.5361328125 0.63413149375 0.4794921875 0.6383590375 0.478515625 0.6404728078125 0.478515625 0.6912033281250001 0.4814453125 0.6975446421875 0.5341796875 0.6975446421875
1 0.5810546875 0.7017721859375 0.5869140625 0.6975446421875 0.58984375 0.6912033281250001 0.58984375 0.6531554390625 0.5869140625 0.6383590375 0.5400390625 0.6383590375 0.5390625 0.6404728078125 0.5390625 0.695430871875 0.5439453125 0.7017721859375 0.5810546875 0.7017721859375
1 0.6064453125 0.7017721859375 0.6181640625 0.7017721859375 0.6357421875 0.6975446421875 0.638671875 0.6912033281250001 0.638671875 0.6404728078125 0.6376953125 0.6383590375 0.5908203125 0.6383590375 0.58984375 0.6404728078125 0.58984375 0.695430871875 0.5908203125 0.6975446421875 0.6064453125 0.7017721859375
1 0.6416015625 0.7017721859375 0.6826171875 0.7017721859375 0.685546875 0.695430871875 0.685546875 0.6447003515625 0.6826171875 0.6383590375 0.6416015625 0.6425865796875 0.638671875 0.6489278953125 0.638671875 0.6658380687500001 0.640625 0.6996584140625 0.6416015625 0.7017721859375
1 0.7216796875 0.714454815625 0.7353515625 0.7102272734375 0.73828125 0.7038859578125 0.73828125 0.6531554390625 0.7353515625 0.6468141234375 0.6865234375 0.6468141234375 0.685546875 0.6489278953125 0.685546875 0.7038859578125 0.6884765625 0.7102272734375 0.7216796875 0.714454815625
1 0.7607421875 0.7059997296875 0.7841796875 0.7059997296875 0.7900390625 0.7017721859375 0.79296875 0.6912033281250001 0.79296875 0.6447003515625 0.7919921875 0.6425865796875 0.7431640625 0.6383590375 0.740234375 0.6404728078125 0.73828125 0.6700656109375001 0.73828125 0.695430871875 0.7412109375 0.7017721859375 0.7607421875 0.7059997296875
1 0.8193359375 0.6975446421875 0.8505859375 0.6975446421875 0.8515625 0.695430871875 0.853515625 0.6742931546875 0.853515625 0.6404728078125 0.8505859375 0.63413149375 0.7998046875 0.62990395 0.7958984375 0.62990395 0.794921875 0.6320177218749999 0.79296875 0.6404728078125 0.79296875 0.6912033281250001 0.7939453125 0.6933171 0.8193359375 0.6975446421875
0 0.037109375 0.8349398000000001 0.0390625 0.8560775156249999 0.0439453125 0.866646375 0.0498046875 0.8708739171875 0.0615234375 0.8708739171875 0.0732421875 0.866646375 0.078125 0.860305059375 0.171875 0.234628653125 0.171875 0.226173565625 0.169921875 0.2092633921875 0.1650390625 0.198694534375 0.0537109375 0.17755681875 0.0107421875 0.1817843609375 0.0078125 0.1881256765625 0.0078125 0.2219460234375 0.01171875 0.31917951875 0.037109375 0.8349398000000001
0 0.078125 0.860305059375 0.0849609375 0.8751014609375 0.0927734375 0.8793290046875001 0.1005859375 0.8793290046875001 0.111328125 0.8687601468749999 0.11328125 0.860305059375 0.11328125 0.8433948859375 0.08984375 0.25999391250000004 0.0888671875 0.25788014062500003 0.0576171875 0.25788014062500003 0.0546875 0.26422145625 0.0546875 0.28535917187500004 0.060546875 0.462915990625 0.078125 0.860305059375
0 0.15625 0.8349398000000001 0.158203125 0.864532603125 0.1611328125 0.8708739171875 0.1708984375 0.8793290046875001 0.1865234375 0.8793290046875001 0.1943359375 0.8751014609375 0.201171875 0.860305059375 0.201171875 0.8476224296874999 0.181640625 0.25576636875 0.1787109375 0.2494250546875 0.1572265625 0.2494250546875 0.1396484375 0.25365259687499997 0.13671875 0.25999391250000004 0.13671875 0.26422145625 0.14453125 0.513646509375 0.15625 0.8349398000000001
0 0.11328125 0.8687601468749999 0.1181640625 0.8793290046875001 0.1240234375 0.883556546875 0.1474609375 0.8793290046875001 0.1513671875 0.8751014609375 0.15625 0.864532603125 0.15625 0.8349398000000001 0.15234375 0.6912033281250001 0.13671875 0.2684489984375 0.1337890625 0.25788014062500003 0.0908203125 0.25788014062500003 0.08984375 0.25999391250000004 0.08984375 0.28535917187500004 0.095703125 0.462915990625 0.11328125 0.8687601468749999
0 0.2060546875 0.8751014609375 0.2294921875 0.8751014609375 0.2333984375 0.8708739171875 0.23828125 0.860305059375 0.23828125 0.7842092796875 0.228515625 0.3656824953125 0.224609375 0.2684489984375 0.2216796875 0.24519751093750003 0.1845703125 0.24519751093750003 0.181640625 0.251538825 0.181640625 0.2769040859375 0.201171875 0.864532603125 0.2060546875 0.8751014609375
0 0.240234375 0.8687601468749999 0.2451171875 0.8751014609375 0.2666015625 0.8751014609375 0.2724609375 0.8708739171875 0.275390625 0.864532603125 0.275390625 0.7842092796875 0.263671875 0.28535917187500004 0.26171875 0.251538825 0.2587890625 0.24519751093750003 0.2412109375 0.24519751093750003 0.2275390625 0.2494250546875 0.224609375 0.25576636875 0.224609375 0.3022693453125 0.23828125 0.8476224296874999 0.240234375 0.8687601468749999
0 0.2783203125 0.8751014609375 0.2919921875 0.8751014609375 0.298828125 0.864532603125 0.298828125 0.8349398000000001 0.28515625 0.2219460234375 0.283203125 0.175443046875 0.2802734375 0.16910173125 0.2646484375 0.16910173125 0.259765625 0.1796705890625 0.259765625 0.1965807625 0.275390625 0.864532603125 0.2783203125 0.8751014609375
0 0.3037109375 0.8793290046875001 0.3095703125 0.8793290046875001 0.3134765625 0.8751014609375 0.318359375 0.860305059375 0.3125 0.6996584140625 0.3076171875 0.68908955625 0.3017578125 0.68908955625 0.2978515625 0.6933171 0.296875 0.695430871875 0.296875 0.809574540625 0.298828125 0.8687601468749999 0.3037109375 0.8793290046875001
0 0.2978515625 0.6468141234375 0.3076171875 0.6468141234375 0.310546875 0.6404728078125 0.375 0.1331676140625 0.375 0.09089218125000001 0.373046875 0.07820955156250001 0.3642578125 0.06764069218749999 0.3017578125 0.012682629687499999 0.2958984375 0.008455085937499999 0.2822265625 0.008455085937499999 0.279296875 0.0147964015625 0.279296875 0.0739820078125 0.29296875 0.6320177218749999 0.2978515625 0.6468141234375
0 0.3115234375 0.21983225156250003 0.3193359375 0.21983225156250003 0.3271484375 0.2156047078125 0.33203125 0.2092633921875 0.330078125 0.175443046875 0.3271484375 0.16910173125 0.3056640625 0.16910173125 0.302734375 0.175443046875 0.302734375 0.20080830624999998 0.3056640625 0.2113771640625 0.3115234375 0.21983225156250003
0 0.318359375 0.8729876890625 0.3212890625 0.8793290046875001 0.3291015625 0.883556546875 0.3388671875 0.883556546875 0.3447265625 0.8793290046875001 0.34765625 0.8729876890625 0.34765625 0.77575419375 0.333984375 0.21771847968750002 0.3330078125 0.2156047078125 0.30859375 0.23040110937499997 0.3046875 0.24308373906249997 0.3046875 0.4206405578125 0.31640625 0.83916734375 0.318359375 0.8729876890625
0 0.3525390625 0.8877840906250001 0.3681640625 0.892011634375 0.380859375 0.8772152328124999 0.380859375 0.77152665 0.373046875 0.166987959375 0.3662109375 0.1564191015625 0.3369140625 0.1606466453125 0.3359375 0.1627604171875 0.3359375 0.28535917187500004 0.34765625 0.8729876890625 0.3525390625 0.8877840906250001
0 0.3828125 0.8772152328124999 0.3857421875 0.883556546875 0.3935546875 0.8877840906250001 0.4013671875 0.8877840906250001 0.4111328125 0.883556546875 0.416015625 0.8729876890625 0.40625 0.23040110937499997 0.404296875 0.166987959375 0.4033203125 0.1648741890625 0.3720703125 0.1648741890625 0.37109375 0.166987959375 0.369140625 0.175443046875 0.369140625 0.21771847968750002 0.380859375 0.864532603125 0.3828125 0.8772152328124999
0 0.4140625 0.8560775156249999 0.416015625 0.8729876890625 0.4208984375 0.883556546875 0.4248046875 0.8877840906250001 0.4365234375 0.8877840906250001 0.4443359375 0.8793290046875001 0.447265625 0.8729876890625 0.4453125 0.6108800046875 0.4375 0.171215503125 0.4365234375 0.16910173125 0.4091796875 0.16910173125 0.40625 0.175443046875 0.404296875 0.1923532203125 0.40625 0.395275296875 0.408203125 0.5559219421875 0.4140625 0.8560775156249999
0 0.4453125 0.83916734375 0.447265625 0.8729876890625 0.4521484375 0.883556546875 0.4580078125 0.8877840906250001 0.4716796875 0.8877840906250001 0.4775390625 0.883556546875 0.48046875 0.8772152328124999 0.4765625 0.171215503125 0.4736328125 0.1648741890625 0.4384765625 0.16910173125 0.4375 0.171215503125 0.4375 0.20503585000000002 0.439453125 0.40373038437500003 0.4453125 0.83916734375
0 0.482421875 0.8687601468749999 0.4853515625 0.8793290046875001 0.4931640625 0.8877840906250001 0.5009765625 0.892011634375 0.5087890625 0.892011634375 0.5361328125 0.8793290046875001 0.541015625 0.8687601468749999 0.53515625 0.1881256765625 0.5283203125 0.17755681875 0.4912109375 0.17755681875 0.4775390625 0.1817843609375 0.474609375 0.1881256765625 0.474609375 0.3910477546875 0.48046875 0.8349398000000001 0.482421875 0.8687601468749999
0 0.541015625 0.860305059375 0.54296875 0.8772152328124999 0.5458984375 0.883556546875 0.5595703125 0.892011634375 0.5712890625 0.892011634375 0.5849609375 0.883556546875 0.587890625 0.8772152328124999 0.58984375 0.864532603125 0.58984375 0.1881256765625 0.5869140625 0.1817843609375 0.5380859375 0.1817843609375 0.53515625 0.1881256765625 0.53515625 0.42909564375000003 0.5390625 0.7968919109375 0.541015625 0.860305059375
0 0.5947265625 0.883556546875 0.6044921875 0.892011634375 0.6220703125 0.892011634375 0.6357421875 0.883556546875 0.638671875 0.8729876890625 0.638671875 0.289586715625 0.63671875 0.20503585000000002 0.6318359375 0.198694534375 0.6025390625 0.198694534375 0.58984375 0.20503585000000002 0.587890625 0.34877232187499996 0.587890625 0.5516943999999999 0.58984375 0.8729876890625 0.5947265625 0.883556546875
0 0.640625 0.8772152328124999 0.6474609375 0.892011634375 0.6533203125 0.896239178125 0.6689453125 0.896239178125 0.6806640625 0.8877840906250001 0.685546875 0.8772152328124999 0.69140625 0.171215503125 0.6865234375 0.1564191015625 0.6787109375 0.1564191015625 0.6376953125 0.16910173125 0.634765625 0.175443046875 0.634765625 0.1965807625 0.638671875 0.8560775156249999 0.640625 0.8772152328124999
0 0.7041015625 0.896239178125 0.7177734375 0.896239178125 0.7333984375 0.8877840906250001 0.736328125 0.8814427765625 0.748046875 0.175443046875 0.7412109375 0.1648741890625 0.6982421875 0.173329275 0.689453125 0.1881256765625 0.6875 0.2388561953125 0.685546875 0.47559862031250005 0.685546875 0.8729876890625 0.6884765625 0.883556546875 0.7041015625 0.896239178125
0 0.7548828125 0.892011634375 0.7763671875 0.892011634375 0.7822265625 0.8877840906250001 0.787109375 0.8772152328124999 0.7890625 0.8476224296874999 0.8046875 0.2219460234375 0.8046875 0.1796705890625 0.7998046875 0.1648741890625 0.7705078125 0.1648741890625 0.7529296875 0.16910173125 0.748046875 0.1838981328125 0.74609375 0.20503585000000002 0.740234375 0.53901176875 0.73828125 0.682748240625 0.73828125 0.8814427765625 0.7431640625 0.8877840906250001 0.7548828125 0.892011634375