1 0.0712890625 0.769412878125 0.0888671875 0.7651853359375 0.0966796875 0.7609577921875 0.099609375 0.7546164765625 0.09765625 0.7081135015625 0.0947265625 0.7017721859375 0.0341796875 0.7102272734375 0.03125 0.7165685875000001 0.03125 0.750388934375 0.0341796875 0.769412878125 0.0712890625 0.769412878125
1 0.2646484375 0.7271374453125 0.2822265625 0.7229099031249999 0.28515625 0.7165685875000001 0.28515625 0.6912033281250001 0.283203125 0.6700656109375001 0.2802734375 0.663724296875 0.2705078125 0.663724296875 0.2607421875 0.6679518390625 0.259765625 0.6700656109375001 0.259765625 0.6912033281250001 0.26171875 0.72079613125 0.2646484375 0.7271374453125
1 0.2900390625 0.7313649890625 0.3017578125 0.7313649890625 0.3115234375 0.7271374453125 0.314453125 0.72079613125 0.3125 0.6742931546875 0.3095703125 0.6679518390625 0.2861328125 0.6721793828125 0.28515625 0.6742931546875 0.28515625 0.6912033281250001 0.287109375 0.7165685875000001 0.2900390625 0.7313649890625
1 0.3427734375 0.7229099031249999 0.34765625 0.7165685875000001 0.349609375 0.7081135015625 0.349609375 0.682748240625 0.3466796875 0.659496753125 0.3154296875 0.6679518390625 0.314453125 0.6700656109375001 0.314453125 0.7081135015625 0.3173828125 0.7229099031249999 0.3427734375 0.7229099031249999
1 0.3974609375 0.74404761875 0.400390625 0.7334787609375 0.404296875 0.7081135015625 0.404296875 0.6912033281250001 0.4013671875 0.6848620125 0.3955078125 0.6806344703125 0.3876953125 0.6764069265625 0.3837890625 0.6764069265625 0.3828125 0.6785206984375 0.376953125 0.7165685875000001 0.376953125 0.7292512171875 0.3818359375 0.7355925328125 0.3974609375 0.74404761875
1 0.4150390625 0.7313649890625 0.4228515625 0.7313649890625 0.42578125 0.72079613125 0.4296875 0.695430871875 0.4296875 0.682748240625 0.4267578125 0.6764069265625 0.4111328125 0.6679518390625 0.408203125 0.6742931546875 0.404296875 0.695430871875 0.40234375 0.71234104375 0.40234375 0.72079613125 0.4033203125 0.7229099031249999 0.4150390625 0.7313649890625
1 0.4521484375 0.718682359375 0.4560546875 0.718682359375 0.458984375 0.71234104375 0.46484375 0.6742931546875 0.46484375 0.6658380687500001 0.4404296875 0.6425865796875 0.4384765625 0.6425865796875 0.435546875 0.6531554390625 0.4296875 0.6912033281250001 0.4296875 0.6996584140625 0.4326171875 0.7059997296875 0.4521484375 0.718682359375
1 0.5107421875 0.7229099031249999 0.5146484375 0.7229099031249999 0.517578125 0.7165685875000001 0.5234375 0.682748240625 0.5234375 0.6700656109375001 0.5185546875 0.663724296875 0.4775390625 0.63413149375 0.4716796875 0.63413149375 0.470703125 0.6362452656250001 0.46484375 0.6658380687500001 0.462890625 0.682748240625 0.4658203125 0.68908955625 0.4970703125 0.714454815625 0.5107421875 0.7229099031249999
1 0.5439453125 0.6848620125 0.5791015625 0.7059997296875 0.5869140625 0.7059997296875 0.58984375 0.6996584140625 0.595703125 0.6616105250000001 0.5947265625 0.655269209375 0.5849609375 0.6468141234375 0.5517578125 0.62567640625 0.5439453125 0.6214488640625 0.5400390625 0.6214488640625 0.5390625 0.6235626359374999 0.533203125 0.6616105250000001 0.533203125 0.6742931546875 0.5341796875 0.6764069265625 0.5439453125 0.6848620125
1 0.6845703125 0.6975446421875 0.7021484375 0.6975446421875 0.703125 0.695430871875 0.705078125 0.6869757843750001 0.70703125 0.6573829812499999 0.70703125 0.6447003515625 0.7041015625 0.6383590375 0.6494140625 0.62990395 0.646484375 0.6362452656250001 0.646484375 0.6869757843750001 0.6474609375 0.68908955625 0.6845703125 0.6975446421875
1 0.7216796875 0.6933171 0.7353515625 0.6933171 0.73828125 0.6869757843750001 0.740234375 0.6573829812499999 0.740234375 0.6362452656250001 0.7392578125 0.63413149375 0.7216796875 0.62990395 0.7099609375 0.62990395 0.708984375 0.6320177218749999 0.70703125 0.6404728078125 0.70703125 0.6869757843750001 0.7080078125 0.68908955625 0.7216796875 0.6933171
1 0.7958984375 0.6933171 0.7998046875 0.6933171 0.80078125 0.6912033281250001 0.802734375 0.682748240625 0.8046875 0.6489278953125 0.8046875 0.6362452656250001 0.8037109375 0.63413149375 0.7978515625 0.62990395 0.7744140625 0.62567640625 0.7666015625 0.62567640625 0.765625 0.6277901781249999 0.763671875 0.6447003515625 0.763671875 0.682748240625 0.7646484375 0.6848620125 0.7958984375 0.6933171
1 0.7548828125 0.7059997296875 0.7578125 0.6996584140625 0.759765625 0.682748240625 0.759765625 0.6489278953125 0.7490234375 0.6425865796875 0.7412109375 0.6425865796875 0.740234375 0.6447003515625 0.73828125 0.6742931546875 0.73828125 0.695430871875 0.7451171875 0.7017721859375 0.7548828125 0.7059997296875
1 0.8271484375 0.6933171 0.8505859375 0.6933171 0.853515625 0.6869757843750001 0.85546875 0.6489278953125 0.85546875 0.6362452656250001 0.8544921875 0.63413149375 0.8330078125 0.62990395 0.8154296875 0.62990395 0.8125 0.6362452656250001 0.810546875 0.6658380687500001 0.810546875 0.6869757843750001 0.8115234375 0.68908955625 0.8271484375 0.6933171
1 0.9169921875 0.6806344703125 0.919921875 0.6742931546875 0.919921875 0.6277901781249999 0.9169921875 0.6214488640625 0.8837890625 0.62567640625 0.8828125 0.6277901781249999 0.8828125 0.6742931546875 0.8857421875 0.6806344703125 0.9169921875 0.6806344703125
1 0.9365234375 0.6933171 0.9375 0.6912033281250001 0.939453125 0.6404728078125 0.9365234375 0.62990395 0.9228515625 0.62990395 0.919921875 0.6362452656250001 0.919921875 0.6869757843750001 0.9228515625 0.6933171 0.9365234375 0.6933171
1 0.9775390625 0.655269209375 0.982421875 0.6489278953125 0.982421875 0.6024249187499999 0.9794921875 0.5960836031250001 0.9423828125 0.5960836031250001 0.939453125 0.6024249187499999 0.939453125 0.6531554390625 0.9404296875 0.655269209375 0.9775390625 0.655269209375
0 0.0390625 0.9321732953125 0.0458984375 0.946969696875 0.0810546875 0.946969696875 0.0966796875 0.942742153125 0.1123046875 0.9342870671875 0.115234375 0.9279457515624999 0.1171875 0.915263121875 0.177734375 0.395275296875 0.17578125 0.314951975 0.171875 0.27267654218750004 0.169921875 0.26422145625 0.1650390625 0.25788014062500003 0.0869140625 0.236742425 0.0478515625 0.236742425 0.0166015625 0.2409699671875 0.0126953125 0.24519751093750003 0.0078125 0.25576636875 0.005859375 0.26422145625 0.005859375 0.27267654218750004 0.037109375 0.9110355796875 0.0390625 0.9321732953125
0 0.275390625 0.8898978625 0.2822265625 0.9046942640625 0.2939453125 0.9046942640625 0.296875 0.8983529484374999 0.296875 0.8856703187500001 0.29296875 0.281131628125 0.2822265625 0.26633522656249997 0.2744140625 0.262107684375 0.2392578125 0.25788014062500003 0.232421875 0.27267654218750004 0.234375 0.3318621484375 0.2734375 0.8729876890625 0.275390625 0.8898978625
0 0.3037109375 0.9046942640625 0.3193359375 0.9004667203125001 0.322265625 0.89412540625 0.322265625 0.8687601468749999 0.296875 0.314951975 0.2919921875 0.3001555734375 0.2646484375 0.3043831171875 0.263671875 0.3064968890625 0.263671875 0.3276346046875 0.296875 0.89412540625 0.3037109375 0.9046942640625
0 0.32421875 0.8898978625 0.326171875 0.8983529484374999 0.3310546875 0.9046942640625 0.3408203125 0.9046942640625 0.3505859375 0.9004667203125001 0.353515625 0.8898978625 0.380859375 0.6912033281250001 0.380859375 0.6658380687500001 0.365234375 0.26422145625 0.3623046875 0.25365259687499997 0.3466796875 0.236742425 0.3310546875 0.22405979375 0.3232421875 0.21983225156250003 0.2998046875 0.21983225156250003 0.294921875 0.23040110937499997 0.294921875 0.3022693453125 0.3203125 0.83916734375 0.32421875 0.8898978625
0 0.3681640625 0.9004667203125001 0.3740234375 0.9004667203125001 0.37890625 0.8856703187500001 0.4609375 0.31072443125000004 0.46484375 0.2769040859375 0.4619140625 0.2705627703125 0.4462890625 0.2705627703125 0.443359375 0.2769040859375 0.439453125 0.293814259375 0.38671875 0.6489278953125 0.353515625 0.8814427765625 0.353515625 0.8856703187500001 0.3564453125 0.892011634375 0.3681640625 0.9004667203125001
0 0.3896484375 0.883556546875 0.4013671875 0.883556546875 0.404296875 0.8772152328124999 0.505859375 0.2684489984375 0.5078125 0.2473112828125 0.5078125 0.20503585000000002 0.4990234375 0.1902394484375 0.4853515625 0.1817843609375 0.4765625 0.2092633921875 0.470703125 0.2388561953125 0.384765625 0.8349398000000001 0.380859375 0.864532603125 0.380859375 0.8729876890625 0.3837890625 0.8793290046875001 0.3896484375 0.883556546875
0 0.4306640625 0.8877840906250001 0.435546875 0.8729876890625 0.44140625 0.83916734375 0.517578125 0.31917951875 0.5146484375 0.312838203125 0.4970703125 0.2959280296875 0.4912109375 0.2959280296875 0.486328125 0.3064968890625 0.484375 0.314951975 0.419921875 0.7546164765625 0.40625 0.8518499734375 0.40625 0.8772152328124999 0.4169921875 0.8877840906250001 0.4306640625 0.8877840906250001
0 0.4560546875 0.8708739171875 0.4697265625 0.8793290046875001 0.4814453125 0.883556546875 0.4892578125 0.883556546875 0.4921875 0.8772152328124999 0.580078125 0.31917951875 0.587890625 0.25999391250000004 0.587890625 0.25576636875 0.5849609375 0.2494250546875 0.5693359375 0.236742425 0.5419921875 0.21983225156250003 0.5361328125 0.22405979375 0.533203125 0.23040110937499997 0.513671875 0.340317234375 0.4453125 0.801119453125 0.44140625 0.8349398000000001 0.44140625 0.8560775156249999 0.4423828125 0.8581912875000001 0.4560546875 0.8708739171875
0 0.5419921875 0.8751014609375 0.5537109375 0.8793290046875001 0.5615234375 0.8793290046875001 0.564453125 0.8729876890625 0.640625 0.3656824953125 0.654296875 0.25576636875 0.65234375 0.24308373906249997 0.6494140625 0.236742425 0.6298828125 0.21983225156250003 0.6064453125 0.20714962187500002 0.6025390625 0.20714962187500002 0.595703125 0.2219460234375 0.58984375 0.2473112828125 0.5078125 0.809574540625 0.505859375 0.83071225625 0.505859375 0.8476224296874999 0.5068359375 0.8497362015625001 0.5419921875 0.8751014609375
0 0.6455078125 0.8793290046875001 0.6884765625 0.8793290046875001 0.6923828125 0.8751014609375 0.6953125 0.864532603125 0.732421875 0.20503585000000002 0.732421875 0.1838981328125 0.7294921875 0.17755681875 0.6669921875 0.16910173125 0.662109375 0.175443046875 0.65625 0.20503585000000002 0.62109375 0.8476224296874999 0.6240234375 0.86241883125 0.6318359375 0.8708739171875 0.6455078125 0.8793290046875001
0 0.7216796875 0.8751014609375 0.7265625 0.8687601468749999 0.728515625 0.860305059375 0.73046875 0.83916734375 0.763671875 0.24308373906249997 0.763671875 0.2134909359375 0.7568359375 0.202922078125 0.7490234375 0.198694534375 0.7392578125 0.198694534375 0.734375 0.20503585000000002 0.73046875 0.2219460234375 0.716796875 0.458688446875 0.697265625 0.8222571703125 0.697265625 0.864532603125 0.7021484375 0.8708739171875 0.7216796875 0.8751014609375
0 0.7451171875 0.8708739171875 0.75 0.8560775156249999 0.775390625 0.4333231875 0.7890625 0.1923532203125 0.7890625 0.175443046875 0.7861328125 0.16910173125 0.7744140625 0.1648741890625 0.7568359375 0.173329275 0.7529296875 0.17755681875 0.748046875 0.1881256765625 0.73046875 0.83071225625 0.73046875 0.864532603125 0.7353515625 0.8708739171875 0.7451171875 0.8708739171875
0 0.7685546875 0.8708739171875 0.7880859375 0.8708739171875 0.791015625 0.864532603125 0.79296875 0.8518499734375 0.83203125 0.1838981328125 0.83203125 0.1543053296875 0.8251953125 0.147964015625 0.7958984375 0.143736471875 0.7841796875 0.1521915578125 0.779296875 0.1585328734375 0.751953125 0.83071225625 0.751953125 0.8560775156249999 0.7548828125 0.86241883125 0.7685546875 0.8708739171875
0 0.8408203125 0.86241883125 0.84375 0.8560775156249999 0.845703125 0.8433948859375 0.880859375 0.20080830624999998 0.880859375 0.1627604171875 0.8740234375 0.1521915578125 0.8603515625 0.147964015625 0.8408203125 0.147964015625 0.833984375 0.1585328734375 0.82421875 0.3234070609375 0.8046875 0.7038859578125 0.798828125 0.8518499734375 0.8017578125 0.8581912875000001 0.8095703125 0.86241883125 0.8408203125 0.86241883125
0 0.9150390625 0.8581912875000001 0.91796875 0.8518499734375 0.919921875 0.83071225625 0.923828125 0.23040110937499997 0.923828125 0.1627604171875 0.9208984375 0.1521915578125 0.8876953125 0.1521915578125 0.8828125 0.1585328734375 0.880859375 0.28535917187500004 0.87890625 0.8560775156249999 0.8857421875 0.86241883125 0.9091796875 0.86241883125 0.9150390625 0.8581912875000001
0 0.9365234375 0.8497362015625001 0.9375 0.8476224296874999 0.939453125 0.809574540625 0.9375 0.23040110937499997 0.9326171875 0.21983225156250003 0.9248046875 0.21983225156250003 0.923828125 0.2219460234375 0.921875 0.281131628125 0.919921875 0.49250879375 0.919921875 0.8433948859375 0.9228515625 0.8497362015625001 0.9365234375 0.8497362015625001
0 0.9443359375 0.8497362015625001 0.9521484375 0.8539637453125 0.9677734375 0.8539637453125 0.9775390625 0.8497362015625001 0.98046875 0.8433948859375 0.982421875 0.5897422890625 0.982421875 0.09089218125000001 0.98046875 0.0739820078125 0.9775390625 0.06764069218749999 0.9462890625 0.06764069218749999 0.94140625 0.07820955156250001 0.939453125 0.107802353125 0.939453125 0.6912033281250001 0.94140625 0.8433948859375 0.9443359375 0.8497362015625001