1 0.0361328125 0.6172213203125 0.0390625 0.6066524624999999 0.04296875 0.5516943999999999 0.0400390625 0.5453530843750001 0.0107421875 0.5453530843750001 0.0078125 0.5559219421875 0.005859375 0.5770596593749999 0.00390625 0.6024249187499999 0.00390625 0.6151075484375 0.0048828125 0.6172213203125 0.0361328125 0.6172213203125
1 0.0673828125 0.6129937765625 0.072265625 0.572832115625 0.072265625 0.54746685625 0.0693359375 0.541125540625 0.0517578125 0.5368979984375 0.0458984375 0.5368979984375 0.04296875 0.54746685625 0.0390625 0.5897422890625 0.0390625 0.6108800046875 0.0400390625 0.6129937765625 0.0673828125 0.6129937765625
1 0.1201171875 0.6172213203125 0.123046875 0.6108800046875 0.126953125 0.5601494859375 0.126953125 0.5516943999999999 0.1240234375 0.5453530843750001 0.0751953125 0.5453530843750001 0.072265625 0.5643770296875 0.0703125 0.5855147453125 0.0703125 0.6151075484375 0.0712890625 0.6172213203125 0.1201171875 0.6172213203125
1 0.1689453125 0.6172213203125 0.1728515625 0.6172213203125 0.173828125 0.6151075484375 0.17578125 0.6066524624999999 0.177734375 0.581287203125 0.177734375 0.5516943999999999 0.1767578125 0.549580628125 0.1630859375 0.5368979984375 0.1474609375 0.5326704546875 0.1298828125 0.5326704546875 0.126953125 0.54746685625 0.125 0.5770596593749999 0.125 0.6066524624999999 0.1259765625 0.608766234375 0.1689453125 0.6172213203125
1 0.2392578125 0.655269209375 0.2587890625 0.6764069265625 0.265625 0.6658380687500001 0.27734375 0.6277901781249999 0.27734375 0.6151075484375 0.2724609375 0.604538690625 0.2333984375 0.5580357140625 0.2294921875 0.5580357140625 0.21875 0.5897422890625 0.212890625 0.6108800046875 0.212890625 0.6193350921875 0.2158203125 0.62567640625 0.2392578125 0.655269209375
1 0.3681640625 0.6510416671875 0.3740234375 0.6510416671875 0.376953125 0.6447003515625 0.388671875 0.598197375 0.388671875 0.5897422890625 0.3876953125 0.5876285171875 0.3818359375 0.57917343125 0.3408203125 0.5368979984375 0.3388671875 0.5368979984375 0.33203125 0.5559219421875 0.322265625 0.5897422890625 0.322265625 0.598197375 0.3251953125 0.604538690625 0.3681640625 0.6510416671875
1 0.5908203125 0.6468141234375 0.6142578125 0.6468141234375 0.615234375 0.6447003515625 0.615234375 0.5855147453125 0.6123046875 0.57917343125 0.5732421875 0.5707183437500001 0.5634765625 0.5707183437500001 0.55859375 0.5770596593749999 0.556640625 0.598197375 0.556640625 0.6362452656250001 0.5595703125 0.6425865796875 0.5908203125 0.6468141234375
1 0.5498046875 0.659496753125 0.55078125 0.6573829812499999 0.552734375 0.6489278953125 0.552734375 0.5939698328125 0.5517578125 0.5918560609375 0.5400390625 0.5876285171875 0.5107421875 0.5876285171875 0.5078125 0.5939698328125 0.505859375 0.6066524624999999 0.505859375 0.6573829812499999 0.5068359375 0.659496753125 0.5498046875 0.659496753125
1 0.6494140625 0.6510416671875 0.65234375 0.6447003515625 0.65234375 0.581287203125 0.6513671875 0.57917343125 0.6201171875 0.57917343125 0.619140625 0.581287203125 0.6171875 0.6447003515625 0.6181640625 0.6468141234375 0.6220703125 0.6510416671875 0.6494140625 0.6510416671875
1 0.6748046875 0.6468141234375 0.6884765625 0.6468141234375 0.689453125 0.6447003515625 0.689453125 0.5770596593749999 0.6884765625 0.5749458875 0.6748046875 0.5707183437500001 0.6552734375 0.5707183437500001 0.654296875 0.572832115625 0.654296875 0.6404728078125 0.6552734375 0.6425865796875 0.6748046875 0.6468141234375
1 0.7080078125 0.663724296875 0.7294921875 0.663724296875 0.73046875 0.6616105250000001 0.73046875 0.598197375 0.7294921875 0.5960836031250001 0.7197265625 0.5918560609375 0.6923828125 0.5876285171875 0.69140625 0.5897422890625 0.69140625 0.6573829812499999 0.6923828125 0.659496753125 0.7080078125 0.663724296875
1 0.7333984375 0.6510416671875 0.7646484375 0.655269209375 0.767578125 0.6489278953125 0.767578125 0.6151075484375 0.765625 0.5897422890625 0.7626953125 0.5834009734375 0.7490234375 0.57917343125 0.7333984375 0.57917343125 0.73046875 0.5855147453125 0.73046875 0.6235626359374999 0.732421875 0.6489278953125 0.7333984375 0.6510416671875
1 0.8388671875 0.655269209375 0.8642578125 0.655269209375 0.865234375 0.6531554390625 0.865234375 0.5939698328125 0.8623046875 0.5834009734375 0.7939453125 0.5707183437500001 0.791015625 0.5770596593749999 0.791015625 0.6404728078125 0.7939453125 0.6468141234375 0.8388671875 0.655269209375
1 0.9443359375 0.663724296875 0.9453125 0.6616105250000001 0.9453125 0.6235626359374999 0.943359375 0.598197375 0.9384765625 0.5918560609375 0.8798828125 0.5918560609375 0.8662109375 0.5960836031250001 0.865234375 0.598197375 0.865234375 0.6573829812499999 0.8681640625 0.663724296875 0.9443359375 0.663724296875
0 0 0.83916734375 0.0009765625 0.8412811140625 0.0166015625 0.8412811140625 0.021484375 0.8138020828125001 0.076171875 0.175443046875 0.08203125 0.0951197234375 0.0791015625 0.0760957796875 0.0615234375 0.0760957796875 0.0556640625 0.08032332187499999 0.0498046875 0.088778409375 0.046875 0.0993472671875 0.00390625 0.598197375 0 0.6447003515625 0 0.83916734375
0 0.0400390625 0.8455086578125 0.048828125 0.83916734375 0.072265625 0.5770596593749999 0.109375 0.0993472671875 0.111328125 0.061299378125000005 0.1064453125 0.050730518749999995 0.0966796875 0.050730518749999995 0.0908203125 0.0549580625 0.0859375 0.0655269203125 0.083984375 0.0739820078125 0.080078125 0.107802353125 0.021484375 0.7842092796875 0.01953125 0.809574540625 0.01953125 0.83916734375 0.0205078125 0.8412811140625 0.0400390625 0.8455086578125
0 0.1005859375 0.8497362015625001 0.103515625 0.8433948859375 0.166015625 0.08243709375 0.166015625 0.0443892046875 0.1611328125 0.033820346875000004 0.1572265625 0.029592803125 0.1162109375 0.033820346875000004 0.11328125 0.040161660937499996 0.0546875 0.7630715640625 0.05078125 0.8138020828125001 0.05078125 0.83916734375 0.0537109375 0.8455086578125 0.1005859375 0.8497362015625001
0 0.1259765625 0.8497362015625001 0.1591796875 0.8497362015625001 0.1630859375 0.8455086578125 0.16796875 0.8349398000000001 0.279296875 0.40373038437500003 0.28125 0.3910477546875 0.291015625 0.2473112828125 0.2890625 0.234628653125 0.224609375 0.0739820078125 0.2041015625 0.029592803125 0.1728515625 0.029592803125 0.16796875 0.0443892046875 0.107421875 0.7884368234375 0.10546875 0.8180296265625 0.10546875 0.83916734375 0.1103515625 0.8455086578125 0.1259765625 0.8497362015625001
0 0.1884765625 0.8455086578125 0.1943359375 0.8497362015625001 0.2236328125 0.8539637453125 0.2353515625 0.8497362015625001 0.240234375 0.83916734375 0.419921875 0.1627604171875 0.427734375 0.12048498437499999 0.427734375 0.0951197234375 0.4248046875 0.088778409375 0.4150390625 0.0760957796875 0.3955078125 0.05918560625 0.3916015625 0.05918560625 0.384765625 0.0697544640625 0.158203125 0.7799817375 0.15625 0.7926643671875 0.15625 0.801119453125 0.1669921875 0.8201433984375001 0.1884765625 0.8455086578125
0 0.3173828125 0.8581912875000001 0.3291015625 0.86241883125 0.3544921875 0.8581912875000001 0.365234375 0.8433948859375 0.3984375 0.7419338468750001 0.427734375 0.6362452656250001 0.482421875 0.4164130140625 0.5078125 0.3022693453125 0.51171875 0.281131628125 0.513671875 0.234628653125 0.513671875 0.0993472671875 0.5068359375 0.084550865625 0.5009765625 0.0760957796875 0.4814453125 0.05918560625 0.4736328125 0.0549580625 0.4677734375 0.0549580625 0.46484375 0.061299378125000005 0.447265625 0.12048498437499999 0.400390625 0.293814259375 0.275390625 0.7672991078125 0.271484375 0.7884368234375 0.271484375 0.801119453125 0.2734375 0.809574540625 0.3173828125 0.8581912875000001
0 0.5458984375 0.8708739171875 0.548828125 0.8433948859375 0.55078125 0.7799817375 0.55859375 0.37413758124999996 0.560546875 0.251538825 0.560546875 0.0739820078125 0.5576171875 0.06341315 0.5478515625 0.05918560625 0.5244140625 0.05918560625 0.51953125 0.0697544640625 0.517578125 0.08243709375 0.515625 0.112029896875 0.501953125 0.7842092796875 0.501953125 0.864532603125 0.5048828125 0.8708739171875 0.5458984375 0.8708739171875
0 0.5712890625 0.8751014609375 0.6103515625 0.8751014609375 0.61328125 0.8687601468749999 0.615234375 0.77575419375 0.6171875 0.0739820078125 0.6103515625 0.06341315 0.5693359375 0.05918560625 0.564453125 0.0697544640625 0.5625 0.07820955156250001 0.5546875 0.6066524624999999 0.5546875 0.8687601468749999 0.5556640625 0.8708739171875 0.5712890625 0.8751014609375
0 0.6455078125 0.8793290046875001 0.65234375 0.8729876890625 0.65234375 0.07820955156250001 0.6474609375 0.06764069218749999 0.6240234375 0.06764069218749999 0.619140625 0.08243709375 0.6171875 0.11625744062500001 0.615234375 0.8729876890625 0.6162109375 0.8751014609375 0.6318359375 0.8793290046875001 0.6455078125 0.8793290046875001
0 0.65625 0.8729876890625 0.6572265625 0.8751014609375 0.6728515625 0.8793290046875001 0.6865234375 0.8793290046875001 0.69140625 0.8729876890625 0.693359375 0.8518499734375 0.685546875 0.1543053296875 0.68359375 0.07820955156250001 0.6806640625 0.0718682359375 0.6572265625 0.0718682359375 0.654296875 0.07820955156250001 0.65234375 0.0993472671875 0.65234375 0.462915990625 0.654296875 0.83071225625 0.65625 0.8729876890625
0 0.6953125 0.8729876890625 0.7021484375 0.883556546875 0.7275390625 0.883556546875 0.732421875 0.8772152328124999 0.732421875 0.6912033281250001 0.724609375 0.13739515625 0.72265625 0.07820955156250001 0.7080078125 0.06764069218749999 0.6884765625 0.06764069218749999 0.685546875 0.0739820078125 0.6875 0.4248681 0.69140625 0.7334787609375 0.6953125 0.8729876890625
0 0.7392578125 0.883556546875 0.7685546875 0.883556546875 0.771484375 0.8729876890625 0.771484375 0.77575419375 0.759765625 0.20503585000000002 0.755859375 0.107802353125 0.751953125 0.0866646375 0.7470703125 0.08032332187499999 0.7314453125 0.08032332187499999 0.7275390625 0.084550865625 0.724609375 0.09089218125000001 0.724609375 0.2388561953125 0.734375 0.8687601468749999 0.7392578125 0.883556546875
0 0.7744140625 0 0.7646484375 0.008455085937499999 0.751953125 0.035934117187499996 0.7421875 0.061299378125000005 0.7421875 0.0739820078125 0.7734375 0.8560775156249999 0.775390625 0.8772152328124999 0.7783203125 0.883556546875 0.7919921875 0.8877840906250001 0.8662109375 0.8877840906250001 0.869140625 0.8814427765625 0.861328125 0.0105688578125 0.8583984375 0 0.7744140625 0
0 0.87109375 0.8814427765625 0.8759765625 0.8877840906250001 0.9013671875 0.892011634375 0.9560546875 0.892011634375 0.9609375 0.8814427765625 0.9609375 0.864532603125 0.9453125 0.47559862031250005 0.92578125 0.0655269203125 0.923828125 0.052844290625 0.9189453125 0.0422754328125 0.8955078125 0.0422754328125 0.8662109375 0.0465029765625 0.861328125 0.057071834375 0.861328125 0.31072443125000004 0.8671875 0.860305059375 0.87109375 0.8814427765625