1 0.1435546875 0.6721793828125 0.1591796875 0.6721793828125 0.1923828125 0.659496753125 0.19921875 0.6531554390625 0.19921875 0.598197375 0.1962890625 0.5918560609375 0.1513671875 0.604538690625 0.1435546875 0.608766234375 0.140625 0.6151075484375 0.140625 0.6320177218749999 0.142578125 0.6700656109375001 0.1435546875 0.6721793828125
1 0.2275390625 0.655269209375 0.2412109375 0.6510416671875 0.25 0.6447003515625 0.25 0.5897422890625 0.2490234375 0.5876285171875 0.2001953125 0.5918560609375 0.19921875 0.5939698328125 0.19921875 0.6489278953125 0.2021484375 0.655269209375 0.2275390625 0.655269209375
1 0.2822265625 0.63413149375 0.3017578125 0.62990395 0.30859375 0.6193350921875 0.30859375 0.572832115625 0.3056640625 0.5664908015625 0.2607421875 0.5749458875 0.2578125 0.581287203125 0.2578125 0.6320177218749999 0.2587890625 0.63413149375 0.2822265625 0.63413149375
1 0.3310546875 0.6214488640625 0.3466796875 0.6172213203125 0.34765625 0.6151075484375 0.34765625 0.5643770296875 0.3466796875 0.5622632578125 0.3115234375 0.5622632578125 0.30859375 0.568604571875 0.30859375 0.6193350921875 0.3095703125 0.6214488640625 0.3310546875 0.6214488640625
1 0.3779296875 0.62567640625 0.3916015625 0.6214488640625 0.39453125 0.6151075484375 0.39453125 0.568604571875 0.3935546875 0.5664908015625 0.3779296875 0.5664908015625 0.3544921875 0.5707183437500001 0.353515625 0.572832115625 0.353515625 0.6235626359374999 0.3544921875 0.62567640625 0.3779296875 0.62567640625
1 0.4365234375 0.608766234375 0.439453125 0.6024249187499999 0.439453125 0.5559219421875 0.4384765625 0.5538081703125 0.3994140625 0.5580357140625 0.396484375 0.5643770296875 0.396484375 0.6151075484375 0.3974609375 0.6172213203125 0.4365234375 0.608766234375
1 0.4716796875 0.608766234375 0.4912109375 0.604538690625 0.494140625 0.598197375 0.494140625 0.5601494859375 0.4912109375 0.5538081703125 0.4462890625 0.5580357140625 0.4453125 0.5601494859375 0.4453125 0.6066524624999999 0.4462890625 0.608766234375 0.4716796875 0.608766234375
1 0.5205078125 0.600311146875 0.53125 0.5939698328125 0.533203125 0.5516943999999999 0.5302734375 0.5453530843750001 0.4951171875 0.549580628125 0.494140625 0.5516943999999999 0.494140625 0.598197375 0.4951171875 0.600311146875 0.5205078125 0.600311146875
1 0.5595703125 0.5960836031250001 0.56640625 0.5897422890625 0.56640625 0.54746685625 0.5654296875 0.5453530843750001 0.5380859375 0.5453530843750001 0.537109375 0.54746685625 0.537109375 0.5939698328125 0.5380859375 0.5960836031250001 0.5595703125 0.5960836031250001
1 0.5986328125 0.5960836031250001 0.6015625 0.5897422890625 0.603515625 0.5770596593749999 0.603515625 0.54746685625 0.6025390625 0.5453530843750001 0.5849609375 0.5453530843750001 0.5732421875 0.549580628125 0.572265625 0.5516943999999999 0.572265625 0.5939698328125 0.5732421875 0.5960836031250001 0.5986328125 0.5960836031250001
1 0.6240234375 0.5918560609375 0.6455078125 0.5876285171875 0.6484375 0.581287203125 0.6484375 0.53901176875 0.6474609375 0.5368979984375 0.6201171875 0.541125540625 0.6083984375 0.5453530843750001 0.607421875 0.54746685625 0.607421875 0.5897422890625 0.6083984375 0.5918560609375 0.6240234375 0.5918560609375
1 0.6923828125 0.5876285171875 0.697265625 0.581287203125 0.697265625 0.53901176875 0.6962890625 0.5368979984375 0.6591796875 0.541125540625 0.658203125 0.5432393125 0.65625 0.5601494859375 0.65625 0.5855147453125 0.6572265625 0.5876285171875 0.6923828125 0.5876285171875
1 0.7138671875 0.5834009734375 0.71875 0.5770596593749999 0.720703125 0.5643770296875 0.720703125 0.53901176875 0.7197265625 0.5368979984375 0.6982421875 0.5368979984375 0.697265625 0.53901176875 0.697265625 0.581287203125 0.6982421875 0.5834009734375 0.7138671875 0.5834009734375
1 0.7421875 0.568604571875 0.7421875 0.5347842265625 0.7412109375 0.5326704546875 0.7216796875 0.5326704546875 0.720703125 0.5347842265625 0.71875 0.572832115625 0.7216796875 0.57917343125 0.7392578125 0.57917343125 0.7421875 0.568604571875
1 0.7666015625 0.57917343125 0.771484375 0.5643770296875 0.771484375 0.5347842265625 0.7705078125 0.5326704546875 0.7490234375 0.5326704546875 0.74609375 0.53901176875 0.74609375 0.572832115625 0.7509765625 0.57917343125 0.7666015625 0.57917343125
1 0.798828125 0.572832115625 0.80078125 0.5516943999999999 0.80078125 0.5347842265625 0.7998046875 0.5326704546875 0.7802734375 0.5326704546875 0.779296875 0.5347842265625 0.77734375 0.572832115625 0.7802734375 0.57917343125 0.7958984375 0.57917343125 0.798828125 0.572832115625
1 0.8056640625 0.57917343125 0.8173828125 0.57917343125 0.8251953125 0.5749458875 0.828125 0.568604571875 0.828125 0.5347842265625 0.8271484375 0.5326704546875 0.8037109375 0.5326704546875 0.802734375 0.5347842265625 0.80078125 0.5643770296875 0.80078125 0.572832115625 0.8017578125 0.5749458875 0.8056640625 0.57917343125
1 0.8408203125 0.5707183437500001 0.845703125 0.5559219421875 0.845703125 0.5263291390625 0.8447265625 0.5242153671875001 0.8330078125 0.5242153671875001 0.8291015625 0.5284429109375 0.828125 0.5305566828125 0.828125 0.568604571875 0.8291015625 0.5707183437500001 0.8408203125 0.5707183437500001
0 0.1396484375 0.8751014609375 0.1455078125 0.8793290046875001 0.1552734375 0.8793290046875001 0.1943359375 0.8497362015625001 0.201171875 0.83916734375 0.201171875 0.6404728078125 0.197265625 0.1416227 0.1953125 0.12048498437499999 0.1884765625 0.1014610390625 0.1337890625 0.088778409375 0.1298828125 0.088778409375 0.126953125 0.0951197234375 0.125 0.10357481093750001 0.125 0.112029896875 0.12890625 0.8560775156249999 0.1396484375 0.8751014609375
0 0.2041015625 0.8455086578125 0.2177734375 0.8539637453125 0.2353515625 0.8497362015625001 0.2470703125 0.832826028125 0.251953125 0.8180296265625 0.251953125 0.3825926671875 0.25 0.12048498437499999 0.2470703125 0.11414366875 0.2333984375 0.109916125 0.2001953125 0.1056885828125 0.197265625 0.112029896875 0.1953125 0.12048498437499999 0.1953125 0.226173565625 0.201171875 0.83916734375 0.2041015625 0.8455086578125
0 0.2587890625 0.8159158546875 0.2919921875 0.8159158546875 0.2998046875 0.8074607687500001 0.30859375 0.7884368234375 0.310546875 0.7588440203125 0.30859375 0.1416227 0.3056640625 0.1352813859375 0.2998046875 0.1310538421875 0.2744140625 0.12682629843749998 0.2626953125 0.12682629843749998 0.251953125 0.1331676140625 0.25 0.14585024375 0.251953125 0.7377063046875 0.25390625 0.809574540625 0.2587890625 0.8159158546875
0 0.3115234375 0.7905505953125 0.3310546875 0.7905505953125 0.3427734375 0.7863230515625 0.34765625 0.77152665 0.3515625 0.27267654218750004 0.3515625 0.1416227 0.3486328125 0.1352813859375 0.3427734375 0.1310538421875 0.3154296875 0.1310538421875 0.310546875 0.13739515625 0.30859375 0.36145495156249996 0.30859375 0.6531554390625 0.310546875 0.7884368234375 0.3115234375 0.7905505953125
0 0.3583984375 0.7947781390624999 0.3740234375 0.7947781390624999 0.3857421875 0.7905505953125 0.3896484375 0.7863230515625 0.392578125 0.77575419375 0.400390625 0.27267654218750004 0.400390625 0.14585024375 0.3974609375 0.139508928125 0.3564453125 0.1352813859375 0.353515625 0.14585024375 0.3515625 0.24308373906249997 0.34765625 0.6362452656250001 0.34765625 0.77575419375 0.3525390625 0.7905505953125 0.3583984375 0.7947781390624999
0 0.4365234375 0.7651853359375 0.4375 0.7630715640625 0.439453125 0.72079613125 0.44140625 0.6404728078125 0.447265625 0.27267654218750004 0.447265625 0.171215503125 0.4423828125 0.1606466453125 0.4365234375 0.1564191015625 0.4052734375 0.1564191015625 0.400390625 0.175443046875 0.39453125 0.581287203125 0.392578125 0.7672991078125 0.3955078125 0.7736404218749999 0.4248046875 0.7736404218749999 0.4365234375 0.7651853359375
0 0.4833984375 0.7609577921875 0.48828125 0.750388934375 0.494140625 0.598197375 0.501953125 0.1923532203125 0.501953125 0.175443046875 0.4990234375 0.1648741890625 0.4599609375 0.1564191015625 0.4560546875 0.1564191015625 0.451171875 0.1627604171875 0.44921875 0.1923532203125 0.447265625 0.26422145625 0.44140625 0.5432393125 0.439453125 0.7588440203125 0.4423828125 0.7651853359375 0.4716796875 0.7651853359375 0.4833984375 0.7609577921875
0 0.5263671875 0.7482751624999999 0.53125 0.7377063046875 0.54296875 0.20080830624999998 0.5380859375 0.17755681875 0.5205078125 0.16910173125 0.5048828125 0.16910173125 0.501953125 0.175443046875 0.5 0.1965807625 0.48828125 0.7419338468750001 0.4912109375 0.75250270625 0.5166015625 0.75250270625 0.5263671875 0.7482751624999999
0 0.5595703125 0.74404761875 0.564453125 0.7292512171875 0.578125 0.21771847968750002 0.578125 0.1838981328125 0.5732421875 0.173329275 0.5458984375 0.173329275 0.54296875 0.1838981328125 0.5390625 0.3022693453125 0.53515625 0.4798261640625 0.53125 0.6700656109375001 0.53125 0.7377063046875 0.5341796875 0.74404761875 0.5595703125 0.74404761875
0 0.5751953125 0.74404761875 0.5947265625 0.739820075 0.599609375 0.725023675 0.603515625 0.6108800046875 0.61328125 0.2388561953125 0.61328125 0.1796705890625 0.6103515625 0.173329275 0.5966796875 0.16910173125 0.5830078125 0.16910173125 0.578125 0.1838981328125 0.56640625 0.6193350921875 0.564453125 0.72079613125 0.564453125 0.7292512171875 0.56640625 0.7377063046875 0.5751953125 0.74404761875
0 0.6337890625 0.7355925328125 0.6396484375 0.7313649890625 0.64453125 0.72079613125 0.646484375 0.7038859578125 0.662109375 0.2092633921875 0.662109375 0.1923532203125 0.6591796875 0.1860119046875 0.6181640625 0.1817843609375 0.615234375 0.1881256765625 0.61328125 0.2092633921875 0.6015625 0.6320177218749999 0.599609375 0.725023675 0.6025390625 0.7313649890625 0.6083984375 0.7355925328125 0.6337890625 0.7355925328125
0 0.6611328125 0.7355925328125 0.6826171875 0.7313649890625 0.6884765625 0.7271374453125 0.693359375 0.7165685875000001 0.708984375 0.2388561953125 0.708984375 0.1965807625 0.7041015625 0.1902394484375 0.6865234375 0.1860119046875 0.6650390625 0.1860119046875 0.662109375 0.1965807625 0.658203125 0.25999391250000004 0.650390625 0.5051914234375 0.646484375 0.6616105250000001 0.646484375 0.72079613125 0.6494140625 0.7271374453125 0.6611328125 0.7355925328125
0 0.7080078125 0.7229099031249999 0.716796875 0.7081135015625 0.734375 0.2134909359375 0.734375 0.1965807625 0.7314453125 0.1902394484375 0.7119140625 0.1902394484375 0.708984375 0.1965807625 0.697265625 0.5305566828125 0.693359375 0.6616105250000001 0.693359375 0.7165685875000001 0.6982421875 0.7229099031249999 0.7080078125 0.7229099031249999
0 0.7451171875 0.718682359375 0.7529296875 0.718682359375 0.7626953125 0.714454815625 0.765625 0.7081135015625 0.767578125 0.6785206984375 0.79296875 0.2092633921875 0.7900390625 0.202922078125 0.7802734375 0.198694534375 0.7626953125 0.198694534375 0.7578125 0.2134909359375 0.73828125 0.6320177218749999 0.736328125 0.6785206984375 0.736328125 0.7081135015625 0.7392578125 0.714454815625 0.7451171875 0.718682359375
0 0.736328125 0.7081135015625 0.7578125 0.226173565625 0.7578125 0.20080830624999998 0.7509765625 0.194466990625 0.7353515625 0.194466990625 0.734375 0.1965807625 0.732421875 0.2219460234375 0.71875 0.5643770296875 0.716796875 0.7081135015625 0.7197265625 0.714454815625 0.7294921875 0.714454815625 0.736328125 0.7081135015625
0 0.794921875 0.6996584140625 0.8203125 0.2219460234375 0.8203125 0.2092633921875 0.8173828125 0.202922078125 0.7958984375 0.198694534375 0.79296875 0.20503585000000002 0.787109375 0.25576636875 0.78515625 0.28535917187500004 0.76953125 0.598197375 0.765625 0.6996584140625 0.7705078125 0.7102272734375 0.7880859375 0.7102272734375 0.794921875 0.6996584140625
0 0.8154296875 0.7059997296875 0.8203125 0.695430871875 0.822265625 0.6869757843750001 0.849609375 0.24308373906249997 0.849609375 0.2134909359375 0.8447265625 0.20714962187500002 0.8251953125 0.202922078125 0.8203125 0.2092633921875 0.80859375 0.38682021093749996 0.796875 0.6024249187499999 0.794921875 0.6573829812499999 0.794921875 0.7038859578125 0.7958984375 0.7059997296875 0.8154296875 0.7059997296875
0 0.8369140625 0.68908955625 0.837890625 0.6869757843750001 0.865234375 0.21771847968750002 0.8642578125 0.2113771640625 0.8564453125 0.20714962187500002 0.8525390625 0.20714962187500002 0.84765625 0.2134909359375 0.830078125 0.4967363359375 0.8203125 0.6616105250000001 0.8203125 0.6869757843750001 0.8232421875 0.6933171 0.8369140625 0.68908955625