1 0.0107421875 0.6848620125 0.0380859375 0.6848620125 0.041015625 0.6785206984375 0.0390625 0.6362452656250001 0.0361328125 0.62990395 0.0068359375 0.62990395 0.005859375 0.6320177218749999 0.005859375 0.6489278953125 0.0078125 0.6785206984375 0.0107421875 0.6848620125
1 0.0634765625 0.6933171 0.076171875 0.6869757843750001 0.07421875 0.6362452656250001 0.0732421875 0.63413149375 0.0400390625 0.63413149375 0.0390625 0.6362452656250001 0.0390625 0.6658380687500001 0.0419921875 0.6933171 0.0634765625 0.6933171
1 0.0791015625 0.6975446421875 0.1005859375 0.6975446421875 0.1142578125 0.6933171 0.115234375 0.6912033281250001 0.11328125 0.6404728078125 0.1103515625 0.63413149375 0.0751953125 0.6383590375 0.07421875 0.6404728078125 0.07421875 0.6658380687500001 0.076171875 0.6912033281250001 0.0791015625 0.6975446421875
1 0.1181640625 0.7017721859375 0.1318359375 0.7017721859375 0.1494140625 0.6975446421875 0.15234375 0.6912033281250001 0.150390625 0.6404728078125 0.1494140625 0.6383590375 0.1162109375 0.6383590375 0.11328125 0.6447003515625 0.11328125 0.6700656109375001 0.115234375 0.695430871875 0.1181640625 0.7017721859375
1 0.1552734375 0.7017721859375 0.1708984375 0.7017721859375 0.1904296875 0.6975446421875 0.19140625 0.695430871875 0.19140625 0.6489278953125 0.1884765625 0.6383590375 0.1513671875 0.6383590375 0.150390625 0.6404728078125 0.150390625 0.682748240625 0.15234375 0.695430871875 0.1552734375 0.7017721859375
1 0.2001953125 0.714454815625 0.2119140625 0.714454815625 0.2294921875 0.7102272734375 0.23046875 0.7081135015625 0.23046875 0.6616105250000001 0.2275390625 0.6468141234375 0.1923828125 0.6425865796875 0.19140625 0.6447003515625 0.19140625 0.6869757843750001 0.1943359375 0.7102272734375 0.2001953125 0.714454815625
1 0.2568359375 0.7059997296875 0.26953125 0.6996584140625 0.26953125 0.6742931546875 0.267578125 0.6447003515625 0.2666015625 0.6425865796875 0.2314453125 0.6425865796875 0.23046875 0.6447003515625 0.23046875 0.6996584140625 0.2333984375 0.7059997296875 0.2568359375 0.7059997296875
1 0.3037109375 0.7059997296875 0.310546875 0.6996584140625 0.310546875 0.6489278953125 0.3095703125 0.6468141234375 0.2705078125 0.6468141234375 0.26953125 0.6489278953125 0.26953125 0.6996584140625 0.2724609375 0.7059997296875 0.3037109375 0.7059997296875
1 0.3154296875 0.718682359375 0.3564453125 0.718682359375 0.359375 0.71234104375 0.359375 0.6616105250000001 0.3564453125 0.655269209375 0.3134765625 0.659496753125 0.310546875 0.6658380687500001 0.310546875 0.6785206984375 0.3125 0.71234104375 0.3154296875 0.718682359375
1 0.3857421875 0.714454815625 0.388671875 0.7081135015625 0.388671875 0.6616105250000001 0.3857421875 0.655269209375 0.3603515625 0.655269209375 0.359375 0.6573829812499999 0.359375 0.7081135015625 0.3623046875 0.714454815625 0.3857421875 0.714454815625
1 0.4111328125 0.718682359375 0.412109375 0.7165685875000001 0.412109375 0.6700656109375001 0.4091796875 0.663724296875 0.3896484375 0.663724296875 0.388671875 0.6658380687500001 0.388671875 0.7165685875000001 0.3896484375 0.718682359375 0.4111328125 0.718682359375
1 0.4638671875 0.7229099031249999 0.466796875 0.7165685875000001 0.466796875 0.6700656109375001 0.4638671875 0.663724296875 0.4130859375 0.663724296875 0.412109375 0.6658380687500001 0.412109375 0.7165685875000001 0.4150390625 0.7229099031249999 0.4638671875 0.7229099031249999
1 0.5087890625 0.718682359375 0.51171875 0.71234104375 0.51171875 0.6658380687500001 0.5087890625 0.659496753125 0.4677734375 0.659496753125 0.466796875 0.6616105250000001 0.466796875 0.71234104375 0.4697265625 0.718682359375 0.5087890625 0.718682359375
1 0.5556640625 0.7355925328125 0.55859375 0.7292512171875 0.55859375 0.6742931546875 0.5576171875 0.6721793828125 0.5126953125 0.6721793828125 0.51171875 0.6742931546875 0.51171875 0.725023675 0.5146484375 0.739820075 0.5556640625 0.7355925328125
1 0.5615234375 0.718682359375 0.5830078125 0.718682359375 0.5859375 0.71234104375 0.5859375 0.6616105250000001 0.5849609375 0.659496753125 0.5615234375 0.659496753125 0.560546875 0.6616105250000001 0.55859375 0.6700656109375001 0.55859375 0.7081135015625 0.560546875 0.7165685875000001 0.5615234375 0.718682359375
1 0.5966796875 0.7229099031249999 0.6396484375 0.7229099031249999 0.6484375 0.7165685875000001 0.6484375 0.6658380687500001 0.6455078125 0.659496753125 0.5908203125 0.659496753125 0.587890625 0.6658380687500001 0.587890625 0.71234104375 0.5908203125 0.718682359375 0.5966796875 0.7229099031249999
1 0.7099609375 0.7229099031249999 0.716796875 0.7165685875000001 0.71875 0.6912033281250001 0.71875 0.6658380687500001 0.7158203125 0.659496753125 0.6572265625 0.663724296875 0.65625 0.6658380687500001 0.65625 0.7165685875000001 0.6591796875 0.7229099031249999 0.7099609375 0.7229099031249999
1 0.7412109375 0.7313649890625 0.7587890625 0.7313649890625 0.77734375 0.72079613125 0.77734375 0.6658380687500001 0.7763671875 0.663724296875 0.7275390625 0.6679518390625 0.724609375 0.6742931546875 0.724609375 0.72079613125 0.7275390625 0.7271374453125 0.7412109375 0.7313649890625
1 0.7822265625 0.7271374453125 0.8271484375 0.7271374453125 0.828125 0.725023675 0.830078125 0.7165685875000001 0.830078125 0.6658380687500001 0.8291015625 0.663724296875 0.7802734375 0.663724296875 0.779296875 0.6658380687500001 0.77734375 0.6912033281250001 0.77734375 0.72079613125 0.7783203125 0.7229099031249999 0.7822265625 0.7271374453125
1 0.8369140625 0.718682359375 0.8642578125 0.718682359375 0.8876953125 0.714454815625 0.888671875 0.71234104375 0.888671875 0.6573829812499999 0.8876953125 0.655269209375 0.8349609375 0.655269209375 0.83203125 0.6616105250000001 0.830078125 0.6869757843750001 0.830078125 0.71234104375 0.8310546875 0.714454815625 0.8369140625 0.718682359375
0 0 0.54746685625 0.017578125 0.8560775156249999 0.01953125 0.864532603125 0.0244140625 0.8708739171875 0.0458984375 0.8708739171875 0.048828125 0.860305059375 0.046875 0.7926643671875 0.01953125 0.2769040859375 0.017578125 0.251538825 0.0146484375 0.24519751093750003 0.0009765625 0.24519751093750003 0 0.2473112828125 0 0.54746685625
0 0.0537109375 0.8793290046875001 0.0771484375 0.8793290046875001 0.083984375 0.8687601468749999 0.083984375 0.8433948859375 0.056640625 0.2473112828125 0.0556640625 0.24519751093750003 0.0458984375 0.24519751093750003 0.0224609375 0.2494250546875 0.01953125 0.25576636875 0.017578125 0.2684489984375 0.048828125 0.8518499734375 0.05078125 0.8729876890625 0.0537109375 0.8793290046875001
0 0.1064453125 0.883556546875 0.1181640625 0.8793290046875001 0.123046875 0.8687601468749999 0.123046875 0.83916734375 0.095703125 0.25999391250000004 0.0927734375 0.2494250546875 0.0615234375 0.2494250546875 0.056640625 0.25576636875 0.0546875 0.2684489984375 0.083984375 0.8687601468749999 0.0888671875 0.883556546875 0.1064453125 0.883556546875
0 0.1279296875 0.883556546875 0.1552734375 0.883556546875 0.158203125 0.8772152328124999 0.15625 0.7842092796875 0.140625 0.37413758124999996 0.134765625 0.251538825 0.1318359375 0.24519751093750003 0.1220703125 0.24519751093750003 0.1044921875 0.2494250546875 0.0986328125 0.25365259687499997 0.095703125 0.25999391250000004 0.095703125 0.289586715625 0.123046875 0.8729876890625 0.1279296875 0.883556546875
0 0.16015625 0.8814427765625 0.1630859375 0.8877840906250001 0.1884765625 0.8877840906250001 0.1943359375 0.883556546875 0.197265625 0.8772152328124999 0.197265625 0.809574540625 0.17578125 0.2473112828125 0.1728515625 0.2409699671875 0.1572265625 0.2409699671875 0.1396484375 0.24519751093750003 0.134765625 0.25576636875 0.134765625 0.2684489984375 0.158203125 0.860305059375 0.16015625 0.8814427765625
0 0.201171875 0.8856703187500001 0.2060546875 0.892011634375 0.2255859375 0.892011634375 0.2314453125 0.8877840906250001 0.234375 0.8814427765625 0.234375 0.7926643671875 0.216796875 0.25576636875 0.2138671875 0.2494250546875 0.1806640625 0.2494250546875 0.17578125 0.25999391250000004 0.17578125 0.281131628125 0.19921875 0.8772152328124999 0.201171875 0.8856703187500001
0 0.2392578125 0.8877840906250001 0.2705078125 0.8877840906250001 0.275390625 0.8772152328124999 0.275390625 0.864532603125 0.259765625 0.25576636875 0.2548828125 0.24519751093750003 0.2373046875 0.24519751093750003 0.2197265625 0.2494250546875 0.216796875 0.25576636875 0.216796875 0.28535917187500004 0.236328125 0.8814427765625 0.2392578125 0.8877840906250001
0 0.26953125 0.6404728078125 0.2724609375 0.6468141234375 0.2978515625 0.6468141234375 0.3076171875 0.6425865796875 0.310546875 0.6362452656250001 0.310546875 0.6193350921875 0.3046875 0.3064968890625 0.302734375 0.26422145625 0.2998046875 0.2494250546875 0.2626953125 0.2494250546875 0.259765625 0.25576636875 0.259765625 0.3529998640625 0.263671875 0.5051914234375 0.26953125 0.6404728078125
0 0.31640625 0.8856703187500001 0.3232421875 0.9004667203125001 0.3564453125 0.892011634375 0.361328125 0.8814427765625 0.361328125 0.7588440203125 0.357421875 0.48405370625 0.353515625 0.251538825 0.349609375 0.20503585000000002 0.3466796875 0.198694534375 0.3154296875 0.202922078125 0.3125 0.2092633921875 0.3046875 0.234628653125 0.3046875 0.3572274078125 0.314453125 0.8349398000000001 0.31640625 0.8856703187500001
0 0.36328125 0.8898978625 0.3681640625 0.9004667203125001 0.3837890625 0.9004667203125001 0.390625 0.8898978625 0.41796875 0.1585328734375 0.4150390625 0.147964015625 0.3857421875 0.093005953125 0.3818359375 0.088778409375 0.3701171875 0.084550865625 0.3623046875 0.084550865625 0.3564453125 0.088778409375 0.3515625 0.0993472671875 0.3515625 0.20080830624999998 0.361328125 0.8222571703125 0.36328125 0.8898978625
0 0.3974609375 0.8877840906250001 0.4072265625 0.8877840906250001 0.4140625 0.8814427765625 0.408203125 0.171215503125 0.4072265625 0.16910173125 0.3876953125 0.16910173125 0.384765625 0.175443046875 0.384765625 0.3910477546875 0.390625 0.8814427765625 0.3974609375 0.8877840906250001
0 0.4140625 0.8983529484374999 0.4169921875 0.9046942640625 0.4306640625 0.9046942640625 0.4619140625 0.896239178125 0.46875 0.8898978625 0.4765625 0.226173565625 0.474609375 0.2092633921875 0.4697265625 0.198694534375 0.4658203125 0.194466990625 0.4091796875 0.198694534375 0.40625 0.20503585000000002 0.404296875 0.2134909359375 0.404296875 0.3276346046875 0.412109375 0.8433948859375 0.4140625 0.8983529484374999
0 0.470703125 0.8898978625 0.4755859375 0.9004667203125001 0.4814453125 0.9046942640625 0.5029296875 0.896239178125 0.5087890625 0.892011634375 0.51171875 0.8856703187500001 0.51171875 0.5432393125 0.509765625 0.28535917187500004 0.5048828125 0.2705627703125 0.4716796875 0.2705627703125 0.46484375 0.281131628125 0.462890625 0.293814259375 0.462890625 0.3234070609375 0.46875 0.8349398000000001 0.470703125 0.8898978625
0 0.5166015625 0.892011634375 0.5576171875 0.892011634375 0.560546875 0.8772152328124999 0.55859375 0.20503585000000002 0.556640625 0.1923532203125 0.5537109375 0.1860119046875 0.5380859375 0.1817843609375 0.5185546875 0.1860119046875 0.515625 0.1923532203125 0.513671875 0.20503585000000002 0.509765625 0.281131628125 0.51171875 0.8433948859375 0.513671875 0.8856703187500001 0.5166015625 0.892011634375
0 0.5615234375 0.892011634375 0.5849609375 0.892011634375 0.587890625 0.8856703187500001 0.587890625 0.20503585000000002 0.5859375 0.1923532203125 0.5830078125 0.1860119046875 0.5615234375 0.1860119046875 0.560546875 0.1881256765625 0.55859375 0.20503585000000002 0.55859375 0.7081135015625 0.560546875 0.8898978625 0.5615234375 0.892011634375
0 0.58984375 0.8898978625 0.5947265625 0.9004667203125001 0.6005859375 0.9046942640625 0.6318359375 0.9089218078125001 0.6455078125 0.896239178125 0.650390625 0.8814427765625 0.654296875 0.38682021093749996 0.654296875 0.2388561953125 0.6494140625 0.2282873375 0.6240234375 0.22405979375 0.6044921875 0.22405979375 0.5888671875 0.2282873375 0.5859375 0.234628653125 0.5859375 0.7968919109375 0.587890625 0.8814427765625 0.58984375 0.8898978625
0 0.7021484375 0.9046942640625 0.7099609375 0.9004667203125001 0.71484375 0.8898978625 0.71875 0.682748240625 0.72265625 0.344544778125 0.72265625 0.234628653125 0.7197265625 0.2282873375 0.6689453125 0.2282873375 0.65625 0.234628653125 0.654296875 0.48828125 0.65234375 0.8898978625 0.6572265625 0.9004667203125001 0.6650390625 0.9046942640625 0.7021484375 0.9046942640625
0 0.7333984375 0.91314935 0.7568359375 0.91314935 0.7666015625 0.9089218078125001 0.7705078125 0.9046942640625 0.7734375 0.8983529484374999 0.775390625 0.8814427765625 0.787109375 0.24308373906249997 0.78515625 0.23040110937499997 0.7822265625 0.22405979375 0.7294921875 0.22405979375 0.724609375 0.234628653125 0.72265625 0.3234070609375 0.716796875 0.8138020828125001 0.716796875 0.89412540625 0.7216796875 0.9046942640625 0.7333984375 0.91314935
0 0.7802734375 0.9004667203125001 0.7939453125 0.9089218078125001 0.8212890625 0.9089218078125001 0.8251953125 0.9046942640625 0.830078125 0.89412540625 0.845703125 0.20080830624999998 0.84375 0.1923532203125 0.8369140625 0.1817843609375 0.7939453125 0.1817843609375 0.7724609375 0.1860119046875 0.7333984375 0.202922078125 0.728515625 0.2134909359375 0.728515625 0.21771847968750002 0.775390625 0.8898978625 0.7802734375 0.9004667203125001
0 0.8427734375 0.9046942640625 0.8564453125 0.9046942640625 0.8759765625 0.9004667203125001 0.8828125 0.8898978625 0.884765625 0.8687601468749999 0.900390625 0.2684489984375 0.900390625 0.2473112828125 0.8955078125 0.236742425 0.8427734375 0.2409699671875 0.841796875 0.24308373906249997 0.8359375 0.378365125 0.828125 0.7292512171875 0.828125 0.77152665 0.83203125 0.89412540625 0.8427734375 0.9046942640625