1 0.1142578125 0.663724296875 0.1376953125 0.659496753125 0.138671875 0.6573829812499999 0.138671875 0.598197375 0.1376953125 0.5960836031250001 0.0830078125 0.5960836031250001 0.0751953125 0.600311146875 0.072265625 0.6066524624999999 0.072265625 0.6616105250000001 0.0732421875 0.663724296875 0.1142578125 0.663724296875
1 0.2001953125 0.6721793828125 0.203125 0.6658380687500001 0.203125 0.6066524624999999 0.2021484375 0.604538690625 0.1748046875 0.604538690625 0.1416015625 0.608766234375 0.138671875 0.6151075484375 0.138671875 0.6742931546875 0.1396484375 0.6764069265625 0.2001953125 0.6721793828125
1 0.2255859375 0.6806344703125 0.2685546875 0.6764069265625 0.26953125 0.6742931546875 0.26953125 0.6151075484375 0.2685546875 0.6129937765625 0.2587890625 0.608766234375 0.2060546875 0.608766234375 0.205078125 0.6108800046875 0.203125 0.6193350921875 0.203125 0.6785206984375 0.2041015625 0.6806344703125 0.2255859375 0.6806344703125
1 0.3369140625 0.6721793828125 0.33984375 0.6658380687500001 0.33984375 0.6066524624999999 0.3388671875 0.604538690625 0.2861328125 0.604538690625 0.2724609375 0.608766234375 0.26953125 0.6151075484375 0.26953125 0.6700656109375001 0.2724609375 0.6764069265625 0.3369140625 0.6721793828125
1 0.412109375 0.682748240625 0.4140625 0.6277901781249999 0.4111328125 0.6172213203125 0.3466796875 0.6172213203125 0.345703125 0.6193350921875 0.34375 0.6742931546875 0.3466796875 0.6848620125 0.4111328125 0.6848620125 0.412109375 0.682748240625
1 0.4853515625 0.6806344703125 0.486328125 0.6785206984375 0.48828125 0.6531554390625 0.48828125 0.6151075484375 0.4873046875 0.6129937765625 0.4208984375 0.608766234375 0.41796875 0.6151075484375 0.41796875 0.6785206984375 0.4189453125 0.6806344703125 0.4853515625 0.6806344703125
1 0.5048828125 0.6975446421875 0.5224609375 0.6975446421875 0.5576171875 0.6933171 0.55859375 0.6912033281250001 0.55859375 0.6320177218749999 0.5576171875 0.62990395 0.4931640625 0.62990395 0.4921875 0.6320177218749999 0.4921875 0.6912033281250001 0.4931640625 0.6933171 0.5048828125 0.6975446421875
1 0.6298828125 0.6848620125 0.630859375 0.682748240625 0.630859375 0.6193350921875 0.6298828125 0.6172213203125 0.5634765625 0.6172213203125 0.5625 0.6193350921875 0.5625 0.6785206984375 0.5654296875 0.6848620125 0.6298828125 0.6848620125
1 0.6416015625 0.6848620125 0.7041015625 0.6848620125 0.70703125 0.6785206984375 0.70703125 0.6193350921875 0.7021484375 0.6129937765625 0.6611328125 0.6129937765625 0.6376953125 0.6172213203125 0.63671875 0.6193350921875 0.63671875 0.6489278953125 0.638671875 0.6785206984375 0.6416015625 0.6848620125
1 0.7294921875 0.6764069265625 0.7978515625 0.6764069265625 0.80078125 0.6700656109375001 0.798828125 0.6108800046875 0.7978515625 0.608766234375 0.7294921875 0.608766234375 0.7265625 0.6151075484375 0.7265625 0.6447003515625 0.728515625 0.6742931546875 0.7294921875 0.6764069265625
1 0.8779296875 0.68908955625 0.87890625 0.6869757843750001 0.87890625 0.6447003515625 0.8759765625 0.6214488640625 0.8095703125 0.6172213203125 0.80859375 0.6193350921875 0.80859375 0.682748240625 0.8134765625 0.68908955625 0.8779296875 0.68908955625
0 0.072265625 0.8729876890625 0.0791015625 0.883556546875 0.1103515625 0.883556546875 0.1279296875 0.8793290046875001 0.134765625 0.8687601468749999 0.13671875 0.801119453125 0.140625 0.45023336093750005 0.140625 0.2219460234375 0.1396484375 0.21983225156250003 0.0791015625 0.21983225156250003 0.0703125 0.226173565625 0.068359375 0.234628653125 0.068359375 0.5939698328125 0.0703125 0.809574540625 0.072265625 0.8729876890625
0 0.1962890625 0.8793290046875001 0.201171875 0.864532603125 0.208984375 0.1965807625 0.2080078125 0.194466990625 0.1923828125 0.1902394484375 0.1591796875 0.1902394484375 0.1455078125 0.198694534375 0.142578125 0.20503585000000002 0.140625 0.226173565625 0.134765625 0.8687601468749999 0.1396484375 0.883556546875 0.1689453125 0.883556546875 0.1962890625 0.8793290046875001
0 0.2041015625 0.8877840906250001 0.2451171875 0.8877840906250001 0.2587890625 0.883556546875 0.265625 0.8729876890625 0.267578125 0.860305059375 0.26953125 0.7546164765625 0.271484375 0.2092633921875 0.2685546875 0.202922078125 0.2587890625 0.198694534375 0.2216796875 0.194466990625 0.2119140625 0.198694534375 0.208984375 0.20503585000000002 0.203125 0.6151075484375 0.201171875 0.864532603125 0.201171875 0.8729876890625 0.203125 0.8856703187500001 0.2041015625 0.8877840906250001
0 0.3271484375 0.892011634375 0.3349609375 0.8877840906250001 0.337890625 0.8687601468749999 0.34375 0.48405370625 0.345703125 0.1585328734375 0.3427734375 0.147964015625 0.2802734375 0.147964015625 0.2734375 0.1585328734375 0.271484375 0.1923532203125 0.26953125 0.37413758124999996 0.26953125 0.8814427765625 0.2744140625 0.892011634375 0.3271484375 0.892011634375
0 0.4052734375 0.896239178125 0.41015625 0.8856703187500001 0.412109375 0.8560775156249999 0.4140625 0.6785206984375 0.4140625 0.1331676140625 0.4111328125 0.12682629843749998 0.3623046875 0.12682629843749998 0.3486328125 0.1310538421875 0.345703125 0.13739515625 0.341796875 0.8814427765625 0.3466796875 0.892011634375 0.3603515625 0.896239178125 0.4052734375 0.896239178125
0 0.4423828125 0.9046942640625 0.4716796875 0.9046942640625 0.4814453125 0.9004667203125001 0.48828125 0.89412540625 0.48828125 0.5939698328125 0.486328125 0.1331676140625 0.4833984375 0.12259875468749999 0.4384765625 0.12682629843749998 0.4248046875 0.1310538421875 0.419921875 0.1416227 0.41796875 0.1500777875 0.4140625 0.8856703187500001 0.4189453125 0.896239178125 0.4267578125 0.9004667203125001 0.4423828125 0.9046942640625
0 0.5517578125 0.9046942640625 0.55859375 0.8983529484374999 0.55859375 0.5939698328125 0.556640625 0.1627604171875 0.552734375 0.1416227 0.5498046875 0.1352813859375 0.5283203125 0.1352813859375 0.5087890625 0.139508928125 0.4970703125 0.143736471875 0.490234375 0.1500777875 0.48828125 0.1585328734375 0.490234375 0.8856703187500001 0.5009765625 0.9046942640625 0.5517578125 0.9046942640625
0 0.564453125 0.8898978625 0.5673828125 0.896239178125 0.5791015625 0.9004667203125001 0.6240234375 0.9004667203125001 0.6298828125 0.896239178125 0.6328125 0.8898978625 0.6328125 0.6489278953125 0.630859375 0.289586715625 0.62890625 0.1331676140625 0.6259765625 0.12682629843749998 0.5615234375 0.12682629843749998 0.5576171875 0.1310538421875 0.556640625 0.1331676140625 0.556640625 0.314951975 0.5625 0.8687601468749999 0.564453125 0.8898978625
0 0.63671875 0.7546164765625 0.640625 0.89412540625 0.6435546875 0.9004667203125001 0.6533203125 0.9046942640625 0.6962890625 0.9046942640625 0.7080078125 0.9004667203125001 0.712890625 0.8898978625 0.712890625 0.7926643671875 0.70703125 0.3656824953125 0.703125 0.1627604171875 0.701171875 0.1500777875 0.6962890625 0.139508928125 0.6474609375 0.139508928125 0.6318359375 0.147964015625 0.630859375 0.1500777875 0.630859375 0.3234070609375 0.6328125 0.522101596875 0.63671875 0.7546164765625
0 0.71875 0.89412540625 0.7236328125 0.9046942640625 0.7275390625 0.9089218078125001 0.7958984375 0.9089218078125001 0.8076171875 0.9046942640625 0.810546875 0.89412540625 0.810546875 0.8687601468749999 0.802734375 0.12471252656250001 0.7978515625 0.11414366875 0.7744140625 0.109916125 0.7275390625 0.109916125 0.7119140625 0.11414366875 0.705078125 0.12471252656250001 0.703125 0.13739515625 0.703125 0.14585024375 0.716796875 0.8814427765625 0.71875 0.89412540625
0 0.810546875 0.8772152328124999 0.8125 0.8898978625 0.8154296875 0.896239178125 0.8310546875 0.9089218078125001 0.8427734375 0.91314935 0.8740234375 0.91314935 0.8779296875 0.9089218078125001 0.8828125 0.89412540625 0.884765625 0.8814427765625 0.884765625 0.8518499734375 0.8671875 0.13739515625 0.8623046875 0.12259875468749999 0.8564453125 0.1183712125 0.8076171875 0.1183712125 0.8046875 0.12894007031250002 0.802734375 0.1500777875 0.802734375 0.3656824953125 0.80859375 0.8138020828125001 0.810546875 0.8772152328124999