1 0.130859375 0.725023675 0.1328125 0.6912033281250001 0.1328125 0.682748240625 0.1318359375 0.6806344703125 0.0966796875 0.6764069265625 0.09375 0.682748240625 0.091796875 0.725023675 0.0947265625 0.7313649890625 0.1279296875 0.7313649890625 0.130859375 0.725023675
1 0.1767578125 0.739820075 0.1982421875 0.739820075 0.19921875 0.7377063046875 0.201171875 0.72079613125 0.201171875 0.6869757843750001 0.2001953125 0.6848620125 0.1708984375 0.6848620125 0.169921875 0.6869757843750001 0.169921875 0.7334787609375 0.1708984375 0.7355925328125 0.1767578125 0.739820075
1 0.16796875 0.7334787609375 0.169921875 0.7165685875000001 0.169921875 0.6869757843750001 0.1689453125 0.6848620125 0.1591796875 0.6806344703125 0.1337890625 0.6806344703125 0.1328125 0.682748240625 0.130859375 0.7292512171875 0.1337890625 0.7355925328125 0.1650390625 0.739820075 0.16796875 0.7334787609375
1 0.2353515625 0.739820075 0.236328125 0.7377063046875 0.23828125 0.725023675 0.23828125 0.6869757843750001 0.2373046875 0.6848620125 0.2060546875 0.6806344703125 0.203125 0.6869757843750001 0.201171875 0.695430871875 0.201171875 0.7377063046875 0.2021484375 0.739820075 0.2353515625 0.739820075
1 0.2470703125 0.74404761875 0.2744140625 0.74404761875 0.275390625 0.7419338468750001 0.275390625 0.6912033281250001 0.2744140625 0.68908955625 0.2666015625 0.6848620125 0.2412109375 0.6848620125 0.23828125 0.6912033281250001 0.23828125 0.7377063046875 0.2392578125 0.739820075 0.2470703125 0.74404761875
1 0.3095703125 0.74404761875 0.3125 0.7377063046875 0.314453125 0.6912033281250001 0.3115234375 0.6848620125 0.2783203125 0.6848620125 0.27734375 0.6869757843750001 0.275390625 0.7081135015625 0.275390625 0.7419338468750001 0.2763671875 0.74404761875 0.3095703125 0.74404761875
1 0.365234375 0.7419338468750001 0.3671875 0.6996584140625 0.3642578125 0.68908955625 0.3525390625 0.6848620125 0.3154296875 0.6848620125 0.314453125 0.6869757843750001 0.3125 0.7377063046875 0.3154296875 0.74404761875 0.3642578125 0.74404761875 0.365234375 0.7419338468750001
1 0.4130859375 0.7482751624999999 0.416015625 0.7419338468750001 0.41796875 0.7165685875000001 0.41796875 0.6996584140625 0.4130859375 0.6848620125 0.3701171875 0.6848620125 0.3671875 0.6912033281250001 0.365234375 0.7165685875000001 0.365234375 0.7377063046875 0.3681640625 0.74404761875 0.4130859375 0.7482751624999999
1 0.4326171875 0.74404761875 0.4736328125 0.74404761875 0.4765625 0.7377063046875 0.4765625 0.6869757843750001 0.4755859375 0.6848620125 0.4580078125 0.6806344703125 0.4208984375 0.6806344703125 0.419921875 0.682748240625 0.41796875 0.6912033281250001 0.41796875 0.7334787609375 0.4208984375 0.739820075 0.4326171875 0.74404761875
1 0.5126953125 0.75250270625 0.5419921875 0.75250270625 0.544921875 0.746161390625 0.544921875 0.6912033281250001 0.5439453125 0.68908955625 0.5146484375 0.6848620125 0.4892578125 0.6848620125 0.48828125 0.6869757843750001 0.486328125 0.695430871875 0.486328125 0.7419338468750001 0.4892578125 0.7482751624999999 0.5126953125 0.75250270625
1 0.5771484375 0.7482751624999999 0.578125 0.746161390625 0.578125 0.6869757843750001 0.5771484375 0.6848620125 0.5634765625 0.6806344703125 0.5517578125 0.6806344703125 0.548828125 0.6869757843750001 0.548828125 0.7419338468750001 0.5517578125 0.7482751624999999 0.5771484375 0.7482751624999999
1 0.6064453125 0.75250270625 0.6220703125 0.75250270625 0.623046875 0.750388934375 0.623046875 0.6869757843750001 0.6220703125 0.6848620125 0.5810546875 0.6848620125 0.580078125 0.6869757843750001 0.580078125 0.746161390625 0.5810546875 0.7482751624999999 0.6064453125 0.75250270625
1 0.6669921875 0.7567302484375 0.66796875 0.7546164765625 0.66796875 0.6996584140625 0.6650390625 0.68908955625 0.6259765625 0.6848620125 0.623046875 0.6912033281250001 0.623046875 0.7546164765625 0.6240234375 0.7567302484375 0.6669921875 0.7567302484375
1 0.7041015625 0.7651853359375 0.70703125 0.7588440203125 0.70703125 0.7377063046875 0.705078125 0.695430871875 0.7041015625 0.6933171 0.6943359375 0.68908955625 0.6708984375 0.68908955625 0.66796875 0.695430871875 0.66796875 0.7546164765625 0.6708984375 0.7609577921875 0.7041015625 0.7651853359375
1 0.7314453125 0.75250270625 0.7763671875 0.75250270625 0.77734375 0.750388934375 0.77734375 0.6869757843750001 0.7744140625 0.6806344703125 0.7099609375 0.6806344703125 0.708984375 0.682748240625 0.708984375 0.746161390625 0.7099609375 0.7482751624999999 0.7314453125 0.75250270625
1 0.8154296875 0.7313649890625 0.8955078125 0.7313649890625 0.8984375 0.725023675 0.8984375 0.6869757843750001 0.896484375 0.6573829812499999 0.8935546875 0.6510416671875 0.8134765625 0.655269209375 0.810546875 0.6616105250000001 0.810546875 0.7081135015625 0.8125 0.725023675 0.8154296875 0.7313649890625
0 0.125 0.864532603125 0.126953125 0.8264847124999999 0.150390625 0.3234070609375 0.150390625 0.289586715625 0.1474609375 0.2832454 0.1259765625 0.2832454 0.1123046875 0.28747294375 0.111328125 0.289586715625 0.109375 0.3022693453125 0.1015625 0.48405370625 0.0859375 0.8729876890625 0.0888671875 0.8793290046875001 0.1220703125 0.8793290046875001 0.125 0.864532603125
0 0.1572265625 0.883556546875 0.16015625 0.8772152328124999 0.162109375 0.860305059375 0.169921875 0.7038859578125 0.1875 0.25576636875 0.1875 0.23040110937499997 0.1826171875 0.22405979375 0.1806640625 0.22405979375 0.1611328125 0.2282873375 0.1552734375 0.23251488125000003 0.15234375 0.2388561953125 0.150390625 0.2769040859375 0.125 0.8433948859375 0.125 0.8772152328124999 0.1279296875 0.883556546875 0.1572265625 0.883556546875
0 0.2294921875 0.896239178125 0.232421875 0.8898978625 0.234375 0.8476224296874999 0.255859375 0.281131628125 0.255859375 0.2134909359375 0.2548828125 0.2113771640625 0.2431640625 0.20714962187500002 0.2236328125 0.2113771640625 0.22265625 0.2134909359375 0.220703125 0.2219460234375 0.21484375 0.36145495156249996 0.1953125 0.8433948859375 0.1953125 0.8856703187500001 0.1982421875 0.892011634375 0.2294921875 0.896239178125
0 0.193359375 0.8856703187500001 0.1953125 0.8729876890625 0.19921875 0.7884368234375 0.21875 0.28535917187500004 0.21875 0.2219460234375 0.2177734375 0.21983225156250003 0.2041015625 0.21983225156250003 0.1923828125 0.22405979375 0.189453125 0.23040110937499997 0.1640625 0.8138020828125001 0.162109375 0.8814427765625 0.1650390625 0.8877840906250001 0.1904296875 0.892011634375 0.193359375 0.8856703187500001
0 0.2685546875 0.9004667203125001 0.26953125 0.8983529484374999 0.275390625 0.7546164765625 0.291015625 0.27267654218750004 0.291015625 0.20080830624999998 0.2900390625 0.198694534375 0.2666015625 0.198694534375 0.2607421875 0.202922078125 0.2578125 0.2092633921875 0.255859375 0.2388561953125 0.234375 0.8180296265625 0.232421875 0.8898978625 0.2353515625 0.896239178125 0.2431640625 0.9004667203125001 0.2685546875 0.9004667203125001
0 0.3056640625 0.9089218078125001 0.30859375 0.9025804921875 0.322265625 0.4417782734375 0.328125 0.20080830624999998 0.328125 0.1923532203125 0.3251953125 0.1860119046875 0.3076171875 0.1860119046875 0.2958984375 0.1902394484375 0.29296875 0.1965807625 0.2890625 0.281131628125 0.2734375 0.7588440203125 0.26953125 0.8983529484374999 0.2724609375 0.9046942640625 0.2841796875 0.9089218078125001 0.3056640625 0.9089218078125001
0 0.3564453125 0.91737689375 0.3603515625 0.91314935 0.361328125 0.9110355796875 0.41796875 0.226173565625 0.4130859375 0.2113771640625 0.3935546875 0.1860119046875 0.3701171875 0.1606466453125 0.3544921875 0.1606466453125 0.3330078125 0.16910173125 0.328125 0.1796705890625 0.3125 0.7292512171875 0.30859375 0.9068080359374999 0.3134765625 0.91314935 0.3310546875 0.91737689375 0.3564453125 0.91737689375
0 0.412109375 0.9110355796875 0.416015625 0.746161390625 0.421875 0.2473112828125 0.419921875 0.2388561953125 0.4150390625 0.23251488125000003 0.3837890625 0.2409699671875 0.3779296875 0.24519751093750003 0.375 0.25999391250000004 0.365234375 0.7292512171875 0.36328125 0.9110355796875 0.3662109375 0.91737689375 0.4052734375 0.9216044374999999 0.412109375 0.9110355796875
0 0.4267578125 0.92583198125 0.4541015625 0.9300595234375001 0.4736328125 0.9300595234375001 0.478515625 0.923718209375 0.48046875 0.9110355796875 0.48828125 0.2473112828125 0.48828125 0.166987959375 0.4853515625 0.1606466453125 0.4658203125 0.1606466453125 0.4384765625 0.1648741890625 0.4306640625 0.16910173125 0.42578125 0.1796705890625 0.423828125 0.20080830624999998 0.41796875 0.695430871875 0.41796875 0.915263121875 0.4208984375 0.9216044374999999 0.4267578125 0.92583198125
0 0.4912109375 0.9300595234375001 0.5048828125 0.9342870671875 0.5439453125 0.9342870671875 0.546875 0.9279457515624999 0.56640625 0.12471252656250001 0.564453125 0.10357481093750001 0.560546875 0.09089218125000001 0.5517578125 0.0718682359375 0.5458984375 0.06764069218749999 0.5361328125 0.06764069218749999 0.5009765625 0.08032332187499999 0.4951171875 0.084550865625 0.490234375 0.0951197234375 0.486328125 0.695430871875 0.486328125 0.9068080359374999 0.48828125 0.923718209375 0.4912109375 0.9300595234375001
0 0.5732421875 0.942742153125 0.578125 0.9364008390624999 0.580078125 0.6531554390625 0.580078125 0.23040110937499997 0.5791015625 0.2282873375 0.5595703125 0.2282873375 0.5546875 0.234628653125 0.552734375 0.25576636875 0.548828125 0.6489278953125 0.546875 0.9279457515624999 0.5498046875 0.9385146109375 0.5595703125 0.942742153125 0.5732421875 0.942742153125
0 0.6611328125 0.9596523265625001 0.666015625 0.9490834687499999 0.66796875 0.9406283828124999 0.669921875 0.171215503125 0.66796875 0.1331676140625 0.6650390625 0.1183712125 0.6357421875 0.1183712125 0.6279296875 0.12259875468749999 0.625 0.1331676140625 0.623046875 0.944855925 0.6298828125 0.9554247828125 0.6435546875 0.9596523265625001 0.6611328125 0.9596523265625001
0 0.6787109375 0.9596523265625001 0.7060546875 0.9596523265625001 0.70703125 0.9575385546874999 0.70703125 0.71234104375 0.701171875 0.1881256765625 0.7001953125 0.1860119046875 0.6787109375 0.1860119046875 0.6708984375 0.1902394484375 0.66796875 0.1965807625 0.66796875 0.7799817375 0.669921875 0.9533110125 0.6787109375 0.9596523265625001