1 0.0654296875 0.75250270625 0.068359375 0.746161390625 0.068359375 0.72079613125 0.06640625 0.6912033281250001 0.0654296875 0.68908955625 0.0576171875 0.6848620125 0.0224609375 0.6848620125 0.021484375 0.6869757843750001 0.021484375 0.7419338468750001 0.0263671875 0.75250270625 0.0654296875 0.75250270625
1 0.0908203125 0.74404761875 0.1123046875 0.74404761875 0.11328125 0.7419338468750001 0.11328125 0.6996584140625 0.111328125 0.682748240625 0.1103515625 0.6806344703125 0.0908203125 0.6806344703125 0.08984375 0.682748240625 0.087890625 0.6912033281250001 0.087890625 0.7334787609375 0.08984375 0.7419338468750001 0.0908203125 0.74404761875
1 0.0869140625 0.7567302484375 0.08984375 0.750388934375 0.08984375 0.7038859578125 0.087890625 0.6912033281250001 0.0869140625 0.68908955625 0.0693359375 0.68908955625 0.068359375 0.6912033281250001 0.068359375 0.750388934375 0.0712890625 0.7567302484375 0.0869140625 0.7567302484375
1 0.1396484375 0.739820075 0.140625 0.7377063046875 0.140625 0.682748240625 0.1376953125 0.6764069265625 0.1220703125 0.6764069265625 0.1142578125 0.6806344703125 0.111328125 0.6869757843750001 0.11328125 0.7377063046875 0.1162109375 0.74404761875 0.1396484375 0.739820075
1 0.1455078125 0.7482751624999999 0.1865234375 0.7482751624999999 0.1875 0.746161390625 0.1875 0.6869757843750001 0.1845703125 0.6806344703125 0.1435546875 0.6848620125 0.140625 0.6912033281250001 0.140625 0.7165685875000001 0.142578125 0.7419338468750001 0.1455078125 0.7482751624999999
1 0.2353515625 0.7482751624999999 0.23828125 0.7419338468750001 0.23828125 0.6912033281250001 0.2353515625 0.6848620125 0.1904296875 0.6848620125 0.189453125 0.6869757843750001 0.189453125 0.7377063046875 0.1923828125 0.7482751624999999 0.2353515625 0.7482751624999999
1 0.2822265625 0.7567302484375 0.2880859375 0.75250270625 0.291015625 0.746161390625 0.291015625 0.695430871875 0.2880859375 0.68908955625 0.2529296875 0.68908955625 0.2392578125 0.6933171 0.23828125 0.695430871875 0.23828125 0.746161390625 0.2412109375 0.7567302484375 0.2822265625 0.7567302484375
1 0.3076171875 0.75250270625 0.3271484375 0.75250270625 0.333984375 0.746161390625 0.333984375 0.72079613125 0.33203125 0.6869757843750001 0.3291015625 0.6806344703125 0.2919921875 0.6806344703125 0.291015625 0.682748240625 0.291015625 0.7377063046875 0.2939453125 0.7482751624999999 0.3076171875 0.75250270625
1 0.3740234375 0.7482751624999999 0.380859375 0.7419338468750001 0.380859375 0.682748240625 0.3798828125 0.6806344703125 0.3349609375 0.6848620125 0.333984375 0.6869757843750001 0.333984375 0.746161390625 0.3349609375 0.7482751624999999 0.3740234375 0.7482751624999999
1 0.3857421875 0.74404761875 0.4267578125 0.74404761875 0.427734375 0.7419338468750001 0.4296875 0.7292512171875 0.427734375 0.6785206984375 0.4267578125 0.6764069265625 0.3837890625 0.6764069265625 0.380859375 0.682748240625 0.380859375 0.6912033281250001 0.3828125 0.7377063046875 0.3857421875 0.74404761875
1 0.4306640625 0.74404761875 0.4775390625 0.74404761875 0.478515625 0.7419338468750001 0.478515625 0.682748240625 0.4755859375 0.6764069265625 0.4287109375 0.6806344703125 0.427734375 0.682748240625 0.427734375 0.6912033281250001 0.4296875 0.7419338468750001 0.4306640625 0.74404761875
1 0.5068359375 0.7482751624999999 0.509765625 0.7419338468750001 0.509765625 0.7038859578125 0.5078125 0.682748240625 0.5068359375 0.6806344703125 0.4814453125 0.6806344703125 0.48046875 0.682748240625 0.48046875 0.7419338468750001 0.4833984375 0.7482751624999999 0.5068359375 0.7482751624999999
1 0.5380859375 0.7482751624999999 0.55078125 0.7419338468750001 0.55078125 0.682748240625 0.5498046875 0.6806344703125 0.5107421875 0.6806344703125 0.509765625 0.682748240625 0.509765625 0.7419338468750001 0.5126953125 0.7482751624999999 0.5380859375 0.7482751624999999
1 0.5927734375 0.7482751624999999 0.59765625 0.7419338468750001 0.59765625 0.682748240625 0.5966796875 0.6806344703125 0.5517578125 0.6848620125 0.55078125 0.6869757843750001 0.55078125 0.7377063046875 0.5537109375 0.7482751624999999 0.5927734375 0.7482751624999999
1 0.6376953125 0.7482751624999999 0.640625 0.7419338468750001 0.640625 0.6869757843750001 0.6396484375 0.6848620125 0.5986328125 0.6806344703125 0.59765625 0.682748240625 0.59765625 0.7419338468750001 0.6005859375 0.7482751624999999 0.6376953125 0.7482751624999999
1 0.6591796875 0.74404761875 0.6748046875 0.739820075 0.67578125 0.7377063046875 0.67578125 0.6785206984375 0.6748046875 0.6764069265625 0.6416015625 0.6764069265625 0.640625 0.6785206984375 0.640625 0.7334787609375 0.6435546875 0.739820075 0.6591796875 0.74404761875
1 0.7431640625 0.7355925328125 0.74609375 0.7292512171875 0.74609375 0.6700656109375001 0.7451171875 0.6679518390625 0.6806640625 0.6679518390625 0.6796875 0.6700656109375001 0.677734375 0.6785206984375 0.677734375 0.72079613125 0.6826171875 0.7355925328125 0.7431640625 0.7355925328125
1 0.7900390625 0.7355925328125 0.79296875 0.7292512171875 0.794921875 0.6912033281250001 0.794921875 0.6700656109375001 0.7939453125 0.6679518390625 0.7490234375 0.6679518390625 0.748046875 0.6700656109375001 0.748046875 0.7292512171875 0.7490234375 0.7313649890625 0.7900390625 0.7355925328125
1 0.8076171875 0.7229099031249999 0.8251953125 0.7229099031249999 0.828125 0.7165685875000001 0.828125 0.6573829812499999 0.8271484375 0.655269209375 0.7958984375 0.655269209375 0.794921875 0.6573829812499999 0.794921875 0.7165685875000001 0.7958984375 0.718682359375 0.8076171875 0.7229099031249999
1 0.8349609375 0.7271374453125 0.8623046875 0.7271374453125 0.86328125 0.725023675 0.86328125 0.6616105250000001 0.8623046875 0.659496753125 0.8310546875 0.659496753125 0.830078125 0.6616105250000001 0.828125 0.6742931546875 0.828125 0.72079613125 0.8291015625 0.7229099031249999 0.8349609375 0.7271374453125
1 0.958984375 0.725023675 0.958984375 0.6742931546875 0.9560546875 0.6679518390625 0.8837890625 0.663724296875 0.880859375 0.6700656109375001 0.87890625 0.7292512171875 0.8818359375 0.7355925328125 0.9560546875 0.7355925328125 0.958984375 0.725023675
0 0.025390625 0.9110355796875 0.02734375 0.923718209375 0.0302734375 0.9300595234375001 0.0693359375 0.9300595234375001 0.072265625 0.923718209375 0.07421875 0.1416227 0.0556640625 0.12682629843749998 0.0166015625 0.12682629843749998 0.0107421875 0.1310538421875 0.009765625 0.1331676140625 0.009765625 0.1838981328125 0.01171875 0.293814259375 0.025390625 0.9110355796875
0 0.072265625 0.923718209375 0.0751953125 0.9300595234375001 0.0869140625 0.9300595234375001 0.09375 0.9194906656249999 0.091796875 0.7630715640625 0.08984375 0.6362452656250001 0.076171875 0.175443046875 0.0732421875 0.1606466453125 0.0615234375 0.1606466453125 0.05859375 0.166987959375 0.056640625 0.175443046875 0.056640625 0.21771847968750002 0.0703125 0.8729876890625 0.072265625 0.923718209375
0 0.0966796875 0.9300595234375001 0.1416015625 0.9300595234375001 0.14453125 0.923718209375 0.146484375 0.9110355796875 0.146484375 0.89412540625 0.12890625 0.1923532203125 0.126953125 0.1585328734375 0.1240234375 0.1521915578125 0.0966796875 0.147964015625 0.0791015625 0.147964015625 0.076171875 0.1543053296875 0.078125 0.314951975 0.09375 0.923718209375 0.0966796875 0.9300595234375001
0 0.1201171875 0.9300595234375001 0.1376953125 0.9300595234375001 0.14453125 0.923718209375 0.14453125 0.8433948859375 0.138671875 0.581287203125 0.126953125 0.1585328734375 0.1240234375 0.1521915578125 0.1025390625 0.1521915578125 0.099609375 0.1585328734375 0.099609375 0.20503585000000002 0.1171875 0.9194906656249999 0.1201171875 0.9300595234375001
0 0.1474609375 0.92583198125 0.1904296875 0.92583198125 0.19140625 0.923718209375 0.19140625 0.8476224296874999 0.189453125 0.7334787609375 0.17578125 0.1543053296875 0.1748046875 0.1521915578125 0.1298828125 0.1521915578125 0.12890625 0.1543053296875 0.12890625 0.24308373906249997 0.14453125 0.9194906656249999 0.1474609375 0.92583198125
0 0.1982421875 0.92583198125 0.2099609375 0.9300595234375001 0.2353515625 0.9300595234375001 0.2392578125 0.92583198125 0.2421875 0.9194906656249999 0.2421875 0.915263121875 0.236328125 0.5432393125 0.228515625 0.1923532203125 0.2265625 0.1585328734375 0.2236328125 0.1521915578125 0.1845703125 0.1521915578125 0.1806640625 0.1564191015625 0.177734375 0.1627604171875 0.177734375 0.226173565625 0.193359375 0.915263121875 0.1982421875 0.92583198125
0 0.2412109375 0.6933171 0.2841796875 0.6933171 0.287109375 0.682748240625 0.2890625 0.6658380687500001 0.30859375 0.1585328734375 0.306640625 0.1500777875 0.3017578125 0.139508928125 0.2783203125 0.12259875468749999 0.2353515625 0.12259875468749999 0.2294921875 0.12682629843749998 0.2265625 0.1331676140625 0.2265625 0.1881256765625 0.23828125 0.682748240625 0.2412109375 0.6933171
0 0.296875 0.9321732953125 0.2998046875 0.9385146109375 0.3271484375 0.9385146109375 0.3349609375 0.9300595234375001 0.337890625 0.923718209375 0.37109375 0.2134909359375 0.3642578125 0.202922078125 0.3212890625 0.16910173125 0.2861328125 0.16910173125 0.2822265625 0.173329275 0.28125 0.175443046875 0.28125 0.31917951875 0.287109375 0.5939698328125 0.296875 0.9321732953125
0 0.3359375 0.923718209375 0.3408203125 0.9385146109375 0.3720703125 0.9385146109375 0.3798828125 0.9342870671875 0.384765625 0.9279457515624999 0.384765625 0.8476224296874999 0.376953125 0.234628653125 0.3740234375 0.2282873375 0.3310546875 0.2282873375 0.328125 0.234628653125 0.328125 0.3699100375 0.33203125 0.7165685875000001 0.3359375 0.923718209375
0 0.384765625 0.8898978625 0.38671875 0.9279457515624999 0.3896484375 0.9385146109375 0.4208984375 0.9385146109375 0.4287109375 0.9342870671875 0.431640625 0.923718209375 0.423828125 0.23040110937499997 0.4228515625 0.2282873375 0.3798828125 0.2282873375 0.376953125 0.234628653125 0.376953125 0.42909564375000003 0.3828125 0.801119453125 0.384765625 0.8898978625
0 0.43359375 0.9321732953125 0.4365234375 0.9385146109375 0.4638671875 0.9385146109375 0.4736328125 0.9342870671875 0.478515625 0.9279457515624999 0.478515625 0.6024249187499999 0.4765625 0.2388561953125 0.4736328125 0.2282873375 0.4306640625 0.2282873375 0.42578125 0.234628653125 0.423828125 0.2473112828125 0.42578125 0.5432393125 0.431640625 0.9194906656249999 0.43359375 0.9321732953125
0 0.4833984375 0.92583198125 0.4892578125 0.9300595234375001 0.5068359375 0.9300595234375001 0.51171875 0.9194906656249999 0.51171875 0.8560775156249999 0.505859375 0.1543053296875 0.5029296875 0.147964015625 0.4814453125 0.147964015625 0.4775390625 0.1521915578125 0.4765625 0.1543053296875 0.4765625 0.2219460234375 0.48046875 0.9025804921875 0.4833984375 0.92583198125
0 0.5146484375 0.9300595234375001 0.5478515625 0.9300595234375001 0.552734375 0.915263121875 0.548828125 0.13739515625 0.5458984375 0.1310538421875 0.5087890625 0.1310538421875 0.5078125 0.1331676140625 0.505859375 0.1416227 0.505859375 0.2134909359375 0.51171875 0.923718209375 0.5146484375 0.9300595234375001
0 0.5576171875 0.9342870671875 0.5908203125 0.9342870671875 0.59765625 0.923718209375 0.59765625 0.1331676140625 0.595703125 0.11625744062500001 0.5908203125 0.109916125 0.5615234375 0.109916125 0.5517578125 0.11414366875 0.548828125 0.12048498437499999 0.548828125 0.344544778125 0.552734375 0.923718209375 0.5576171875 0.9342870671875
0 0.6083984375 0.9385146109375 0.6357421875 0.9385146109375 0.638671875 0.9321732953125 0.640625 0.7926643671875 0.642578125 0.1585328734375 0.640625 0.107802353125 0.6396484375 0.1056885828125 0.6005859375 0.1056885828125 0.59765625 0.112029896875 0.59765625 0.8772152328124999 0.599609375 0.9321732953125 0.6083984375 0.9385146109375
0 0.6591796875 0.9300595234375001 0.6708984375 0.92583198125 0.67578125 0.9110355796875 0.677734375 0.49250879375 0.677734375 0.107802353125 0.6767578125 0.1056885828125 0.6474609375 0.1056885828125 0.642578125 0.112029896875 0.640625 0.2134909359375 0.640625 0.9194906656249999 0.6435546875 0.92583198125 0.6591796875 0.9300595234375001
0 0.7373046875 0.92583198125 0.744140625 0.9110355796875 0.75390625 0.1627604171875 0.75390625 0.052844290625 0.7509765625 0.0465029765625 0.6982421875 0.0465029765625 0.6806640625 0.050730518749999995 0.677734375 0.057071834375 0.67578125 0.9025804921875 0.677734375 0.9194906656249999 0.6806640625 0.92583198125 0.7373046875 0.92583198125
0 0.7900390625 0.91737689375 0.791015625 0.915263121875 0.794921875 0.725023675 0.8046875 0.1331676140625 0.8046875 0.112029896875 0.8037109375 0.109916125 0.7587890625 0.109916125 0.755859375 0.11625744062500001 0.75390625 0.1543053296875 0.751953125 0.27267654218750004 0.74609375 0.6785206984375 0.74609375 0.9110355796875 0.7490234375 0.91737689375 0.7900390625 0.91737689375
0 0.8037109375 0.91737689375 0.8134765625 0.91737689375 0.822265625 0.9110355796875 0.82421875 0.8814427765625 0.830078125 0.6447003515625 0.837890625 0.234628653125 0.8349609375 0.22405979375 0.8056640625 0.22405979375 0.802734375 0.23040110937499997 0.796875 0.5009638796875 0.79296875 0.750388934375 0.79296875 0.9068080359374999 0.7958984375 0.91314935 0.8037109375 0.91737689375
0 0.8408203125 0.91737689375 0.8525390625 0.91737689375 0.857421875 0.9110355796875 0.859375 0.8772152328124999 0.865234375 0.6362452656250001 0.87109375 0.31072443125000004 0.87109375 0.226173565625 0.8662109375 0.21983225156250003 0.8408203125 0.21983225156250003 0.837890625 0.226173565625 0.8359375 0.26422145625 0.830078125 0.568604571875 0.826171875 0.8138020828125001 0.826171875 0.9068080359374999 0.8291015625 0.91314935 0.8408203125 0.91737689375
0 0.865234375 0.9068080359374999 0.8720703125 0.91737689375 0.8974609375 0.92583198125 0.9306640625 0.9300595234375001 0.9443359375 0.9300595234375001 0.9521484375 0.92583198125 0.95703125 0.9110355796875 0.994140625 0.13739515625 0.994140625 0.0993472671875 0.9931640625 0.0972334953125 0.8955078125 0.0972334953125 0.8310546875 0.1564191015625 0.822265625 0.171215503125 0.8203125 0.1796705890625 0.8203125 0.2092633921875 0.86328125 0.89412540625 0.865234375 0.9068080359374999