1 0.1962890625 0.62990395 0.197265625 0.6277901781249999 0.197265625 0.5770596593749999 0.1943359375 0.5707183437500001 0.1787109375 0.5707183437500001 0.1572265625 0.5749458875 0.1533203125 0.57917343125 0.15234375 0.581287203125 0.15234375 0.6151075484375 0.1552734375 0.63413149375 0.1962890625 0.62990395
1 0.2470703125 0.600311146875 0.248046875 0.598197375 0.248046875 0.5559219421875 0.2451171875 0.5453530843750001 0.2041015625 0.5453530843750001 0.1982421875 0.549580628125 0.197265625 0.5516943999999999 0.197265625 0.598197375 0.2001953125 0.604538690625 0.2470703125 0.600311146875
1 0.2529296875 0.62567640625 0.2861328125 0.6172213203125 0.2890625 0.6108800046875 0.287109375 0.5643770296875 0.2861328125 0.5622632578125 0.2666015625 0.5622632578125 0.2509765625 0.5664908015625 0.248046875 0.572832115625 0.248046875 0.5939698328125 0.25 0.6193350921875 0.2529296875 0.62567640625
1 0.3291015625 0.62567640625 0.33984375 0.6193350921875 0.337890625 0.572832115625 0.3349609375 0.5664908015625 0.2958984375 0.5707183437500001 0.2900390625 0.5749458875 0.2890625 0.5770596593749999 0.2890625 0.6235626359374999 0.2919921875 0.62990395 0.3291015625 0.62567640625
1 0.3955078125 0.62567640625 0.3984375 0.6193350921875 0.3984375 0.5939698328125 0.396484375 0.572832115625 0.3935546875 0.5664908015625 0.3505859375 0.5707183437500001 0.3408203125 0.5749458875 0.33984375 0.5770596593749999 0.33984375 0.6193350921875 0.3427734375 0.62990395 0.3955078125 0.62567640625
1 0.4501953125 0.62990395 0.453125 0.6235626359374999 0.453125 0.581287203125 0.4501953125 0.5749458875 0.4013671875 0.5749458875 0.3984375 0.581287203125 0.3984375 0.6277901781249999 0.4013671875 0.63413149375 0.4501953125 0.62990395
1 0.4912109375 0.62990395 0.494140625 0.6235626359374999 0.494140625 0.5939698328125 0.4912109375 0.5749458875 0.4541015625 0.5749458875 0.453125 0.5770596593749999 0.453125 0.6235626359374999 0.4560546875 0.62990395 0.4912109375 0.62990395
1 0.4951171875 0.62990395 0.5205078125 0.62990395 0.5234375 0.6235626359374999 0.5234375 0.598197375 0.5205078125 0.5749458875 0.4931640625 0.5749458875 0.4921875 0.5770596593749999 0.4921875 0.5855147453125 0.494140625 0.6277901781249999 0.4951171875 0.62990395
1 0.5947265625 0.6129937765625 0.59765625 0.6024249187499999 0.595703125 0.5601494859375 0.5947265625 0.5580357140625 0.5419921875 0.5580357140625 0.5390625 0.5643770296875 0.541015625 0.6108800046875 0.5419921875 0.6129937765625 0.5947265625 0.6129937765625
1 0.6474609375 0.6214488640625 0.6484375 0.6193350921875 0.6484375 0.568604571875 0.6474609375 0.5664908015625 0.6123046875 0.5664908015625 0.609375 0.572832115625 0.611328125 0.6193350921875 0.6123046875 0.6214488640625 0.6474609375 0.6214488640625
1 0.6767578125 0.6214488640625 0.681640625 0.6151075484375 0.681640625 0.572832115625 0.6787109375 0.5664908015625 0.6513671875 0.5664908015625 0.650390625 0.568604571875 0.650390625 0.6151075484375 0.6533203125 0.6214488640625 0.6767578125 0.6214488640625
1 0.6982421875 0.6214488640625 0.69921875 0.6193350921875 0.69921875 0.572832115625 0.6962890625 0.5664908015625 0.6826171875 0.5664908015625 0.681640625 0.568604571875 0.681640625 0.6151075484375 0.6845703125 0.6214488640625 0.6982421875 0.6214488640625
1 0.7373046875 0.6214488640625 0.73828125 0.6193350921875 0.73828125 0.598197375 0.7353515625 0.5707183437500001 0.7001953125 0.5707183437500001 0.69921875 0.572832115625 0.69921875 0.6193350921875 0.7001953125 0.6214488640625 0.7373046875 0.6214488640625
1 0.7568359375 0.6214488640625 0.7578125 0.6193350921875 0.7578125 0.6066524624999999 0.755859375 0.568604571875 0.7548828125 0.5664908015625 0.7392578125 0.5664908015625 0.73828125 0.568604571875 0.73828125 0.6193350921875 0.7392578125 0.6214488640625 0.7568359375 0.6214488640625
1 0.7587890625 0.6214488640625 0.7998046875 0.6214488640625 0.80078125 0.6193350921875 0.80078125 0.581287203125 0.7978515625 0.5664908015625 0.7646484375 0.5664908015625 0.7568359375 0.5707183437500001 0.755859375 0.572832115625 0.755859375 0.5855147453125 0.7578125 0.6193350921875 0.7587890625 0.6214488640625
1 0.8369140625 0.6172213203125 0.837890625 0.6151075484375 0.837890625 0.572832115625 0.8349609375 0.5664908015625 0.8017578125 0.5664908015625 0.798828125 0.572832115625 0.80078125 0.6151075484375 0.8017578125 0.6172213203125 0.8369140625 0.6172213203125
1 0.8759765625 0.6172213203125 0.87890625 0.6108800046875 0.876953125 0.5643770296875 0.8759765625 0.5622632578125 0.8466796875 0.5622632578125 0.845703125 0.5643770296875 0.845703125 0.6108800046875 0.8466796875 0.6129937765625 0.8759765625 0.6172213203125
1 0.8994140625 0.6172213203125 0.90234375 0.6108800046875 0.90234375 0.5897422890625 0.900390625 0.568604571875 0.8974609375 0.5622632578125 0.8779296875 0.5622632578125 0.876953125 0.5643770296875 0.876953125 0.6108800046875 0.8818359375 0.6172213203125 0.8994140625 0.6172213203125
1 0.9248046875 0.6172213203125 0.92578125 0.6151075484375 0.92578125 0.568604571875 0.9150390625 0.5622632578125 0.9013671875 0.5622632578125 0.8984375 0.568604571875 0.900390625 0.6108800046875 0.9052734375 0.6172213203125 0.9248046875 0.6172213203125
0 0.1650390625 0.8116883109374999 0.1923828125 0.8074607687500001 0.1982421875 0.8032332249999999 0.203125 0.7926643671875 0.203125 0.7884368234375 0.1875 0.13739515625 0.1826171875 0.12682629843749998 0.1669921875 0.12259875468749999 0.1416015625 0.12259875468749999 0.134765625 0.12894007031250002 0.1328125 0.1416227 0.158203125 0.7926643671875 0.16015625 0.8053469968750001 0.1650390625 0.8116883109374999
0 0.2041015625 0.782095509375 0.2275390625 0.782095509375 0.2431640625 0.7778679656249999 0.2490234375 0.7736404218749999 0.251953125 0.7672991078125 0.251953125 0.71234104375 0.236328125 0.1500777875 0.2314453125 0.143736471875 0.2216796875 0.139508928125 0.1982421875 0.139508928125 0.189453125 0.14585024375 0.1875 0.1543053296875 0.1875 0.175443046875 0.201171875 0.7630715640625 0.2041015625 0.782095509375
0 0.255859375 0.801119453125 0.2587890625 0.8074607687500001 0.2705078125 0.8074607687500001 0.2880859375 0.8032332249999999 0.29296875 0.7968919109375 0.29296875 0.7377063046875 0.2890625 0.572832115625 0.275390625 0.1627604171875 0.2705078125 0.147964015625 0.2490234375 0.147964015625 0.2412109375 0.1521915578125 0.23828125 0.1585328734375 0.236328125 0.175443046875 0.236328125 0.234628653125 0.25390625 0.7799817375 0.255859375 0.801119453125
0 0.294921875 0.801119453125 0.2978515625 0.8074607687500001 0.3271484375 0.8074607687500001 0.3388671875 0.8032332249999999 0.341796875 0.7968919109375 0.341796875 0.175443046875 0.333984375 0.112029896875 0.328125 0.08243709375 0.3232421875 0.0718682359375 0.3193359375 0.06764069218749999 0.2783203125 0.06764069218749999 0.27734375 0.0697544640625 0.275390625 0.08243709375 0.27734375 0.2092633921875 0.291015625 0.695430871875 0.294921875 0.801119453125
0 0.34375 0.8053469968750001 0.3486328125 0.8116883109374999 0.3544921875 0.8116883109374999 0.3955078125 0.8032332249999999 0.40234375 0.7926643671875 0.40234375 0.7672991078125 0.390625 0.251538825 0.388671875 0.2134909359375 0.3876953125 0.2113771640625 0.3740234375 0.20714962187500002 0.3330078125 0.20714962187500002 0.328125 0.21771847968750002 0.328125 0.234628653125 0.341796875 0.77575419375 0.34375 0.8053469968750001
0 0.4052734375 0.7990056812499999 0.4521484375 0.7990056812499999 0.455078125 0.7926643671875 0.455078125 0.6869757843750001 0.4453125 0.2219460234375 0.4423828125 0.2156047078125 0.3935546875 0.2156047078125 0.390625 0.2219460234375 0.390625 0.31917951875 0.40234375 0.7884368234375 0.4052734375 0.7990056812499999
0 0.45703125 0.7926643671875 0.4638671875 0.8032332249999999 0.4814453125 0.8032332249999999 0.4892578125 0.7990056812499999 0.49609375 0.7884368234375 0.494140625 0.6277901781249999 0.486328125 0.21771847968750002 0.484375 0.1881256765625 0.4814453125 0.17755681875 0.4521484375 0.17755681875 0.4482421875 0.1817843609375 0.4453125 0.1881256765625 0.4453125 0.314951975 0.455078125 0.77575419375 0.45703125 0.7926643671875
0 0.4990234375 0.7947781390624999 0.5224609375 0.7947781390624999 0.525390625 0.7884368234375 0.525390625 0.7165685875000001 0.5234375 0.581287203125 0.515625 0.25576636875 0.513671875 0.234628653125 0.5087890625 0.22405979375 0.4912109375 0.22405979375 0.486328125 0.234628653125 0.486328125 0.28535917187500004 0.49609375 0.7884368234375 0.4990234375 0.7947781390624999
0 0.5302734375 0.7905505953125 0.5908203125 0.7905505953125 0.6103515625 0.7863230515625 0.61328125 0.7799817375 0.61328125 0.7081135015625 0.603515625 0.175443046875 0.5986328125 0.1606466453125 0.5224609375 0.1521915578125 0.5185546875 0.1521915578125 0.515625 0.1585328734375 0.513671875 0.171215503125 0.513671875 0.21771847968750002 0.52734375 0.7842092796875 0.5302734375 0.7905505953125
0 0.61328125 0.7799817375 0.6162109375 0.7863230515625 0.6357421875 0.7905505953125 0.6494140625 0.7863230515625 0.65234375 0.77152665 0.640625 0.1585328734375 0.6357421875 0.147964015625 0.6064453125 0.147964015625 0.603515625 0.1543053296875 0.603515625 0.1838981328125 0.609375 0.5939698328125 0.61328125 0.7799817375
0 0.654296875 0.7799817375 0.6572265625 0.7863230515625 0.6826171875 0.7863230515625 0.685546875 0.77575419375 0.685546875 0.7672991078125 0.67578125 0.2684489984375 0.671875 0.1838981328125 0.6708984375 0.1817843609375 0.6455078125 0.1817843609375 0.64453125 0.1838981328125 0.64453125 0.293814259375 0.65234375 0.72079613125 0.654296875 0.7799817375
0 0.6884765625 0.7863230515625 0.7001953125 0.7863230515625 0.703125 0.7799817375 0.703125 0.7546164765625 0.69140625 0.2219460234375 0.6884765625 0.2156047078125 0.6767578125 0.2156047078125 0.673828125 0.2219460234375 0.673828125 0.234628653125 0.685546875 0.7799817375 0.6884765625 0.7863230515625
0 0.703125 0.7799817375 0.7041015625 0.782095509375 0.7392578125 0.782095509375 0.7421875 0.77575419375 0.7421875 0.746161390625 0.728515625 0.1923532203125 0.7255859375 0.17755681875 0.6904296875 0.17755681875 0.6875 0.1838981328125 0.6875 0.2134909359375 0.701171875 0.7419338468750001 0.703125 0.7799817375
0 0.7587890625 0.782095509375 0.76171875 0.77575419375 0.76171875 0.7588440203125 0.75 0.25576636875 0.74609375 0.13739515625 0.7412109375 0.1310538421875 0.7294921875 0.1310538421875 0.7197265625 0.147964015625 0.7109375 0.166987959375 0.7421875 0.7799817375 0.7431640625 0.782095509375 0.7587890625 0.782095509375
0 0.76171875 0.77575419375 0.7646484375 0.782095509375 0.8017578125 0.782095509375 0.8046875 0.77575419375 0.8046875 0.7165685875000001 0.791015625 0.1923532203125 0.7861328125 0.17755681875 0.7490234375 0.17755681875 0.748046875 0.1796705890625 0.748046875 0.226173565625 0.759765625 0.7546164765625 0.76171875 0.77575419375
0 0.8046875 0.77575419375 0.8056640625 0.7778679656249999 0.8388671875 0.7778679656249999 0.841796875 0.77152665 0.841796875 0.7630715640625 0.83203125 0.20080830624999998 0.8271484375 0.1902394484375 0.8095703125 0.1860119046875 0.7939453125 0.1860119046875 0.791015625 0.1923532203125 0.791015625 0.234628653125 0.794921875 0.42909564375000003 0.8046875 0.77575419375
0 0.8447265625 0.7778679656249999 0.8779296875 0.7778679656249999 0.880859375 0.77152665 0.8828125 0.7334787609375 0.875 0.14585024375 0.8720703125 0.139508928125 0.8662109375 0.1352813859375 0.8408203125 0.1352813859375 0.8349609375 0.139508928125 0.8056640625 0.173329275 0.8046875 0.175443046875 0.8046875 0.1838981328125 0.841796875 0.77152665 0.8447265625 0.7778679656249999
0 0.87890625 0.7081135015625 0.880859375 0.7672991078125 0.8837890625 0.7736404218749999 0.8994140625 0.7736404218749999 0.90234375 0.7672991078125 0.90234375 0.6320177218749999 0.896484375 0.1543053296875 0.8935546875 0.143736471875 0.8759765625 0.143736471875 0.875 0.14585024375 0.873046875 0.171215503125 0.873046875 0.25576636875 0.875 0.45446090312500004 0.87890625 0.7081135015625
0 0.90234375 0.7419338468750001 0.9052734375 0.769412878125 0.9228515625 0.769412878125 0.92578125 0.7630715640625 0.923828125 0.1585328734375 0.9228515625 0.1564191015625 0.8994140625 0.1564191015625 0.896484375 0.1627604171875 0.89453125 0.1881256765625 0.89453125 0.26422145625 0.8984375 0.5643770296875 0.90234375 0.7419338468750001