1 0.2236328125 0.7017721859375 0.224609375 0.6996584140625 0.2265625 0.6658380687500001 0.2265625 0.6362452656250001 0.2255859375 0.63413149375 0.2099609375 0.62990395 0.1904296875 0.62990395 0.189453125 0.6320177218749999 0.1875 0.6531554390625 0.1875 0.695430871875 0.1904296875 0.7017721859375 0.2236328125 0.7017721859375
1 0.2451171875 0.7059997296875 0.248046875 0.6912033281250001 0.248046875 0.6404728078125 0.2392578125 0.63413149375 0.2294921875 0.63413149375 0.2265625 0.6404728078125 0.224609375 0.6742931546875 0.224609375 0.6996584140625 0.2275390625 0.7059997296875 0.2451171875 0.7059997296875
1 0.2587890625 0.7059997296875 0.259765625 0.7038859578125 0.26171875 0.6447003515625 0.2529296875 0.6383590375 0.2490234375 0.6425865796875 0.248046875 0.6447003515625 0.248046875 0.7038859578125 0.2490234375 0.7059997296875 0.2587890625 0.7059997296875
1 0.2744140625 0.7229099031249999 0.2841796875 0.718682359375 0.28515625 0.7165685875000001 0.28515625 0.6531554390625 0.2822265625 0.6468141234375 0.2626953125 0.6468141234375 0.26171875 0.6489278953125 0.259765625 0.6658380687500001 0.259765625 0.72079613125 0.2607421875 0.7229099031249999 0.2744140625 0.7229099031249999
1 0.3212890625 0.7102272734375 0.32421875 0.7038859578125 0.326171875 0.6742931546875 0.326171875 0.6447003515625 0.3232421875 0.6383590375 0.2880859375 0.6383590375 0.287109375 0.6404728078125 0.28515625 0.6573829812499999 0.28515625 0.7038859578125 0.2861328125 0.7059997296875 0.3212890625 0.7102272734375
1 0.353515625 0.7038859578125 0.353515625 0.6447003515625 0.3505859375 0.6383590375 0.3291015625 0.6383590375 0.326171875 0.6447003515625 0.32421875 0.7038859578125 0.3271484375 0.7102272734375 0.3505859375 0.7102272734375 0.353515625 0.7038859578125
1 0.4443359375 0.7102272734375 0.447265625 0.7038859578125 0.447265625 0.6404728078125 0.4462890625 0.6383590375 0.3818359375 0.6383590375 0.380859375 0.6404728078125 0.380859375 0.7038859578125 0.3818359375 0.7059997296875 0.4443359375 0.7102272734375
1 0.3779296875 0.7059997296875 0.380859375 0.6912033281250001 0.380859375 0.6447003515625 0.3779296875 0.6383590375 0.3564453125 0.6383590375 0.353515625 0.6447003515625 0.353515625 0.6996584140625 0.3583984375 0.7059997296875 0.3779296875 0.7059997296875
1 0.5068359375 0.7059997296875 0.51171875 0.695430871875 0.51171875 0.6447003515625 0.5068359375 0.63413149375 0.4619140625 0.63413149375 0.4521484375 0.6383590375 0.451171875 0.6404728078125 0.451171875 0.7038859578125 0.4521484375 0.7059997296875 0.5068359375 0.7059997296875
1 0.5361328125 0.7102272734375 0.5771484375 0.7102272734375 0.578125 0.7081135015625 0.578125 0.6447003515625 0.5751953125 0.6383590375 0.5126953125 0.6383590375 0.51171875 0.6404728078125 0.51171875 0.682748240625 0.5146484375 0.7059997296875 0.5361328125 0.7102272734375
1 0.6376953125 0.7102272734375 0.642578125 0.6996584140625 0.642578125 0.6742931546875 0.640625 0.6447003515625 0.6376953125 0.6383590375 0.5810546875 0.6383590375 0.578125 0.6447003515625 0.578125 0.7038859578125 0.5810546875 0.7102272734375 0.6376953125 0.7102272734375
1 0.7138671875 0.7059997296875 0.716796875 0.6996584140625 0.716796875 0.6447003515625 0.7158203125 0.6425865796875 0.7099609375 0.6383590375 0.6552734375 0.6383590375 0.65234375 0.6447003515625 0.646484375 0.695430871875 0.646484375 0.7038859578125 0.6494140625 0.7102272734375 0.7138671875 0.7059997296875
1 0.7763671875 0.714454815625 0.77734375 0.71234104375 0.77734375 0.6489278953125 0.7744140625 0.6425865796875 0.7216796875 0.6425865796875 0.71875 0.6489278953125 0.720703125 0.7081135015625 0.7236328125 0.714454815625 0.7763671875 0.714454815625
1 0.8115234375 0.714454815625 0.8408203125 0.714454815625 0.841796875 0.71234104375 0.841796875 0.6447003515625 0.8408203125 0.6425865796875 0.8212890625 0.6383590375 0.7822265625 0.6383590375 0.779296875 0.6447003515625 0.779296875 0.7038859578125 0.7822265625 0.7102272734375 0.8115234375 0.714454815625
1 0.8994140625 0.7059997296875 0.90234375 0.6996584140625 0.900390625 0.6362452656250001 0.8994140625 0.63413149375 0.8427734375 0.63413149375 0.841796875 0.6362452656250001 0.841796875 0.695430871875 0.8447265625 0.7017721859375 0.8994140625 0.7059997296875
0 0.2099609375 0.92583198125 0.216796875 0.915263121875 0.21875 0.9025804921875 0.271484375 0.1331676140625 0.2734375 0.0951197234375 0.271484375 0.08243709375 0.2431640625 0.0211377171875 0.2099609375 0.0211377171875 0.20703125 0.02747903125 0.205078125 0.040161660937499996 0.19921875 0.23040110937499997 0.1796875 0.8687601468749999 0.1796875 0.9194906656249999 0.1845703125 0.92583198125 0.2099609375 0.92583198125
0 0.2421875 0.9025804921875 0.244140625 0.8856703187500001 0.25 0.7546164765625 0.26953125 0.166987959375 0.26953125 0.1543053296875 0.2587890625 0.143736471875 0.2451171875 0.143736471875 0.2421875 0.1500777875 0.224609375 0.6785206984375 0.21875 0.915263121875 0.2197265625 0.91737689375 0.2373046875 0.91737689375 0.2421875 0.9025804921875
0 0.2548828125 0.91737689375 0.2578125 0.9110355796875 0.271484375 0.2134909359375 0.271484375 0.1585328734375 0.2685546875 0.1521915578125 0.2646484375 0.1521915578125 0.26171875 0.1585328734375 0.25 0.513646509375 0.240234375 0.9025804921875 0.240234375 0.9068080359374999 0.2431640625 0.91737689375 0.2548828125 0.91737689375
0 0.28125 0.89412540625 0.326171875 0.1416227 0.32421875 0.1331676140625 0.3095703125 0.1014610390625 0.3017578125 0.088778409375 0.2880859375 0.084550865625 0.2763671875 0.084550865625 0.2734375 0.09089218125000001 0.271484375 0.1543053296875 0.25390625 0.9025804921875 0.2587890625 0.91737689375 0.2783203125 0.91737689375 0.28125 0.89412540625
0 0.3056640625 0.9300595234375001 0.3134765625 0.92583198125 0.318359375 0.9194906656249999 0.3203125 0.9110355796875 0.322265625 0.864532603125 0.3359375 0.2219460234375 0.3359375 0.1543053296875 0.3291015625 0.147964015625 0.3017578125 0.147964015625 0.296875 0.1543053296875 0.28515625 0.6489278953125 0.279296875 0.9194906656249999 0.2822265625 0.92583198125 0.2880859375 0.9300595234375001 0.3056640625 0.9300595234375001
0 0.3515625 0.9068080359374999 0.35546875 0.6616105250000001 0.359375 0.29804180156250004 0.359375 0.20080830624999998 0.3525390625 0.1902394484375 0.3408203125 0.1902394484375 0.3359375 0.20080830624999998 0.32421875 0.6996584140625 0.3203125 0.9110355796875 0.3271484375 0.9216044374999999 0.3466796875 0.9216044374999999 0.3515625 0.9068080359374999
0 0.376953125 0.915263121875 0.400390625 0.1585328734375 0.400390625 0.1500777875 0.3857421875 0.1183712125 0.3642578125 0.1183712125 0.361328125 0.12471252656250001 0.359375 0.20080830624999998 0.353515625 0.6658380687500001 0.3515625 0.915263121875 0.3544921875 0.9216044374999999 0.3740234375 0.9216044374999999 0.376953125 0.915263121875
0 0.3916015625 0.9300595234375001 0.4345703125 0.9300595234375001 0.4423828125 0.92583198125 0.447265625 0.9110355796875 0.451171875 0.171215503125 0.4482421875 0.1648741890625 0.4384765625 0.1606466453125 0.3935546875 0.1606466453125 0.3876953125 0.1648741890625 0.3828125 0.175443046875 0.37890625 0.7630715640625 0.37890625 0.9194906656249999 0.3818359375 0.92583198125 0.3916015625 0.9300595234375001
0 0.4619140625 0.9342870671875 0.4931640625 0.9342870671875 0.5068359375 0.9300595234375001 0.51171875 0.9194906656249999 0.513671875 0.1543053296875 0.5107421875 0.147964015625 0.4599609375 0.147964015625 0.4560546875 0.1521915578125 0.453125 0.1627604171875 0.451171875 0.6277901781249999 0.451171875 0.9194906656249999 0.4541015625 0.9300595234375001 0.4619140625 0.9342870671875
0 0.5185546875 0.9300595234375001 0.5263671875 0.9342870671875 0.5712890625 0.9342870671875 0.578125 0.923718209375 0.578125 0.45023336093750005 0.576171875 0.1585328734375 0.5712890625 0.1521915578125 0.5498046875 0.147964015625 0.5244140625 0.147964015625 0.5166015625 0.1564191015625 0.513671875 0.166987959375 0.51171875 0.24308373906249997 0.51171875 0.6996584140625 0.513671875 0.915263121875 0.5185546875 0.9300595234375001
0 0.580078125 0.915263121875 0.5849609375 0.92583198125 0.6376953125 0.92583198125 0.640625 0.9194906656249999 0.642578125 0.9025804921875 0.642578125 0.6742931546875 0.638671875 0.2769040859375 0.63671875 0.1796705890625 0.634765625 0.1543053296875 0.6318359375 0.143736471875 0.5830078125 0.143736471875 0.578125 0.1543053296875 0.576171875 0.1796705890625 0.576171875 0.2092633921875 0.578125 0.864532603125 0.580078125 0.915263121875
0 0.64453125 0.8983529484374999 0.646484375 0.9194906656249999 0.6494140625 0.92583198125 0.6630859375 0.9300595234375001 0.7119140625 0.9300595234375001 0.7177734375 0.92583198125 0.720703125 0.9194906656249999 0.716796875 0.14585024375 0.71484375 0.12048498437499999 0.7119140625 0.11414366875 0.6982421875 0.11414366875 0.6435546875 0.12259875468749999 0.638671875 0.12894007031250002 0.634765625 0.1416227 0.634765625 0.14585024375 0.642578125 0.8687601468749999 0.64453125 0.8983529484374999
0 0.72265625 0.915263121875 0.7255859375 0.9300595234375001 0.7431640625 0.9385146109375 0.7607421875 0.9385146109375 0.7783203125 0.9342870671875 0.78125 0.9279457515624999 0.78125 0.860305059375 0.76953125 0.1838981328125 0.767578125 0.1543053296875 0.7646484375 0.147964015625 0.7548828125 0.143736471875 0.7197265625 0.147964015625 0.71875 0.1500777875 0.71484375 0.1796705890625 0.71875 0.6658380687500001 0.720703125 0.8433948859375 0.72265625 0.915263121875
0 0.783203125 0.923718209375 0.7861328125 0.9300595234375001 0.7978515625 0.9342870671875 0.8291015625 0.9342870671875 0.8427734375 0.9300595234375001 0.84765625 0.9194906656249999 0.84765625 0.89412540625 0.8359375 0.14585024375 0.833984375 0.13739515625 0.8291015625 0.12682629843749998 0.8193359375 0.12259875468749999 0.7783203125 0.1183712125 0.771484375 0.1331676140625 0.76953125 0.14585024375 0.779296875 0.7926643671875 0.78125 0.8898978625 0.783203125 0.923718209375
0 0.8486328125 0.92583198125 0.8681640625 0.9300595234375001 0.9013671875 0.9300595234375001 0.90625 0.9194906656249999 0.90625 0.8433948859375 0.892578125 0.166987959375 0.8896484375 0.1564191015625 0.8388671875 0.1521915578125 0.8359375 0.1585328734375 0.8359375 0.3529998640625 0.845703125 0.9110355796875 0.8486328125 0.92583198125