1 0.0576171875 0.6172213203125 0.060546875 0.6108800046875 0.0625 0.5559219421875 0.0595703125 0.549580628125 0.0556640625 0.5453530843750001 0.0458984375 0.541125540625 0.0185546875 0.5368979984375 0.015625 0.5516943999999999 0.013671875 0.6024249187499999 0.0166015625 0.608766234375 0.0517578125 0.6172213203125 0.0576171875 0.6172213203125
1 0.1171875 0.6193350921875 0.119140625 0.5643770296875 0.1142578125 0.5580357140625 0.0791015625 0.5538081703125 0.0634765625 0.5580357140625 0.060546875 0.5643770296875 0.05859375 0.6193350921875 0.0615234375 0.62567640625 0.1142578125 0.62990395 0.1171875 0.6193350921875
1 0.1708984375 0.6468141234375 0.173828125 0.6404728078125 0.17578125 0.581287203125 0.1728515625 0.5749458875 0.1650390625 0.5707183437500001 0.1318359375 0.5707183437500001 0.119140625 0.5770596593749999 0.1171875 0.5939698328125 0.1171875 0.6447003515625 0.1181640625 0.6468141234375 0.1708984375 0.6468141234375
1 0.2353515625 0.63413149375 0.23828125 0.6277901781249999 0.240234375 0.598197375 0.240234375 0.5643770296875 0.2392578125 0.5622632578125 0.2314453125 0.5580357140625 0.1806640625 0.5580357140625 0.177734375 0.5643770296875 0.17578125 0.581287203125 0.17578125 0.6277901781249999 0.1767578125 0.62990395 0.2353515625 0.63413149375
1 0.3056640625 0.62990395 0.30859375 0.6235626359374999 0.30859375 0.5643770296875 0.3056640625 0.5580357140625 0.2958984375 0.5538081703125 0.2607421875 0.5538081703125 0.2568359375 0.5580357140625 0.255859375 0.5601494859375 0.255859375 0.6235626359374999 0.2587890625 0.62990395 0.3056640625 0.62990395
1 0.3486328125 0.6468141234375 0.3837890625 0.6383590375 0.38671875 0.6320177218749999 0.3828125 0.572832115625 0.3779296875 0.5622632578125 0.3544921875 0.5664908015625 0.3466796875 0.5707183437500001 0.34375 0.5770596593749999 0.34375 0.581287203125 0.345703125 0.6235626359374999 0.3486328125 0.6468141234375
1 0.3955078125 0.6468141234375 0.4345703125 0.63413149375 0.4375 0.6277901781249999 0.43359375 0.5770596593749999 0.4287109375 0.5622632578125 0.4013671875 0.5664908015625 0.3916015625 0.5707183437500001 0.388671875 0.5770596593749999 0.388671875 0.6024249187499999 0.392578125 0.6404728078125 0.3955078125 0.6468141234375
1 0.4423828125 0.6468141234375 0.4501953125 0.6468141234375 0.4951171875 0.62990395 0.49609375 0.6277901781249999 0.49609375 0.6151075484375 0.4921875 0.572832115625 0.4892578125 0.5580357140625 0.4716796875 0.5580357140625 0.4384765625 0.5707183437500001 0.435546875 0.5770596593749999 0.435546875 0.5939698328125 0.439453125 0.6362452656250001 0.4423828125 0.6468141234375
1 0.5107421875 0.6679518390625 0.5361328125 0.659496753125 0.5478515625 0.655269209375 0.5546875 0.6489278953125 0.5546875 0.6320177218749999 0.55078125 0.5855147453125 0.5478515625 0.57917343125 0.4990234375 0.5960836031250001 0.49609375 0.6024249187499999 0.49609375 0.6193350921875 0.5009765625 0.6679518390625 0.5107421875 0.6679518390625
1 0.7001953125 0.6721793828125 0.703125 0.6658380687500001 0.701171875 0.6024249187499999 0.7001953125 0.600311146875 0.6240234375 0.600311146875 0.623046875 0.6024249187499999 0.62109375 0.6108800046875 0.623046875 0.6700656109375001 0.6259765625 0.6764069265625 0.7001953125 0.6721793828125
1 0.5546875 0.6489278953125 0.5576171875 0.659496753125 0.5947265625 0.6468141234375 0.603515625 0.6404728078125 0.603515625 0.6108800046875 0.6015625 0.5855147453125 0.5986328125 0.5707183437500001 0.5849609375 0.5707183437500001 0.5517578125 0.5834009734375 0.55078125 0.5855147453125 0.55078125 0.598197375 0.552734375 0.6277901781249999 0.5546875 0.6489278953125
1 0.7197265625 0.663724296875 0.7568359375 0.663724296875 0.7578125 0.6616105250000001 0.7578125 0.5939698328125 0.7548828125 0.5876285171875 0.7060546875 0.5876285171875 0.705078125 0.5897422890625 0.705078125 0.6531554390625 0.7080078125 0.659496753125 0.7197265625 0.663724296875
0 0.0458984375 0 0.04296875 0.0105688578125 0.0390625 0.061299378125000005 0.00390625 0.7630715640625 0.001953125 0.83071225625 0.0068359375 0.8412811140625 0.0458984375 0.8412811140625 0.048828125 0.8349398000000001 0.103515625 0.0232514875 0.0986328125 0.012682629687499999 0.0888671875 0 0.0458984375 0
0 0.107421875 0.8349398000000001 0.109375 0.809574540625 0.140625 0.0697544640625 0.140625 0.035934117187499996 0.1376953125 0.029592803125 0.0986328125 0.029592803125 0.0888671875 0.0380478890625 0.0859375 0.0443892046875 0.05859375 0.6066524624999999 0.048828125 0.83916734375 0.0517578125 0.8455086578125 0.1044921875 0.8455086578125 0.107421875 0.8349398000000001
0 0.1611328125 0.8539637453125 0.166015625 0.8476224296874999 0.16796875 0.8264847124999999 0.197265625 0.061299378125000005 0.197265625 0.052844290625 0.1953125 0.0443892046875 0.1904296875 0.0380478890625 0.1787109375 0.033820346875000004 0.1611328125 0.033820346875000004 0.1494140625 0.0380478890625 0.1435546875 0.0422754328125 0.140625 0.057071834375 0.109375 0.77575419375 0.107421875 0.8433948859375 0.1103515625 0.8497362015625001 0.1279296875 0.8539637453125 0.1611328125 0.8539637453125
0 0.1923828125 0.8581912875000001 0.2451171875 0.8581912875000001 0.25 0.8518499734375 0.251953125 0.8264847124999999 0.255859375 0.6531554390625 0.26171875 0.1331676140625 0.26171875 0.02747903125 0.2548828125 0.012682629687499999 0.2470703125 0.00422754375 0.2021484375 0.00422754375 0.19921875 0.0105688578125 0.19140625 0.1881256765625 0.169921875 0.750388934375 0.16796875 0.809574540625 0.16796875 0.8476224296874999 0.1708984375 0.8539637453125 0.1923828125 0.8581912875000001
0 0.3310546875 0.8581912875000001 0.3544921875 0.8497362015625001 0.357421875 0.8433948859375 0.35546875 0.77152665 0.322265625 0.08243709375 0.310546875 0.040161660937499996 0.3037109375 0.025365259374999997 0.2783203125 0.025365259374999997 0.2666015625 0.029592803125 0.263671875 0.035934117187499996 0.255859375 0.522101596875 0.251953125 0.8560775156249999 0.2548828125 0.86241883125 0.3056640625 0.86241883125 0.3310546875 0.8581912875000001
0 0.357421875 0.8433948859375 0.361328125 0.8687601468749999 0.3662109375 0.8751014609375 0.3759765625 0.8751014609375 0.3974609375 0.866646375 0.404296875 0.8560775156249999 0.404296875 0.83916734375 0.359375 0.1500777875 0.35546875 0.10357481093750001 0.3525390625 0.0972334953125 0.3271484375 0.0972334953125 0.3232421875 0.1014610390625 0.322265625 0.10357481093750001 0.322265625 0.13739515625 0.353515625 0.7926643671875 0.357421875 0.8433948859375
0 0.408203125 0.8687601468749999 0.4111328125 0.8751014609375 0.4228515625 0.8751014609375 0.4521484375 0.866646375 0.455078125 0.860305059375 0.453125 0.8138020828125001 0.3984375 0.07820955156250001 0.396484375 0.0655269203125 0.3916015625 0.05918560625 0.3642578125 0.05918560625 0.3564453125 0.06764069218749999 0.35546875 0.0697544640625 0.35546875 0.107802353125 0.37890625 0.48405370625 0.408203125 0.8687601468749999
0 0.4296875 0.522101596875 0.435546875 0.598197375 0.4609375 0.864532603125 0.4658203125 0.8793290046875001 0.4833984375 0.8793290046875001 0.5029296875 0.8708739171875 0.5087890625 0.866646375 0.513671875 0.8560775156249999 0.513671875 0.8518499734375 0.49609375 0.6151075484375 0.46484375 0.23040110937499997 0.44921875 0.052844290625 0.4443359375 0.0380478890625 0.4208984375 0.0380478890625 0.4091796875 0.0422754328125 0.3994140625 0.050730518749999995 0.3984375 0.052844290625 0.3984375 0.0866646375 0.400390625 0.12048498437499999 0.4296875 0.522101596875
0 0.49609375 0.6277901781249999 0.517578125 0.8729876890625 0.5224609375 0.883556546875 0.5380859375 0.883556546875 0.5634765625 0.8751014609375 0.5693359375 0.8708739171875 0.572265625 0.860305059375 0.572265625 0.8560775156249999 0.5234375 0.234628653125 0.5078125 0.052844290625 0.4970703125 0.0380478890625 0.4619140625 0.0465029765625 0.4560546875 0.050730518749999995 0.455078125 0.052844290625 0.455078125 0.0866646375 0.4609375 0.166987959375 0.49609375 0.6277901781249999
0 0.57421875 0.8898978625 0.5810546875 0.9004667203125001 0.6142578125 0.892011634375 0.619140625 0.8856703187500001 0.62109375 0.8687601468749999 0.62109375 0.8222571703125 0.6171875 0.7292512171875 0.560546875 0.02747903125 0.5576171875 0.016910173437500002 0.5400390625 0.00422754375 0.5185546875 0.016910173437500002 0.5126953125 0.025365259374999997 0.5078125 0.035934117187499996 0.5078125 0.0486167484375 0.544921875 0.5432393125 0.57421875 0.8898978625
0 0.6103515625 0 0.60546875 0.0105688578125 0.603515625 0.040161660937499996 0.609375 0.42909564375000003 0.615234375 0.7038859578125 0.62109375 0.8856703187500001 0.6240234375 0.896239178125 0.6337890625 0.9004667203125001 0.7021484375 0.9004667203125001 0.705078125 0.89412540625 0.70703125 0.8772152328124999 0.693359375 0.0951197234375 0.689453125 0.0105688578125 0.6845703125 0 0.6103515625 0
0 0.7021484375 0 0.697265625 0.0105688578125 0.693359375 0.040161660937499996 0.693359375 0.07820955156250001 0.70703125 0.8772152328124999 0.708984375 0.8983529484374999 0.7119140625 0.9046942640625 0.7255859375 0.9089218078125001 0.7548828125 0.9089218078125001 0.7607421875 0.9046942640625 0.763671875 0.8983529484374999 0.763671875 0.809574540625 0.75390625 0.0232514875 0.7490234375 0 0.7021484375 0