1 0.1494140625 0.6975446421875 0.1884765625 0.6933171 0.201171875 0.6869757843750001 0.201171875 0.6489278953125 0.1982421875 0.6383590375 0.1513671875 0.6425865796875 0.1455078125 0.6468141234375 0.14453125 0.6489278953125 0.14453125 0.6573829812499999 0.146484375 0.6912033281250001 0.1494140625 0.6975446421875
1 0.2451171875 0.6806344703125 0.2509765625 0.6764069265625 0.25390625 0.6700656109375001 0.25390625 0.6573829812499999 0.251953125 0.6277901781249999 0.2509765625 0.62567640625 0.2177734375 0.62990395 0.216796875 0.6320177218749999 0.216796875 0.6785206984375 0.2197265625 0.6848620125 0.2451171875 0.6806344703125
1 0.2685546875 0.6721793828125 0.275390625 0.6658380687500001 0.275390625 0.6404728078125 0.2734375 0.6235626359374999 0.2705078125 0.6172213203125 0.2529296875 0.6214488640625 0.251953125 0.6235626359374999 0.251953125 0.6489278953125 0.2548828125 0.6721793828125 0.2685546875 0.6721793828125
1 0.2783203125 0.6764069265625 0.3037109375 0.6721793828125 0.306640625 0.6658380687500001 0.306640625 0.6235626359374999 0.3056640625 0.6214488640625 0.2763671875 0.6214488640625 0.2734375 0.6277901781249999 0.2734375 0.6320177218749999 0.275390625 0.6700656109375001 0.2783203125 0.6764069265625
1 0.3134765625 0.6806344703125 0.3525390625 0.6806344703125 0.357421875 0.6700656109375001 0.35546875 0.6320177218749999 0.3544921875 0.62990395 0.3076171875 0.62567640625 0.306640625 0.6277901781249999 0.306640625 0.6362452656250001 0.30859375 0.6700656109375001 0.3134765625 0.6806344703125
1 0.3740234375 0.6721793828125 0.3798828125 0.6679518390625 0.3828125 0.6616105250000001 0.380859375 0.6193350921875 0.3798828125 0.6172213203125 0.3603515625 0.6214488640625 0.357421875 0.6277901781249999 0.357421875 0.6658380687500001 0.3603515625 0.6721793828125 0.3740234375 0.6721793828125
1 0.3974609375 0.663724296875 0.4111328125 0.659496753125 0.412109375 0.6573829812499999 0.412109375 0.6108800046875 0.4111328125 0.608766234375 0.3837890625 0.608766234375 0.380859375 0.6151075484375 0.3828125 0.6616105250000001 0.3837890625 0.663724296875 0.3974609375 0.663724296875
1 0.4365234375 0.6975446421875 0.44140625 0.6912033281250001 0.44140625 0.6447003515625 0.4404296875 0.6425865796875 0.4130859375 0.6425865796875 0.412109375 0.6447003515625 0.412109375 0.6742931546875 0.4150390625 0.6975446421875 0.4365234375 0.6975446421875
1 0.4580078125 0.6721793828125 0.4609375 0.6658380687500001 0.4609375 0.6235626359374999 0.4580078125 0.6172213203125 0.4443359375 0.6172213203125 0.44140625 0.6235626359374999 0.44140625 0.6616105250000001 0.4462890625 0.6721793828125 0.4580078125 0.6721793828125
1 0.4697265625 0.6679518390625 0.4775390625 0.663724296875 0.478515625 0.6616105250000001 0.478515625 0.6151075484375 0.4775390625 0.6129937765625 0.4619140625 0.6129937765625 0.4609375 0.6151075484375 0.4609375 0.6658380687500001 0.4619140625 0.6679518390625 0.4697265625 0.6679518390625
1 0.4931640625 0.655269209375 0.494140625 0.6531554390625 0.494140625 0.6066524624999999 0.4931640625 0.604538690625 0.4814453125 0.604538690625 0.478515625 0.6108800046875 0.478515625 0.6489278953125 0.4833984375 0.659496753125 0.4931640625 0.655269209375
1 0.5263671875 0.659496753125 0.5302734375 0.655269209375 0.53125 0.6531554390625 0.53125 0.6108800046875 0.5283203125 0.604538690625 0.5146484375 0.604538690625 0.513671875 0.6066524624999999 0.513671875 0.6531554390625 0.5166015625 0.659496753125 0.5263671875 0.659496753125
1 0.5107421875 0.659496753125 0.513671875 0.6531554390625 0.513671875 0.6108800046875 0.5107421875 0.604538690625 0.4970703125 0.604538690625 0.494140625 0.6108800046875 0.494140625 0.6531554390625 0.5009765625 0.663724296875 0.5107421875 0.659496753125
1 0.5439453125 0.659496753125 0.5478515625 0.655269209375 0.548828125 0.6531554390625 0.548828125 0.6066524624999999 0.5478515625 0.604538690625 0.5341796875 0.604538690625 0.533203125 0.6066524624999999 0.53125 0.6320177218749999 0.53125 0.6489278953125 0.5380859375 0.659496753125 0.5439453125 0.659496753125
1 0.5654296875 0.655269209375 0.56640625 0.6531554390625 0.56640625 0.6066524624999999 0.5654296875 0.604538690625 0.5517578125 0.604538690625 0.55078125 0.6066524624999999 0.548828125 0.6151075484375 0.548828125 0.6531554390625 0.5595703125 0.659496753125 0.5654296875 0.655269209375
1 0.6201171875 0.6510416671875 0.623046875 0.6447003515625 0.625 0.6024249187499999 0.6220703125 0.5960836031250001 0.5732421875 0.5960836031250001 0.5703125 0.6024249187499999 0.5703125 0.6447003515625 0.5732421875 0.6510416671875 0.6201171875 0.6510416671875
1 0.6640625 0.6235626359374999 0.6640625 0.5897422890625 0.6630859375 0.5876285171875 0.6455078125 0.5876285171875 0.64453125 0.5897422890625 0.642578125 0.6320177218749999 0.6455078125 0.6383590375 0.6611328125 0.6383590375 0.6640625 0.6235626359374999
1 0.642578125 0.6531554390625 0.64453125 0.6066524624999999 0.6416015625 0.600311146875 0.6298828125 0.600311146875 0.626953125 0.6066524624999999 0.625 0.6489278953125 0.6279296875 0.655269209375 0.6416015625 0.655269209375 0.642578125 0.6531554390625
1 0.68359375 0.6320177218749999 0.68359375 0.5897422890625 0.6826171875 0.5876285171875 0.6669921875 0.5834009734375 0.6640625 0.5897422890625 0.662109375 0.6362452656250001 0.6630859375 0.6383590375 0.6806640625 0.6383590375 0.68359375 0.6320177218749999
1 0.7041015625 0.6425865796875 0.70703125 0.6320177218749999 0.70703125 0.5897422890625 0.7060546875 0.5876285171875 0.6865234375 0.5876285171875 0.685546875 0.5897422890625 0.68359375 0.6066524624999999 0.68359375 0.6362452656250001 0.6923828125 0.6425865796875 0.7041015625 0.6425865796875
1 0.7353515625 0.6383590375 0.73828125 0.6235626359374999 0.73828125 0.5855147453125 0.7373046875 0.5834009734375 0.7099609375 0.57917343125 0.70703125 0.5855147453125 0.70703125 0.6320177218749999 0.7197265625 0.6383590375 0.7353515625 0.6383590375
1 0.7490234375 0.63413149375 0.7646484375 0.63413149375 0.767578125 0.6277901781249999 0.767578125 0.581287203125 0.7666015625 0.57917343125 0.7431640625 0.5749458875 0.740234375 0.5770596593749999 0.73828125 0.5897422890625 0.73828125 0.6277901781249999 0.7392578125 0.62990395 0.7490234375 0.63413149375
1 0.8251953125 0.63413149375 0.828125 0.6277901781249999 0.828125 0.5855147453125 0.8271484375 0.5834009734375 0.8115234375 0.57917343125 0.8076171875 0.5834009734375 0.806640625 0.5855147453125 0.806640625 0.6320177218749999 0.8076171875 0.63413149375 0.8251953125 0.63413149375
1 0.8046875 0.6362452656250001 0.806640625 0.5939698328125 0.8037109375 0.5876285171875 0.7783203125 0.5834009734375 0.775390625 0.5897422890625 0.7734375 0.6320177218749999 0.7763671875 0.6383590375 0.8017578125 0.6425865796875 0.8046875 0.6362452656250001
1 0.8369140625 0.6425865796875 0.8642578125 0.6425865796875 0.8671875 0.6362452656250001 0.8671875 0.5897422890625 0.8662109375 0.5876285171875 0.8330078125 0.5876285171875 0.830078125 0.5939698328125 0.830078125 0.6362452656250001 0.8310546875 0.6383590375 0.8369140625 0.6425865796875
1 0.9013671875 0.6425865796875 0.90234375 0.6404728078125 0.90234375 0.5897422890625 0.9013671875 0.5876285171875 0.8779296875 0.5876285171875 0.876953125 0.5897422890625 0.876953125 0.6362452656250001 0.8798828125 0.6425865796875 0.9013671875 0.6425865796875
1 0.9208984375 0.62567640625 0.9326171875 0.6214488640625 0.93359375 0.6193350921875 0.93359375 0.572832115625 0.9306640625 0.5664908015625 0.9130859375 0.5707183437500001 0.912109375 0.572832115625 0.91015625 0.5855147453125 0.91015625 0.6235626359374999 0.9111328125 0.62567640625 0.9208984375 0.62567640625
1 0.9501953125 0.62567640625 0.9599609375 0.62567640625 0.96484375 0.6108800046875 0.96484375 0.572832115625 0.9638671875 0.5707183437500001 0.9443359375 0.5664908015625 0.9384765625 0.5664908015625 0.9375 0.568604571875 0.935546875 0.5897422890625 0.935546875 0.6151075484375 0.9384765625 0.6214488640625 0.9501953125 0.62567640625
0 0.1513671875 0.8539637453125 0.2138671875 0.8455086578125 0.2177734375 0.8412811140625 0.220703125 0.83071225625 0.220703125 0.7842092796875 0.201171875 0.281131628125 0.19921875 0.24308373906249997 0.1953125 0.20503585000000002 0.1904296875 0.1902394484375 0.1083984375 0.194466990625 0.10546875 0.20080830624999998 0.10546875 0.27267654218750004 0.138671875 0.8433948859375 0.1513671875 0.8539637453125
0 0.2255859375 0.8370535718750001 0.2509765625 0.832826028125 0.2578125 0.8264847124999999 0.2578125 0.7926643671875 0.240234375 0.21771847968750002 0.2373046875 0.20714962187500002 0.2314453125 0.202922078125 0.2099609375 0.20714962187500002 0.2021484375 0.2113771640625 0.19921875 0.21771847968750002 0.19921875 0.25576636875 0.22265625 0.83071225625 0.2255859375 0.8370535718750001
0 0.2607421875 0.8243709421875 0.2783203125 0.8243709421875 0.28125 0.8180296265625 0.28125 0.809574540625 0.263671875 0.226173565625 0.2568359375 0.21983225156250003 0.2431640625 0.21983225156250003 0.23828125 0.234628653125 0.236328125 0.2473112828125 0.236328125 0.25576636875 0.2578125 0.8180296265625 0.2607421875 0.8243709421875
0 0.28125 0.8180296265625 0.2861328125 0.828598484375 0.2978515625 0.828598484375 0.3076171875 0.8243709421875 0.310546875 0.8180296265625 0.310546875 0.7799817375 0.294921875 0.2388561953125 0.2900390625 0.2282873375 0.2646484375 0.2282873375 0.26171875 0.234628653125 0.26171875 0.289586715625 0.279296875 0.7842092796875 0.28125 0.8180296265625
0 0.3125 0.8222571703125 0.3173828125 0.828598484375 0.3525390625 0.828598484375 0.3564453125 0.8243709421875 0.359375 0.8180296265625 0.359375 0.8138020828125001 0.3515625 0.38682021093749996 0.34765625 0.234628653125 0.345703125 0.21771847968750002 0.3408203125 0.2113771640625 0.3017578125 0.2156047078125 0.2978515625 0.21983225156250003 0.294921875 0.226173565625 0.294921875 0.26422145625 0.310546875 0.7842092796875 0.3125 0.8222571703125
0 0.361328125 0.8222571703125 0.3623046875 0.8243709421875 0.3798828125 0.8243709421875 0.3828125 0.8180296265625 0.384765625 0.8053469968750001 0.384765625 0.7799817375 0.376953125 0.27267654218750004 0.375 0.251538825 0.3720703125 0.24519751093750003 0.3544921875 0.24519751093750003 0.353515625 0.2473112828125 0.3515625 0.25576636875 0.3515625 0.2684489984375 0.357421875 0.6616105250000001 0.361328125 0.8222571703125
0 0.3876953125 0.8201433984375001 0.4033203125 0.8243709421875 0.4111328125 0.8201433984375001 0.4140625 0.8138020828125001 0.4140625 0.7081135015625 0.408203125 0.23040110937499997 0.4072265625 0.2282873375 0.3896484375 0.22405979375 0.376953125 0.234628653125 0.375 0.24308373906249997 0.375 0.25576636875 0.384765625 0.809574540625 0.3876953125 0.8201433984375001
0 0.4501953125 0.7102272734375 0.4521484375 0.7102272734375 0.458984375 0.6785206984375 0.458984375 0.6108800046875 0.4501953125 0.5918560609375 0.4482421875 0.5918560609375 0.4453125 0.598197375 0.4453125 0.6700656109375001 0.447265625 0.7038859578125 0.4501953125 0.7102272734375
0 0.4169921875 0.8243709421875 0.4404296875 0.8243709421875 0.443359375 0.8138020828125001 0.44140625 0.234628653125 0.4384765625 0.21983225156250003 0.4150390625 0.21983225156250003 0.41015625 0.226173565625 0.408203125 0.234628653125 0.408203125 0.2684489984375 0.4140625 0.8053469968750001 0.4169921875 0.8243709421875
0 0.4443359375 0.8243709421875 0.4599609375 0.8243709421875 0.4609375 0.8222571703125 0.462890625 0.1838981328125 0.4599609375 0.173329275 0.4423828125 0.173329275 0.44140625 0.175443046875 0.439453125 0.1838981328125 0.44140625 0.7672991078125 0.443359375 0.8222571703125 0.4443359375 0.8243709421875
0 0.4755859375 0.8243709421875 0.478515625 0.8180296265625 0.48046875 0.6362452656250001 0.478515625 0.1923532203125 0.4755859375 0.1860119046875 0.4619140625 0.1860119046875 0.4609375 0.1881256765625 0.458984375 0.1965807625 0.4609375 0.8180296265625 0.4638671875 0.8243709421875 0.4755859375 0.8243709421875
0 0.4892578125 0.8201433984375001 0.494140625 0.8138020828125001 0.49609375 0.4967363359375 0.49609375 0.171215503125 0.4951171875 0.16910173125 0.4833984375 0.16910173125 0.48046875 0.175443046875 0.478515625 0.1965807625 0.478515625 0.809574540625 0.4853515625 0.8201433984375001 0.4892578125 0.8201433984375001
0 0.51171875 0.8138020828125001 0.513671875 0.6742931546875 0.515625 0.175443046875 0.5087890625 0.1648741890625 0.4990234375 0.16910173125 0.49609375 0.175443046875 0.494140625 0.809574540625 0.4970703125 0.8201433984375001 0.5087890625 0.8201433984375001 0.51171875 0.8138020828125001
0 0.53125 0.8053469968750001 0.53515625 0.2769040859375 0.53515625 0.166987959375 0.5341796875 0.1648741890625 0.5166015625 0.1648741890625 0.515625 0.166987959375 0.513671875 0.31072443125000004 0.51171875 0.809574540625 0.5146484375 0.8159158546875 0.5263671875 0.8159158546875 0.53125 0.8053469968750001
0 0.5419921875 0.8159158546875 0.546875 0.809574540625 0.548828125 0.7292512171875 0.552734375 0.344544778125 0.552734375 0.166987959375 0.5517578125 0.1648741890625 0.5380859375 0.1648741890625 0.53515625 0.171215503125 0.533203125 0.3572274078125 0.53125 0.6108800046875 0.53125 0.809574540625 0.5361328125 0.8159158546875 0.5419921875 0.8159158546875
0 0.5615234375 0.8159158546875 0.564453125 0.809574540625 0.5703125 0.4248681 0.572265625 0.1627604171875 0.5693359375 0.1564191015625 0.5576171875 0.1564191015625 0.552734375 0.166987959375 0.55078125 0.37413758124999996 0.548828125 0.6277901781249999 0.548828125 0.8138020828125001 0.5498046875 0.8159158546875 0.5615234375 0.8159158546875
0 0.5751953125 0.8159158546875 0.6005859375 0.8159158546875 0.6142578125 0.8116883109374999 0.62109375 0.801119453125 0.623046875 0.7672991078125 0.638671875 0.234628653125 0.638671875 0.1796705890625 0.6357421875 0.173329275 0.6259765625 0.16910173125 0.5751953125 0.1648741890625 0.572265625 0.175443046875 0.5703125 0.1965807625 0.56640625 0.5770596593749999 0.56640625 0.801119453125 0.5712890625 0.8116883109374999 0.5751953125 0.8159158546875
0 0.64453125 0.5897422890625 0.646484375 0.5347842265625 0.650390625 0.38682021093749996 0.650390625 0.3360896921875 0.6474609375 0.3297483765625 0.6357421875 0.3297483765625 0.634765625 0.3318621484375 0.6328125 0.3572274078125 0.62890625 0.48828125 0.626953125 0.598197375 0.6337890625 0.604538690625 0.6396484375 0.604538690625 0.64453125 0.5897422890625
0 0.6552734375 0.7990056812499999 0.658203125 0.7926643671875 0.66015625 0.7672991078125 0.677734375 0.175443046875 0.6748046875 0.1648741890625 0.6572265625 0.1648741890625 0.6513671875 0.16910173125 0.6435546875 0.1817843609375 0.640625 0.1881256765625 0.638671875 0.20080830624999998 0.63671875 0.2769040859375 0.638671875 0.7926643671875 0.6416015625 0.7990056812499999 0.6552734375 0.7990056812499999
0 0.6728515625 0.7990056812499999 0.6796875 0.7884368234375 0.6953125 0.234628653125 0.6953125 0.226173565625 0.6923828125 0.21983225156250003 0.6787109375 0.21983225156250003 0.67578125 0.226173565625 0.671875 0.314951975 0.662109375 0.6277901781249999 0.658203125 0.7588440203125 0.658203125 0.7926643671875 0.6630859375 0.7990056812499999 0.6728515625 0.7990056812499999
0 0.6982421875 0.7990056812499999 0.701171875 0.7926643671875 0.70703125 0.6404728078125 0.720703125 0.226173565625 0.7177734375 0.21983225156250003 0.6982421875 0.21983225156250003 0.6953125 0.226173565625 0.68359375 0.6024249187499999 0.6796875 0.746161390625 0.6796875 0.7926643671875 0.6826171875 0.7990056812499999 0.6982421875 0.7990056812499999
0 0.7294921875 0.7947781390624999 0.732421875 0.7884368234375 0.734375 0.7672991078125 0.748046875 0.29804180156250004 0.748046875 0.234628653125 0.7412109375 0.22405979375 0.7216796875 0.22405979375 0.71875 0.23040110937499997 0.708984375 0.513646509375 0.703125 0.7081135015625 0.703125 0.7926643671875 0.7041015625 0.7947781390624999 0.7294921875 0.7947781390624999
0 0.7587890625 0.7947781390624999 0.76171875 0.7884368234375 0.763671875 0.77575419375 0.779296875 0.251538825 0.779296875 0.21771847968750002 0.7724609375 0.20714962187500002 0.7509765625 0.20714962187500002 0.748046875 0.2134909359375 0.740234375 0.4798261640625 0.734375 0.6869757843750001 0.734375 0.7926643671875 0.7353515625 0.7947781390624999 0.7587890625 0.7947781390624999
0 0.7666015625 0.7905505953125 0.7724609375 0.7947781390624999 0.7939453125 0.7947781390624999 0.80078125 0.7842092796875 0.802734375 0.7377063046875 0.818359375 0.1838981328125 0.818359375 0.1416227 0.8154296875 0.1352813859375 0.7958984375 0.1310538421875 0.7802734375 0.1352813859375 0.7470703125 0.1648741890625 0.736328125 0.1881256765625 0.736328125 0.20080830624999998 0.763671875 0.7799817375 0.7666015625 0.7905505953125
0 0.82421875 0.7884368234375 0.84375 0.2388561953125 0.84375 0.20503585000000002 0.8427734375 0.202922078125 0.8193359375 0.202922078125 0.81640625 0.2219460234375 0.8046875 0.6151075484375 0.80078125 0.7842092796875 0.8076171875 0.7947781390624999 0.8232421875 0.7905505953125 0.82421875 0.7884368234375
0 0.8271484375 0.7905505953125 0.8603515625 0.7905505953125 0.86328125 0.7799817375 0.865234375 0.750388934375 0.87890625 0.2769040859375 0.880859375 0.14585024375 0.8759765625 0.1352813859375 0.8408203125 0.1352813859375 0.8310546875 0.139508928125 0.8212890625 0.147964015625 0.818359375 0.1543053296875 0.818359375 0.1965807625 0.826171875 0.7884368234375 0.8271484375 0.7905505953125
0 0.8818359375 0.7990056812499999 0.8935546875 0.7990056812499999 0.900390625 0.7926643671875 0.90234375 0.7672991078125 0.908203125 0.581287203125 0.91015625 0.171215503125 0.9072265625 0.1606466453125 0.8857421875 0.1606466453125 0.880859375 0.171215503125 0.87109375 0.7292512171875 0.87109375 0.7842092796875 0.8740234375 0.7905505953125 0.8818359375 0.7990056812499999
0 0.9296875 0.7672991078125 0.931640625 0.7334787609375 0.94921875 0.1585328734375 0.94921875 0.1543053296875 0.9462890625 0.147964015625 0.9248046875 0.147964015625 0.923828125 0.1500777875 0.919921875 0.2473112828125 0.908203125 0.6362452656250001 0.90625 0.7672991078125 0.9091796875 0.7736404218749999 0.9267578125 0.7736404218749999 0.9296875 0.7672991078125
0 0.9365234375 0.782095509375 0.9580078125 0.782095509375 0.958984375 0.7799817375 0.9609375 0.7419338468750001 0.978515625 0.20503585000000002 0.978515625 0.1585328734375 0.9755859375 0.1521915578125 0.9521484375 0.1521915578125 0.94921875 0.1585328734375 0.94140625 0.3572274078125 0.931640625 0.6742931546875 0.9296875 0.750388934375 0.9296875 0.7630715640625 0.931640625 0.77575419375 0.9365234375 0.782095509375