1 0.0322265625 0.655269209375 0.0478515625 0.659496753125 0.0615234375 0.659496753125 0.0673828125 0.655269209375 0.0703125 0.6489278953125 0.068359375 0.6108800046875 0.0654296875 0.604538690625 0.0302734375 0.604538690625 0.02734375 0.6108800046875 0.02734375 0.6151075484375 0.029296875 0.6489278953125 0.0322265625 0.655269209375
1 0.0947265625 0.6468141234375 0.09765625 0.6404728078125 0.095703125 0.598197375 0.0927734375 0.5918560609375 0.0693359375 0.5960836031250001 0.068359375 0.598197375 0.068359375 0.6277901781249999 0.0712890625 0.6468141234375 0.0947265625 0.6468141234375
1 0.1162109375 0.659496753125 0.1259765625 0.663724296875 0.1494140625 0.663724296875 0.16015625 0.6573829812499999 0.16015625 0.6235626359374999 0.1572265625 0.608766234375 0.1123046875 0.608766234375 0.111328125 0.6108800046875 0.111328125 0.6193350921875 0.11328125 0.6531554390625 0.1162109375 0.659496753125
1 0.1005859375 0.655269209375 0.1123046875 0.655269209375 0.11328125 0.6531554390625 0.11328125 0.6193350921875 0.111328125 0.6024249187499999 0.1103515625 0.600311146875 0.1064453125 0.600311146875 0.0966796875 0.604538690625 0.095703125 0.6066524624999999 0.095703125 0.6320177218749999 0.09765625 0.6489278953125 0.1005859375 0.655269209375
1 0.1708984375 0.659496753125 0.1845703125 0.659496753125 0.2001953125 0.655269209375 0.201171875 0.6531554390625 0.201171875 0.6108800046875 0.1982421875 0.604538690625 0.1650390625 0.604538690625 0.1640625 0.6066524624999999 0.1640625 0.6489278953125 0.1669921875 0.655269209375 0.1708984375 0.659496753125
1 0.2294921875 0.659496753125 0.232421875 0.6531554390625 0.232421875 0.6362452656250001 0.23046875 0.6108800046875 0.2275390625 0.604538690625 0.2021484375 0.604538690625 0.201171875 0.6066524624999999 0.201171875 0.6489278953125 0.2060546875 0.659496753125 0.2294921875 0.659496753125
1 0.2353515625 0.7017721859375 0.2529296875 0.7059997296875 0.2626953125 0.7059997296875 0.265625 0.6996584140625 0.263671875 0.6235626359374999 0.2607421875 0.6172213203125 0.2333984375 0.6172213203125 0.232421875 0.6193350921875 0.232421875 0.6658380687500001 0.234375 0.6996584140625 0.2353515625 0.7017721859375
1 0.2919921875 0.6679518390625 0.296875 0.6616105250000001 0.296875 0.6151075484375 0.2958984375 0.6129937765625 0.2646484375 0.608766234375 0.263671875 0.6108800046875 0.263671875 0.6573829812499999 0.2666015625 0.6679518390625 0.2919921875 0.6679518390625
1 0.2998046875 0.6679518390625 0.3212890625 0.6679518390625 0.322265625 0.6658380687500001 0.322265625 0.6193350921875 0.3193359375 0.6129937765625 0.2978515625 0.6129937765625 0.296875 0.6151075484375 0.296875 0.6573829812499999 0.298828125 0.6658380687500001 0.2998046875 0.6679518390625
1 0.3486328125 0.6764069265625 0.349609375 0.6742931546875 0.34765625 0.6235626359374999 0.3466796875 0.6214488640625 0.3232421875 0.6214488640625 0.322265625 0.6235626359374999 0.322265625 0.6616105250000001 0.3251953125 0.6764069265625 0.3486328125 0.6764069265625
1 0.3798828125 0.6806344703125 0.384765625 0.6700656109375001 0.3828125 0.6235626359374999 0.3818359375 0.6214488640625 0.3486328125 0.6214488640625 0.34765625 0.6235626359374999 0.34765625 0.6616105250000001 0.3505859375 0.6806344703125 0.3798828125 0.6806344703125
1 0.3896484375 0.6806344703125 0.4072265625 0.6806344703125 0.4140625 0.6700656109375001 0.4140625 0.6531554390625 0.412109375 0.6235626359374999 0.4111328125 0.6214488640625 0.3857421875 0.6214488640625 0.384765625 0.6235626359374999 0.384765625 0.6742931546875 0.3857421875 0.6764069265625 0.3896484375 0.6806344703125
1 0.4189453125 0.6679518390625 0.4638671875 0.6679518390625 0.46484375 0.6658380687500001 0.46484375 0.6151075484375 0.4638671875 0.6129937765625 0.4169921875 0.608766234375 0.4140625 0.6151075484375 0.4140625 0.6616105250000001 0.4150390625 0.663724296875 0.4189453125 0.6679518390625
1 0.4677734375 0.6721793828125 0.4853515625 0.6764069265625 0.5068359375 0.6764069265625 0.509765625 0.6700656109375001 0.509765625 0.6193350921875 0.5087890625 0.6172213203125 0.4658203125 0.6172213203125 0.46484375 0.6193350921875 0.46484375 0.6277901781249999 0.466796875 0.6700656109375001 0.4677734375 0.6721793828125
1 0.5595703125 0.6764069265625 0.5625 0.6700656109375001 0.5625 0.6277901781249999 0.5595703125 0.6214488640625 0.5126953125 0.6172213203125 0.51171875 0.6193350921875 0.51171875 0.6700656109375001 0.5146484375 0.6764069265625 0.5595703125 0.6764069265625
1 0.5673828125 0.659496753125 0.5810546875 0.663724296875 0.6025390625 0.663724296875 0.60546875 0.6573829812499999 0.60546875 0.6066524624999999 0.6044921875 0.604538690625 0.5654296875 0.604538690625 0.564453125 0.6066524624999999 0.564453125 0.6193350921875 0.56640625 0.6573829812499999 0.5673828125 0.659496753125
1 0.6259765625 0.6806344703125 0.6318359375 0.6764069265625 0.6328125 0.6742931546875 0.6328125 0.6193350921875 0.6318359375 0.6172213203125 0.6064453125 0.6172213203125 0.60546875 0.6193350921875 0.60546875 0.6700656109375001 0.6103515625 0.6806344703125 0.6259765625 0.6806344703125
1 0.6376953125 0.6848620125 0.6650390625 0.6848620125 0.66796875 0.6785206984375 0.66796875 0.6277901781249999 0.6650390625 0.6214488640625 0.6357421875 0.6214488640625 0.6328125 0.6277901781249999 0.6328125 0.6658380687500001 0.634765625 0.6785206984375 0.6376953125 0.6848620125
1 0.6962890625 0.68908955625 0.697265625 0.6869757843750001 0.697265625 0.6277901781249999 0.6962890625 0.62567640625 0.6689453125 0.62567640625 0.66796875 0.6277901781249999 0.66796875 0.682748240625 0.6708984375 0.68908955625 0.6962890625 0.68908955625
1 0.7431640625 0.6848620125 0.74609375 0.6785206984375 0.74609375 0.6277901781249999 0.7431640625 0.6214488640625 0.7001953125 0.6172213203125 0.69921875 0.6193350921875 0.69921875 0.682748240625 0.7001953125 0.6848620125 0.7431640625 0.6848620125
1 0.7509765625 0.6933171 0.7978515625 0.6933171 0.798828125 0.6912033281250001 0.80078125 0.6362452656250001 0.7978515625 0.62990395 0.7490234375 0.62990395 0.74609375 0.6362452656250001 0.74609375 0.6447003515625 0.748046875 0.6869757843750001 0.7509765625 0.6933171
0 0.0419921875 0.7947781390624999 0.0498046875 0.7990056812499999 0.0732421875 0.7990056812499999 0.076171875 0.7926643671875 0.076171875 0.7672991078125 0.072265625 0.6742931546875 0.056640625 0.40373038437500003 0.0546875 0.38682021093749996 0.0537109375 0.3847064390625 0.0224609375 0.3847064390625 0.0166015625 0.38893398281249997 0.015625 0.3910477546875 0.015625 0.4206405578125 0.037109375 0.77152665 0.0419921875 0.7947781390624999
0 0.0791015625 0.7990056812499999 0.0947265625 0.8032332249999999 0.1005859375 0.7990056812499999 0.103515625 0.7926643671875 0.103515625 0.7588440203125 0.080078125 0.27267654218750004 0.078125 0.251538825 0.0751953125 0.24519751093750003 0.0517578125 0.24519751093750003 0.05078125 0.2473112828125 0.048828125 0.25999391250000004 0.048828125 0.2684489984375 0.076171875 0.7842092796875 0.0791015625 0.7990056812499999
0 0.12109375 0.8053469968750001 0.1259765625 0.8201433984375001 0.1357421875 0.8243709421875 0.1552734375 0.8243709421875 0.1650390625 0.8159158546875 0.16796875 0.809574540625 0.177734375 0.1881256765625 0.1748046875 0.1817843609375 0.0966796875 0.1860119046875 0.09375 0.1965807625 0.091796875 0.2219460234375 0.091796875 0.2388561953125 0.119140625 0.7884368234375 0.12109375 0.8053469968750001
0 0.095703125 0.598197375 0.0986328125 0.604538690625 0.1083984375 0.604538690625 0.111328125 0.598197375 0.134765625 0.175443046875 0.1279296875 0.16910173125 0.1142578125 0.1648741890625 0.0869140625 0.1648741890625 0.0771484375 0.16910173125 0.07421875 0.175443046875 0.07421875 0.1838981328125 0.09375 0.5770596593749999 0.095703125 0.598197375
0 0.2001953125 0.8159158546875 0.20703125 0.8053469968750001 0.20703125 0.7926643671875 0.201171875 0.6151075484375 0.18359375 0.2092633921875 0.1806640625 0.198694534375 0.1630859375 0.198694534375 0.1455078125 0.202922078125 0.14453125 0.20503585000000002 0.142578125 0.21771847968750002 0.169921875 0.8053469968750001 0.1748046875 0.8159158546875 0.2001953125 0.8159158546875
0 0.2119140625 0.8159158546875 0.2333984375 0.8159158546875 0.23828125 0.809574540625 0.23828125 0.77575419375 0.2265625 0.4671435328125 0.21484375 0.1965807625 0.212890625 0.175443046875 0.2099609375 0.1648741890625 0.1845703125 0.1648741890625 0.181640625 0.171215503125 0.181640625 0.1838981328125 0.20703125 0.8053469968750001 0.2119140625 0.8159158546875
0 0.234375 0.6658380687500001 0.2373046875 0.6721793828125 0.2626953125 0.6721793828125 0.263671875 0.6700656109375001 0.263671875 0.5897422890625 0.25390625 0.29804180156250004 0.2509765625 0.2832454 0.2216796875 0.2832454 0.21875 0.289586715625 0.21875 0.3064968890625 0.23046875 0.6066524624999999 0.234375 0.6658380687500001
0 0.3154296875 0.832826028125 0.3251953125 0.832826028125 0.328125 0.8264847124999999 0.328125 0.7842092796875 0.310546875 0.166987959375 0.3037109375 0.1606466453125 0.2861328125 0.1648741890625 0.28515625 0.166987959375 0.283203125 0.175443046875 0.283203125 0.20080830624999998 0.302734375 0.8264847124999999 0.3154296875 0.832826028125
0 0.328125 0.8264847124999999 0.3310546875 0.8370535718750001 0.3369140625 0.8412811140625 0.3505859375 0.8412811140625 0.353515625 0.8349398000000001 0.353515625 0.801119453125 0.3359375 0.171215503125 0.3349609375 0.16910173125 0.3115234375 0.16910173125 0.310546875 0.171215503125 0.310546875 0.23040110937499997 0.322265625 0.6573829812499999 0.328125 0.8264847124999999
0 0.353515625 0.83916734375 0.3564453125 0.8497362015625001 0.3681640625 0.8539637453125 0.3779296875 0.8539637453125 0.38671875 0.8476224296874999 0.38671875 0.7630715640625 0.375 0.2219460234375 0.373046875 0.175443046875 0.3662109375 0.1648741890625 0.3388671875 0.16910173125 0.3359375 0.175443046875 0.3359375 0.20503585000000002 0.341796875 0.45023336093750005 0.353515625 0.83916734375
0 0.388671875 0.83071225625 0.3935546875 0.8412811140625 0.4111328125 0.8412811140625 0.416015625 0.8349398000000001 0.41796875 0.8222571703125 0.40234375 0.1796705890625 0.400390625 0.166987959375 0.3974609375 0.1606466453125 0.3857421875 0.1606466453125 0.3779296875 0.1648741890625 0.376953125 0.166987959375 0.376953125 0.20503585000000002 0.384765625 0.6742931546875 0.388671875 0.83071225625
0 0.41796875 0.83071225625 0.4228515625 0.8412811140625 0.4267578125 0.8455086578125 0.4384765625 0.8497362015625001 0.4619140625 0.8497362015625001 0.466796875 0.8349398000000001 0.46875 0.8180296265625 0.46875 0.7165685875000001 0.45703125 0.171215503125 0.4541015625 0.1648741890625 0.4072265625 0.1648741890625 0.4033203125 0.16910173125 0.40234375 0.171215503125 0.40234375 0.1923532203125 0.416015625 0.7884368234375 0.41796875 0.83071225625
0 0.470703125 0.83071225625 0.4755859375 0.8455086578125 0.4912109375 0.8497362015625001 0.5048828125 0.8497362015625001 0.5107421875 0.8455086578125 0.513671875 0.83916734375 0.513671875 0.7884368234375 0.5078125 0.4713710765625 0.5 0.1543053296875 0.4970703125 0.147964015625 0.4794921875 0.147964015625 0.4638671875 0.1521915578125 0.458984375 0.1585328734375 0.45703125 0.166987959375 0.45703125 0.24308373906249997 0.46484375 0.6362452656250001 0.470703125 0.83071225625
0 0.515625 0.8433948859375 0.5185546875 0.8497362015625001 0.5341796875 0.8539637453125 0.5615234375 0.8539637453125 0.56640625 0.8433948859375 0.56640625 0.7799817375 0.560546875 0.1416227 0.5517578125 0.12682629843749998 0.5400390625 0.12682629843749998 0.5068359375 0.139508928125 0.50390625 0.14585024375 0.5 0.1627604171875 0.5 0.20503585000000002 0.513671875 0.8053469968750001 0.515625 0.8433948859375
0 0.568359375 0.8264847124999999 0.5712890625 0.832826028125 0.5771484375 0.8370535718750001 0.6044921875 0.8370535718750001 0.607421875 0.83071225625 0.607421875 0.695430871875 0.603515625 0.395275296875 0.599609375 0.1923532203125 0.59765625 0.1585328734375 0.5947265625 0.1521915578125 0.5830078125 0.1521915578125 0.5654296875 0.1564191015625 0.5595703125 0.1606466453125 0.55859375 0.1627604171875 0.55859375 0.3276346046875 0.56640625 0.8053469968750001 0.568359375 0.8264847124999999
0 0.609375 0.8518499734375 0.6142578125 0.8581912875000001 0.6337890625 0.8581912875000001 0.634765625 0.8560775156249999 0.634765625 0.695430871875 0.62890625 0.171215503125 0.626953125 0.12471252656250001 0.6259765625 0.12259875468749999 0.6142578125 0.12259875468749999 0.6025390625 0.12682629843749998 0.59765625 0.13739515625 0.59765625 0.166987959375 0.607421875 0.8433948859375 0.609375 0.8518499734375
0 0.63671875 0.860305059375 0.6396484375 0.866646375 0.6435546875 0.8708739171875 0.6650390625 0.8708739171875 0.669921875 0.860305059375 0.669921875 0.809574540625 0.6640625 0.112029896875 0.6591796875 0.1056885828125 0.6494140625 0.1056885828125 0.6337890625 0.109916125 0.6298828125 0.11414366875 0.62890625 0.11625744062500001 0.62890625 0.3276346046875 0.634765625 0.8264847124999999 0.63671875 0.860305059375
0 0.6748046875 0.8751014609375 0.6962890625 0.8751014609375 0.69921875 0.8687601468749999 0.69921875 0.6785206984375 0.6953125 0.12048498437499999 0.693359375 0.112029896875 0.6884765625 0.1056885828125 0.6708984375 0.1056885828125 0.6640625 0.11625744062500001 0.662109375 0.12471252656250001 0.662109375 0.1585328734375 0.669921875 0.860305059375 0.6748046875 0.8751014609375
0 0.6962890625 0 0.6953125 0.002113771875 0.693359375 0.0105688578125 0.693359375 0.10357481093750001 0.69921875 0.77152665 0.701171875 0.864532603125 0.7060546875 0.8751014609375 0.7138671875 0.8793290046875001 0.7392578125 0.8793290046875001 0.744140625 0.8687601468749999 0.74609375 0.8518499734375 0.75 0.0147964015625 0.7451171875 0 0.6962890625 0
0 0.7939453125 0.62990395 0.7978515625 0.62567640625 0.80078125 0.6151075484375 0.806640625 0.23040110937499997 0.806640625 0.0993472671875 0.8037109375 0.093005953125 0.7529296875 0.093005953125 0.75 0.0993472671875 0.748046875 0.1543053296875 0.74609375 0.4248681 0.74609375 0.6108800046875 0.7490234375 0.62990395 0.7939453125 0.62990395