1 0.0556640625 0.718682359375 0.0654296875 0.714454815625 0.072265625 0.7081135015625 0.072265625 0.6869757843750001 0.0703125 0.6573829812499999 0.0673828125 0.6510416671875 0.0263671875 0.659496753125 0.025390625 0.6616105250000001 0.025390625 0.695430871875 0.0283203125 0.718682359375 0.0556640625 0.718682359375
1 0.0791015625 0.714454815625 0.0927734375 0.714454815625 0.1123046875 0.7102272734375 0.119140625 0.6996584140625 0.119140625 0.682748240625 0.1171875 0.6531554390625 0.1162109375 0.6510416671875 0.0751953125 0.6510416671875 0.07421875 0.6531554390625 0.07421875 0.6869757843750001 0.076171875 0.7081135015625 0.0791015625 0.714454815625
1 0.1220703125 0.7102272734375 0.1533203125 0.7102272734375 0.154296875 0.7081135015625 0.154296875 0.6573829812499999 0.1513671875 0.6510416671875 0.1181640625 0.6510416671875 0.1171875 0.6531554390625 0.1171875 0.6700656109375001 0.119140625 0.7038859578125 0.1220703125 0.7102272734375
1 0.1806640625 0.7271374453125 0.1962890625 0.7229099031249999 0.2041015625 0.718682359375 0.20703125 0.71234104375 0.20703125 0.6912033281250001 0.2041015625 0.663724296875 0.1552734375 0.663724296875 0.154296875 0.6658380687500001 0.154296875 0.7165685875000001 0.1572265625 0.7271374453125 0.1806640625 0.7271374453125
1 0.2177734375 0.714454815625 0.2412109375 0.714454815625 0.2568359375 0.7059997296875 0.259765625 0.6996584140625 0.259765625 0.6658380687500001 0.2568359375 0.6468141234375 0.2158203125 0.659496753125 0.21484375 0.6616105250000001 0.21484375 0.6742931546875 0.216796875 0.71234104375 0.2177734375 0.714454815625
1 0.2998046875 0.714454815625 0.3173828125 0.7059997296875 0.3203125 0.6996584140625 0.31640625 0.6531554390625 0.3134765625 0.6468141234375 0.2861328125 0.659496753125 0.28515625 0.6616105250000001 0.28515625 0.682748240625 0.2900390625 0.714454815625 0.2998046875 0.714454815625
1 0.3251953125 0.7229099031249999 0.3505859375 0.714454815625 0.3662109375 0.7059997296875 0.369140625 0.6996584140625 0.369140625 0.6869757843750001 0.3642578125 0.6510416671875 0.3544921875 0.6510416671875 0.3193359375 0.6679518390625 0.318359375 0.6700656109375001 0.318359375 0.682748240625 0.322265625 0.7165685875000001 0.3251953125 0.7229099031249999
1 0.3740234375 0.718682359375 0.3876953125 0.718682359375 0.3994140625 0.714454815625 0.4150390625 0.7059997296875 0.421875 0.6996584140625 0.421875 0.6785206984375 0.419921875 0.6573829812499999 0.4169921875 0.6468141234375 0.4111328125 0.6468141234375 0.3701171875 0.663724296875 0.3671875 0.6700656109375001 0.3671875 0.6742931546875 0.37109375 0.7081135015625 0.3740234375 0.718682359375
1 0.4482421875 0.718682359375 0.4599609375 0.714454815625 0.4765625 0.7038859578125 0.4765625 0.6785206984375 0.474609375 0.6573829812499999 0.4716796875 0.6510416671875 0.4228515625 0.663724296875 0.421875 0.6658380687500001 0.421875 0.682748240625 0.4267578125 0.718682359375 0.4482421875 0.718682359375
1 0.4814453125 0.7102272734375 0.5068359375 0.7059997296875 0.5234375 0.695430871875 0.5234375 0.6658380687500001 0.5205078125 0.6425865796875 0.5146484375 0.6425865796875 0.4775390625 0.655269209375 0.4765625 0.6573829812499999 0.4765625 0.682748240625 0.478515625 0.7038859578125 0.4814453125 0.7102272734375
1 0.5283203125 0.718682359375 0.5400390625 0.718682359375 0.5537109375 0.714454815625 0.564453125 0.7081135015625 0.564453125 0.6742931546875 0.5625 0.6573829812499999 0.5595703125 0.6510416671875 0.5244140625 0.663724296875 0.5234375 0.6658380687500001 0.5234375 0.6869757843750001 0.525390625 0.71234104375 0.5283203125 0.718682359375
1 0.5693359375 0.714454815625 0.5869140625 0.714454815625 0.5986328125 0.7102272734375 0.607421875 0.7038859578125 0.607421875 0.6785206984375 0.6044921875 0.6510416671875 0.5966796875 0.6510416671875 0.5654296875 0.659496753125 0.564453125 0.6616105250000001 0.564453125 0.6869757843750001 0.56640625 0.7081135015625 0.5693359375 0.714454815625
1 0.6416015625 0.718682359375 0.6611328125 0.714454815625 0.662109375 0.71234104375 0.662109375 0.6658380687500001 0.6591796875 0.659496753125 0.6298828125 0.659496753125 0.6123046875 0.663724296875 0.609375 0.6700656109375001 0.611328125 0.7165685875000001 0.6123046875 0.718682359375 0.6416015625 0.718682359375
1 0.6982421875 0.7229099031249999 0.7041015625 0.718682359375 0.70703125 0.71234104375 0.705078125 0.6658380687500001 0.7021484375 0.659496753125 0.6630859375 0.6679518390625 0.662109375 0.6700656109375001 0.662109375 0.695430871875 0.6650390625 0.7229099031249999 0.6982421875 0.7229099031249999
1 0.7333984375 0.718682359375 0.7529296875 0.714454815625 0.75390625 0.71234104375 0.75390625 0.6616105250000001 0.7529296875 0.659496753125 0.7294921875 0.659496753125 0.7080078125 0.663724296875 0.70703125 0.6658380687500001 0.70703125 0.71234104375 0.7099609375 0.718682359375 0.7333984375 0.718682359375
1 0.7607421875 0.714454815625 0.7958984375 0.714454815625 0.80078125 0.7038859578125 0.80078125 0.6616105250000001 0.7978515625 0.655269209375 0.7568359375 0.655269209375 0.755859375 0.6573829812499999 0.755859375 0.7081135015625 0.7568359375 0.7102272734375 0.7607421875 0.714454815625
1 0.841796875 0.7081135015625 0.841796875 0.6573829812499999 0.8408203125 0.655269209375 0.8095703125 0.6510416671875 0.8037109375 0.6510416671875 0.802734375 0.6531554390625 0.80078125 0.695430871875 0.8056640625 0.7102272734375 0.8388671875 0.714454815625 0.841796875 0.7081135015625
1 0.8779296875 0.714454815625 0.880859375 0.7081135015625 0.880859375 0.6616105250000001 0.8798828125 0.659496753125 0.8447265625 0.655269209375 0.841796875 0.6616105250000001 0.841796875 0.7081135015625 0.8447265625 0.714454815625 0.8779296875 0.714454815625
1 0.919921875 0.72079613125 0.919921875 0.6700656109375001 0.9189453125 0.6679518390625 0.9111328125 0.663724296875 0.8837890625 0.663724296875 0.8828125 0.6658380687500001 0.880859375 0.71234104375 0.8837890625 0.7229099031249999 0.9189453125 0.7229099031249999 0.919921875 0.72079613125
1 0.9794921875 0.739820075 0.9853515625 0.7355925328125 0.98828125 0.7292512171875 0.98828125 0.6785206984375 0.9873046875 0.6764069265625 0.9482421875 0.6806344703125 0.9453125 0.6869757843750001 0.9453125 0.7377063046875 0.9462890625 0.739820075 0.9794921875 0.739820075
0 0 0.251538825 0.025390625 0.6996584140625 0.037109375 0.8814427765625 0.0400390625 0.892011634375 0.0458984375 0.896239178125 0.0712890625 0.892011634375 0.0771484375 0.8877840906250001 0.080078125 0.8814427765625 0.080078125 0.83916734375 0.072265625 0.6785206984375 0.046875 0.226173565625 0.0400390625 0.2156047078125 0.0048828125 0.21983225156250003 0.001953125 0.226173565625 0 0.234628653125 0 0.251538825
0 0.0888671875 0.8877840906250001 0.1162109375 0.8877840906250001 0.1201171875 0.883556546875 0.125 0.8729876890625 0.119140625 0.682748240625 0.09375 0.20503585000000002 0.0927734375 0.202922078125 0.0888671875 0.202922078125 0.0537109375 0.20714962187500002 0.048828125 0.21771847968750002 0.046875 0.289586715625 0.08203125 0.860305059375 0.083984375 0.8772152328124999 0.0888671875 0.8877840906250001
0 0.1318359375 0.8793290046875001 0.1376953125 0.883556546875 0.1572265625 0.883556546875 0.162109375 0.8772152328124999 0.171875 0.21771847968750002 0.1689453125 0.2113771640625 0.1416015625 0.198694534375 0.1240234375 0.198694534375 0.0986328125 0.202922078125 0.09765625 0.20503585000000002 0.09765625 0.26422145625 0.126953125 0.8687601468749999 0.1318359375 0.8793290046875001
0 0.162109375 0.8772152328124999 0.1640625 0.8898978625 0.1669921875 0.896239178125 0.1728515625 0.9004667203125001 0.1943359375 0.9004667203125001 0.2041015625 0.896239178125 0.212890625 0.8856703187500001 0.212890625 0.8138020828125001 0.19140625 0.2473112828125 0.189453125 0.23040110937499997 0.1865234375 0.22405979375 0.1494140625 0.22405979375 0.1357421875 0.2282873375 0.134765625 0.23040110937499997 0.134765625 0.251538825 0.154296875 0.72079613125 0.162109375 0.8772152328124999
0 0.224609375 0.8729876890625 0.2294921875 0.8877840906250001 0.2509765625 0.8877840906250001 0.2587890625 0.883556546875 0.2666015625 0.8751014609375 0.2734375 0.860305059375 0.275390625 0.8518499734375 0.25390625 0.2092633921875 0.2490234375 0.202922078125 0.2294921875 0.194466990625 0.1962890625 0.194466990625 0.1923828125 0.198694534375 0.19140625 0.20080830624999998 0.19140625 0.2219460234375 0.20703125 0.5601494859375 0.224609375 0.8729876890625
0 0.306640625 0.8729876890625 0.3095703125 0.8793290046875001 0.3232421875 0.8793290046875001 0.3310546875 0.8751014609375 0.3349609375 0.8708739171875 0.33984375 0.860305059375 0.333984375 0.2684489984375 0.33203125 0.2473112828125 0.3291015625 0.236742425 0.3232421875 0.23251488125000003 0.2744140625 0.20714962187500002 0.2705078125 0.20714962187500002 0.2392578125 0.22405979375 0.236328125 0.23040110937499997 0.23828125 0.25999391250000004 0.26171875 0.4798261640625 0.306640625 0.8729876890625
0 0.33984375 0.8687601468749999 0.3447265625 0.883556546875 0.3564453125 0.883556546875 0.3720703125 0.8793290046875001 0.3779296875 0.8751014609375 0.384765625 0.864532603125 0.3828125 0.8222571703125 0.33203125 0.3022693453125 0.330078125 0.293814259375 0.3271484375 0.28747294375 0.3251953125 0.28747294375 0.2880859375 0.3001555734375 0.2841796875 0.3043831171875 0.28125 0.31072443125000004 0.283203125 0.34877232187499996 0.3203125 0.7038859578125 0.33984375 0.8687601468749999
0 0.3671875 0.6785206984375 0.390625 0.8772152328124999 0.3935546875 0.883556546875 0.4130859375 0.883556546875 0.4306640625 0.8751014609375 0.435546875 0.864532603125 0.435546875 0.83916734375 0.38671875 0.289586715625 0.3837890625 0.2790178578125 0.3779296875 0.2747903140625 0.3740234375 0.2747903140625 0.3603515625 0.2790178578125 0.3349609375 0.2917004875 0.33203125 0.29804180156250004 0.33203125 0.314951975 0.333984375 0.3360896921875 0.3671875 0.6785206984375
0 0.4375 0.8518499734375 0.44140625 0.8729876890625 0.4462890625 0.8793290046875001 0.4736328125 0.8793290046875001 0.4814453125 0.8751014609375 0.4853515625 0.8708739171875 0.490234375 0.860305059375 0.490234375 0.8518499734375 0.447265625 0.23040110937499997 0.4404296875 0.2156047078125 0.4345703125 0.2156047078125 0.3896484375 0.23251488125000003 0.38671875 0.2388561953125 0.38671875 0.2684489984375 0.388671875 0.293814259375 0.4375 0.8518499734375
0 0.474609375 0.6447003515625 0.4775390625 0.655269209375 0.4873046875 0.655269209375 0.5185546875 0.6425865796875 0.51953125 0.6404728078125 0.51953125 0.6108800046875 0.513671875 0.5051914234375 0.49609375 0.24308373906249997 0.4931640625 0.236742425 0.4794921875 0.236742425 0.4560546875 0.2409699671875 0.4521484375 0.24519751093750003 0.44921875 0.251538825 0.44921875 0.281131628125 0.462890625 0.48828125 0.474609375 0.6447003515625
0 0.537109375 0.8687601468749999 0.5400390625 0.8793290046875001 0.5458984375 0.883556546875 0.5595703125 0.883556546875 0.5693359375 0.8793290046875001 0.57421875 0.8729876890625 0.57421875 0.8349398000000001 0.5390625 0.234628653125 0.537109375 0.2219460234375 0.5322265625 0.2113771640625 0.5029296875 0.21983225156250003 0.498046875 0.226173565625 0.49609375 0.234628653125 0.498046875 0.28535917187500004 0.5234375 0.6912033281250001 0.537109375 0.8687601468749999
0 0.576171875 0.8687601468749999 0.578125 0.8772152328124999 0.5830078125 0.883556546875 0.6103515625 0.8793290046875001 0.615234375 0.8729876890625 0.615234375 0.8264847124999999 0.58203125 0.13739515625 0.5791015625 0.1310538421875 0.5693359375 0.1310538421875 0.5380859375 0.139508928125 0.53515625 0.14585024375 0.537109375 0.21771847968750002 0.560546875 0.6235626359374999 0.576171875 0.8687601468749999
0 0.6171875 0.8729876890625 0.6201171875 0.8793290046875001 0.6259765625 0.883556546875 0.6591796875 0.883556546875 0.666015625 0.8772152328124999 0.666015625 0.809574540625 0.6484375 0.13739515625 0.6474609375 0.1352813859375 0.6142578125 0.1352813859375 0.5908203125 0.139508928125 0.587890625 0.14585024375 0.587890625 0.1838981328125 0.603515625 0.581287203125 0.6171875 0.8729876890625
0 0.66015625 0.6320177218749999 0.66796875 0.8729876890625 0.669921875 0.8856703187500001 0.6728515625 0.892011634375 0.6787109375 0.896239178125 0.7001953125 0.892011634375 0.7080078125 0.883556546875 0.7109375 0.8772152328124999 0.7109375 0.8560775156249999 0.697265625 0.26422145625 0.6943359375 0.25788014062500003 0.6884765625 0.25365259687499997 0.6728515625 0.25365259687499997 0.6552734375 0.25788014062500003 0.65234375 0.26422145625 0.65234375 0.2769040859375 0.65625 0.4671435328125 0.66015625 0.6320177218749999
0 0.7109375 0.8772152328124999 0.7158203125 0.883556546875 0.7490234375 0.883556546875 0.755859375 0.8772152328124999 0.75390625 0.23040110937499997 0.7451171875 0.21983225156250003 0.7431640625 0.21983225156250003 0.7080078125 0.23251488125000003 0.703125 0.2388561953125 0.701171875 0.2684489984375 0.70703125 0.7377063046875 0.708984375 0.8433948859375 0.7109375 0.8772152328124999
0 0.7578125 0.8772152328124999 0.7607421875 0.883556546875 0.7900390625 0.8877840906250001 0.7978515625 0.883556546875 0.80078125 0.864532603125 0.80078125 0.2684489984375 0.7978515625 0.25788014062500003 0.7587890625 0.25788014062500003 0.755859375 0.26422145625 0.75390625 0.3234070609375 0.75390625 0.4460058171875 0.755859375 0.7672991078125 0.7578125 0.8772152328124999
0 0.8056640625 0.8877840906250001 0.8369140625 0.8877840906250001 0.83984375 0.8814427765625 0.841796875 0.7588440203125 0.84765625 0.1500777875 0.8447265625 0.143736471875 0.8017578125 0.147964015625 0.7587890625 0.173329275 0.7509765625 0.1817843609375 0.75 0.1838981328125 0.75 0.21771847968750002 0.802734375 0.8814427765625 0.8056640625 0.8877840906250001
0 0.8603515625 0.8877840906250001 0.8759765625 0.8793290046875001 0.87890625 0.8729876890625 0.888671875 0.27267654218750004 0.8857421875 0.25365259687499997 0.8486328125 0.25788014062500003 0.845703125 0.26422145625 0.84375 0.45023336093750005 0.83984375 0.8729876890625 0.8427734375 0.883556546875 0.8505859375 0.8877840906250001 0.8603515625 0.8877840906250001