1 0.1474609375 0.6764069265625 0.150390625 0.6700656109375001 0.150390625 0.6277901781249999 0.1474609375 0.6214488640625 0.1181640625 0.62567640625 0.1083984375 0.62990395 0.107421875 0.6320177218749999 0.107421875 0.682748240625 0.1083984375 0.6848620125 0.1474609375 0.6764069265625
1 0.20703125 0.6700656109375001 0.20703125 0.6235626359374999 0.2041015625 0.6172213203125 0.1552734375 0.6214488640625 0.154296875 0.6235626359374999 0.15234375 0.6700656109375001 0.1552734375 0.6806344703125 0.2041015625 0.6764069265625 0.20703125 0.6700656109375001
1 0.3701171875 0.6848620125 0.37109375 0.682748240625 0.37109375 0.6362452656250001 0.3701171875 0.63413149375 0.3544921875 0.63413149375 0.353515625 0.6362452656250001 0.353515625 0.682748240625 0.3544921875 0.6848620125 0.3701171875 0.6848620125
1 0.3876953125 0.6848620125 0.388671875 0.682748240625 0.388671875 0.6362452656250001 0.3876953125 0.63413149375 0.3740234375 0.62990395 0.37109375 0.6362452656250001 0.37109375 0.682748240625 0.3740234375 0.68908955625 0.3876953125 0.6848620125
1 0.4111328125 0.6848620125 0.4345703125 0.6806344703125 0.435546875 0.6785206984375 0.435546875 0.6320177218749999 0.4326171875 0.62567640625 0.3896484375 0.63413149375 0.388671875 0.6362452656250001 0.388671875 0.682748240625 0.3896484375 0.6848620125 0.4111328125 0.6848620125
1 0.4833984375 0.6806344703125 0.486328125 0.6742931546875 0.486328125 0.6320177218749999 0.4833984375 0.62567640625 0.4482421875 0.62567640625 0.4384765625 0.62990395 0.4375 0.6320177218749999 0.4375 0.6785206984375 0.4384765625 0.6806344703125 0.4833984375 0.6806344703125
1 0.5322265625 0.6848620125 0.53515625 0.6785206984375 0.53515625 0.6362452656250001 0.5244140625 0.62990395 0.5107421875 0.62990395 0.5078125 0.6362452656250001 0.509765625 0.682748240625 0.5107421875 0.6848620125 0.5322265625 0.6848620125
1 0.5068359375 0.6806344703125 0.509765625 0.6742931546875 0.509765625 0.6531554390625 0.5078125 0.6277901781249999 0.5068359375 0.62567640625 0.4873046875 0.62567640625 0.486328125 0.6277901781249999 0.486328125 0.6742931546875 0.4892578125 0.6806344703125 0.5068359375 0.6806344703125
1 0.5712890625 0.6764069265625 0.572265625 0.6742931546875 0.572265625 0.6277901781249999 0.5712890625 0.62567640625 0.5634765625 0.6214488640625 0.5498046875 0.6214488640625 0.5361328125 0.62567640625 0.53515625 0.6277901781249999 0.53515625 0.6785206984375 0.5361328125 0.6806344703125 0.5712890625 0.6764069265625
1 0.5771484375 0.6806344703125 0.6025390625 0.6806344703125 0.603515625 0.6785206984375 0.603515625 0.6320177218749999 0.6005859375 0.62567640625 0.5751953125 0.62567640625 0.572265625 0.6320177218749999 0.572265625 0.6531554390625 0.57421875 0.6742931546875 0.5771484375 0.6806344703125
1 0.6318359375 0.68908955625 0.6328125 0.6869757843750001 0.630859375 0.6404728078125 0.6298828125 0.6383590375 0.6064453125 0.6383590375 0.603515625 0.6447003515625 0.603515625 0.682748240625 0.6064453125 0.68908955625 0.6318359375 0.68908955625
1 0.6962890625 0.6848620125 0.701171875 0.6785206984375 0.701171875 0.6489278953125 0.6982421875 0.62990395 0.6474609375 0.62990395 0.64453125 0.6362452656250001 0.64453125 0.6785206984375 0.6474609375 0.6848620125 0.6962890625 0.6848620125
1 0.7177734375 0.68908955625 0.7646484375 0.68908955625 0.76953125 0.682748240625 0.76953125 0.6573829812499999 0.7666015625 0.63413149375 0.7158203125 0.63413149375 0.712890625 0.6404728078125 0.712890625 0.6616105250000001 0.71484375 0.682748240625 0.7177734375 0.68908955625
1 0.8271484375 0.6848620125 0.828125 0.682748240625 0.828125 0.6362452656250001 0.8251953125 0.62990395 0.7763671875 0.62990395 0.7734375 0.6362452656250001 0.7734375 0.6742931546875 0.7763671875 0.6848620125 0.8271484375 0.6848620125
1 0.8994140625 0.68908955625 0.900390625 0.6869757843750001 0.8984375 0.6404728078125 0.8974609375 0.6383590375 0.8447265625 0.63413149375 0.841796875 0.6404728078125 0.841796875 0.682748240625 0.8447265625 0.68908955625 0.8994140625 0.68908955625
1 0.9619140625 0.6848620125 0.96875 0.6785206984375 0.966796875 0.6362452656250001 0.9638671875 0.62990395 0.9111328125 0.62990395 0.91015625 0.6320177218749999 0.91015625 0.6658380687500001 0.9130859375 0.6848620125 0.9619140625 0.6848620125
0 0.1474609375 0.828598484375 0.150390625 0.8222571703125 0.15234375 0.7672991078125 0.154296875 0.395275296875 0.154296875 0.1331676140625 0.1513671875 0.12682629843749998 0.1455078125 0.12682629843749998 0.1123046875 0.1310538421875 0.109375 0.13739515625 0.10546875 0.8264847124999999 0.1083984375 0.832826028125 0.1396484375 0.832826028125 0.1474609375 0.828598484375
0 0.2109375 0.8264847124999999 0.2158203125 0.8412811140625 0.2802734375 0.8412811140625 0.28515625 0.8264847124999999 0.28515625 0.7799817375 0.27734375 0.12048498437499999 0.2705078125 0.11414366875 0.2080078125 0.11414366875 0.20703125 0.11625744062500001 0.205078125 0.12471252656250001 0.205078125 0.14585024375 0.208984375 0.71234104375 0.2109375 0.8264847124999999
0 0.1865234375 0.8412811140625 0.2080078125 0.832826028125 0.2109375 0.8264847124999999 0.20703125 0.26422145625 0.205078125 0.1331676140625 0.203125 0.12471252656250001 0.2021484375 0.12259875468749999 0.1591796875 0.1183712125 0.15625 0.12471252656250001 0.154296875 0.2219460234375 0.150390625 0.8180296265625 0.15234375 0.8349398000000001 0.1552734375 0.8412811140625 0.1865234375 0.8412811140625
0 0.287109375 0.83916734375 0.2900390625 0.8455086578125 0.3427734375 0.8455086578125 0.3525390625 0.8412811140625 0.35546875 0.8349398000000001 0.35546875 0.2134909359375 0.34765625 0.1331676140625 0.345703125 0.12471252656250001 0.3388671875 0.109916125 0.2841796875 0.11414366875 0.279296875 0.12471252656250001 0.279296875 0.2219460234375 0.28515625 0.7672991078125 0.287109375 0.83916734375
0 0.35546875 0.83916734375 0.3623046875 0.8455086578125 0.373046875 0.83916734375 0.37109375 0.513646509375 0.369140625 0.395275296875 0.365234375 0.25999391250000004 0.36328125 0.2473112828125 0.3603515625 0.2409699671875 0.3525390625 0.2409699671875 0.349609375 0.2473112828125 0.349609375 0.4460058171875 0.3515625 0.6193350921875 0.35546875 0.83916734375
0 0.3779296875 0.8455086578125 0.3837890625 0.8455086578125 0.390625 0.83916734375 0.390625 0.71234104375 0.384765625 0.293814259375 0.3828125 0.24308373906249997 0.3798828125 0.236742425 0.3681640625 0.236742425 0.3671875 0.2388561953125 0.3671875 0.407957928125 0.373046875 0.83916734375 0.3779296875 0.8455086578125
0 0.3935546875 0.8412811140625 0.4111328125 0.8455086578125 0.4365234375 0.8412811140625 0.4375 0.83916734375 0.439453125 0.809574540625 0.4375 0.2219460234375 0.431640625 0.1543053296875 0.4267578125 0.139508928125 0.3876953125 0.139508928125 0.3828125 0.1500777875 0.3828125 0.26422145625 0.390625 0.83071225625 0.3935546875 0.8412811140625
0 0.439453125 0.8053469968750001 0.44140625 0.8433948859375 0.4443359375 0.8497362015625001 0.4833984375 0.8497362015625001 0.490234375 0.83916734375 0.484375 0.2684489984375 0.4814453125 0.262107684375 0.4541015625 0.262107684375 0.4345703125 0.26633522656249997 0.4296875 0.2769040859375 0.4296875 0.28535917187500004 0.43359375 0.5559219421875 0.439453125 0.8053469968750001
0 0.4912109375 0.8455086578125 0.5107421875 0.8455086578125 0.51171875 0.8433948859375 0.51171875 0.7588440203125 0.501953125 0.31072443125000004 0.4990234375 0.3043831171875 0.4931640625 0.3001555734375 0.4892578125 0.3001555734375 0.4853515625 0.3043831171875 0.482421875 0.31072443125000004 0.482421875 0.395275296875 0.48828125 0.8264847124999999 0.4912109375 0.8455086578125
0 0.51171875 0.83916734375 0.5146484375 0.8455086578125 0.5361328125 0.8455086578125 0.537109375 0.8433948859375 0.537109375 0.809574540625 0.529296875 0.3064968890625 0.5263671875 0.3001555734375 0.5146484375 0.3001555734375 0.5048828125 0.3043831171875 0.501953125 0.31072443125000004 0.501953125 0.344544778125 0.5078125 0.6996584140625 0.51171875 0.83916734375
0 0.5390625 0.8433948859375 0.5439453125 0.8497362015625001 0.5712890625 0.8497362015625001 0.576171875 0.8433948859375 0.576171875 0.7588440203125 0.568359375 0.293814259375 0.5654296875 0.2832454 0.5341796875 0.2832454 0.53125 0.289586715625 0.53125 0.45446090312500004 0.537109375 0.8222571703125 0.5390625 0.8433948859375
0 0.5791015625 0.8497362015625001 0.6044921875 0.8497362015625001 0.607421875 0.8433948859375 0.607421875 0.7926643671875 0.599609375 0.3234070609375 0.59765625 0.289586715625 0.5927734375 0.2832454 0.5751953125 0.2832454 0.5693359375 0.28747294375 0.568359375 0.289586715625 0.568359375 0.4164130140625 0.576171875 0.8433948859375 0.5791015625 0.8497362015625001
0 0.607421875 0.8433948859375 0.6083984375 0.8455086578125 0.6240234375 0.8497362015625001 0.6337890625 0.8497362015625001 0.634765625 0.8476224296874999 0.634765625 0.7630715640625 0.625 0.3318621484375 0.6201171875 0.321293290625 0.6103515625 0.321293290625 0.6005859375 0.3255208328125 0.599609375 0.3276346046875 0.599609375 0.42909564375000003 0.603515625 0.6785206984375 0.607421875 0.8433948859375
0 0.63671875 0.8433948859375 0.6396484375 0.8497362015625001 0.7060546875 0.8497362015625001 0.708984375 0.83916734375 0.708984375 0.8138020828125001 0.6953125 0.2769040859375 0.693359375 0.25576636875 0.6884765625 0.2409699671875 0.6298828125 0.2409699671875 0.625 0.251538825 0.623046875 0.25999391250000004 0.623046875 0.281131628125 0.634765625 0.7968919109375 0.63671875 0.8433948859375
0 0.708984375 0.8433948859375 0.7373046875 0.8581912875000001 0.7626953125 0.8581912875000001 0.7705078125 0.8497362015625001 0.7734375 0.8433948859375 0.7734375 0.7588440203125 0.765625 0.407957928125 0.76171875 0.281131628125 0.759765625 0.25576636875 0.7548828125 0.2494250546875 0.6962890625 0.2494250546875 0.693359375 0.25576636875 0.693359375 0.25999391250000004 0.703125 0.6616105250000001 0.708984375 0.8433948859375
0 0.7783203125 0.8497362015625001 0.7939453125 0.8539637453125 0.8291015625 0.8539637453125 0.833984375 0.8476224296874999 0.833984375 0.809574540625 0.818359375 0.28535917187500004 0.81640625 0.25576636875 0.8134765625 0.2494250546875 0.8037109375 0.24519751093750003 0.7744140625 0.24519751093750003 0.7646484375 0.25365259687499997 0.76171875 0.25999391250000004 0.76171875 0.281131628125 0.775390625 0.8433948859375 0.7783203125 0.8497362015625001
0 0.8369140625 0.8455086578125 0.8427734375 0.8497362015625001 0.9111328125 0.8539637453125 0.9150390625 0.8497362015625001 0.91796875 0.83916734375 0.91796875 0.8138020828125001 0.900390625 0.281131628125 0.8984375 0.226173565625 0.896484375 0.2092633921875 0.8916015625 0.194466990625 0.8173828125 0.194466990625 0.8125 0.20080830624999998 0.806640625 0.226173565625 0.806640625 0.23040110937499997 0.833984375 0.83916734375 0.8369140625 0.8455086578125
0 0.91796875 0.8433948859375 0.9208984375 0.8497362015625001 0.9814453125 0.8539637453125 0.98828125 0.8433948859375 0.98828125 0.83071225625 0.966796875 0.20503585000000002 0.9619140625 0.1902394484375 0.8974609375 0.1902394484375 0.89453125 0.1965807625 0.89453125 0.20080830624999998 0.91015625 0.6700656109375001 0.91796875 0.8433948859375