1 0.0751953125 0.6848620125 0.0908203125 0.6848620125 0.095703125 0.6785206984375 0.095703125 0.6362452656250001 0.0927734375 0.62990395 0.0712890625 0.63413149375 0.0703125 0.6362452656250001 0.0703125 0.6489278953125 0.072265625 0.6785206984375 0.0751953125 0.6848620125
1 0.1005859375 0.6933171 0.1298828125 0.6933171 0.1328125 0.6869757843750001 0.130859375 0.6489278953125 0.1279296875 0.6425865796875 0.0966796875 0.6425865796875 0.095703125 0.6447003515625 0.095703125 0.6616105250000001 0.09765625 0.6869757843750001 0.1005859375 0.6933171
1 0.1337890625 0.6933171 0.1416015625 0.6975446421875 0.1650390625 0.6975446421875 0.16796875 0.6912033281250001 0.166015625 0.6489278953125 0.1650390625 0.6468141234375 0.1318359375 0.6468141234375 0.130859375 0.6489278953125 0.130859375 0.6616105250000001 0.1328125 0.6912033281250001 0.1337890625 0.6933171
1 0.1982421875 0.7017721859375 0.19921875 0.6996584140625 0.19921875 0.6658380687500001 0.1962890625 0.6468141234375 0.1689453125 0.6468141234375 0.166015625 0.6531554390625 0.16796875 0.6912033281250001 0.1728515625 0.7017721859375 0.1982421875 0.7017721859375
1 0.201171875 0.6996584140625 0.2021484375 0.7017721859375 0.2099609375 0.7017721859375 0.2197265625 0.6975446421875 0.220703125 0.695430871875 0.220703125 0.6573829812499999 0.2158203125 0.6468141234375 0.2001953125 0.6468141234375 0.197265625 0.6531554390625 0.197265625 0.6573829812499999 0.19921875 0.6912033281250001 0.201171875 0.6996584140625
1 0.2255859375 0.6933171 0.2451171875 0.6933171 0.25 0.6869757843750001 0.248046875 0.6447003515625 0.2451171875 0.6383590375 0.2216796875 0.6425865796875 0.220703125 0.6447003515625 0.220703125 0.6573829812499999 0.22265625 0.6869757843750001 0.2255859375 0.6933171
1 0.2587890625 0.7017721859375 0.2666015625 0.6975446421875 0.26953125 0.6912033281250001 0.267578125 0.6489278953125 0.2666015625 0.6468141234375 0.2509765625 0.6468141234375 0.248046875 0.6531554390625 0.25 0.6912033281250001 0.2529296875 0.6975446421875 0.2587890625 0.7017721859375
1 0.2724609375 0.6975446421875 0.2802734375 0.6975446421875 0.283203125 0.6912033281250001 0.283203125 0.6489278953125 0.2822265625 0.6468141234375 0.2685546875 0.6468141234375 0.267578125 0.6489278953125 0.267578125 0.6658380687500001 0.26953125 0.6912033281250001 0.2724609375 0.6975446421875
1 0.3037109375 0.7102272734375 0.3193359375 0.7059997296875 0.3203125 0.7038859578125 0.3203125 0.6616105250000001 0.3173828125 0.655269209375 0.2861328125 0.655269209375 0.28515625 0.6573829812499999 0.28515625 0.6912033281250001 0.2880859375 0.7059997296875 0.3037109375 0.7102272734375
1 0.3466796875 0.6975446421875 0.349609375 0.6912033281250001 0.349609375 0.6573829812499999 0.3466796875 0.6468141234375 0.3212890625 0.6468141234375 0.3203125 0.6489278953125 0.3203125 0.6742931546875 0.3232421875 0.6975446421875 0.3466796875 0.6975446421875
1 0.3544921875 0.7059997296875 0.3916015625 0.7059997296875 0.396484375 0.6996584140625 0.396484375 0.6658380687500001 0.3935546875 0.6510416671875 0.3505859375 0.6510416671875 0.349609375 0.6531554390625 0.349609375 0.682748240625 0.3515625 0.6996584140625 0.3544921875 0.7059997296875
1 0.4345703125 0.7102272734375 0.4375 0.7038859578125 0.4375 0.6616105250000001 0.4345703125 0.655269209375 0.4013671875 0.659496753125 0.400390625 0.6616105250000001 0.400390625 0.7038859578125 0.4033203125 0.7102272734375 0.4345703125 0.7102272734375
1 0.4658203125 0.7059997296875 0.4990234375 0.7059997296875 0.50390625 0.6996584140625 0.50390625 0.6573829812499999 0.5009765625 0.6510416671875 0.4560546875 0.6510416671875 0.455078125 0.6531554390625 0.455078125 0.6996584140625 0.4560546875 0.7017721859375 0.4658203125 0.7059997296875
1 0.4423828125 0.714454815625 0.4521484375 0.714454815625 0.455078125 0.7081135015625 0.455078125 0.6658380687500001 0.4521484375 0.659496753125 0.4384765625 0.659496753125 0.4375 0.6616105250000001 0.4375 0.6869757843750001 0.439453125 0.7081135015625 0.4423828125 0.714454815625
1 0.5498046875 0.718682359375 0.55078125 0.7165685875000001 0.55078125 0.6700656109375001 0.5478515625 0.663724296875 0.5048828125 0.663724296875 0.50390625 0.6658380687500001 0.50390625 0.71234104375 0.5068359375 0.718682359375 0.5498046875 0.718682359375
1 0.5791015625 0.714454815625 0.580078125 0.71234104375 0.580078125 0.6616105250000001 0.5791015625 0.659496753125 0.5517578125 0.659496753125 0.55078125 0.6616105250000001 0.55078125 0.7081135015625 0.5537109375 0.714454815625 0.5791015625 0.714454815625
1 0.6064453125 0.7102272734375 0.609375 0.7038859578125 0.609375 0.6573829812499999 0.6083984375 0.655269209375 0.5830078125 0.655269209375 0.58203125 0.6573829812499999 0.58203125 0.7038859578125 0.5849609375 0.7102272734375 0.6064453125 0.7102272734375
1 0.7021484375 0.7229099031249999 0.703125 0.72079613125 0.703125 0.6700656109375001 0.7001953125 0.663724296875 0.6865234375 0.663724296875 0.685546875 0.6658380687500001 0.685546875 0.7165685875000001 0.6884765625 0.7229099031249999 0.7021484375 0.7229099031249999
1 0.7099609375 0.7271374453125 0.7294921875 0.7271374453125 0.736328125 0.72079613125 0.736328125 0.6700656109375001 0.7353515625 0.6679518390625 0.7060546875 0.6679518390625 0.703125 0.6742931546875 0.703125 0.72079613125 0.7041015625 0.7229099031249999 0.7099609375 0.7271374453125
1 0.7451171875 0.7313649890625 0.7763671875 0.7313649890625 0.77734375 0.7292512171875 0.77734375 0.6785206984375 0.7763671875 0.6764069265625 0.7529296875 0.6721793828125 0.7412109375 0.6721793828125 0.740234375 0.6742931546875 0.73828125 0.6869757843750001 0.73828125 0.72079613125 0.7412109375 0.7271374453125 0.7451171875 0.7313649890625
1 0.8525390625 0.714454815625 0.857421875 0.7038859578125 0.857421875 0.6616105250000001 0.8544921875 0.655269209375 0.7958984375 0.655269209375 0.79296875 0.6616105250000001 0.79296875 0.7081135015625 0.7978515625 0.714454815625 0.8525390625 0.714454815625
1 0.8857421875 0.7271374453125 0.888671875 0.72079613125 0.890625 0.7038859578125 0.890625 0.6700656109375001 0.8876953125 0.663724296875 0.8759765625 0.663724296875 0.873046875 0.6700656109375001 0.87109375 0.71234104375 0.8740234375 0.7229099031249999 0.8798828125 0.7271374453125 0.8857421875 0.7271374453125
1 0.9287109375 0.6975446421875 0.9296875 0.695430871875 0.931640625 0.6658380687500001 0.931640625 0.6447003515625 0.9306640625 0.6425865796875 0.9169921875 0.6383590375 0.8935546875 0.6383590375 0.890625 0.6447003515625 0.890625 0.695430871875 0.8916015625 0.6975446421875 0.9287109375 0.6975446421875
1 0.6767578125 0.7229099031249999 0.6796875 0.7165685875000001 0.6796875 0.6742931546875 0.6767578125 0.6679518390625 0.6201171875 0.6679518390625 0.619140625 0.6700656109375001 0.619140625 0.72079613125 0.6201171875 0.7229099031249999 0.6767578125 0.7229099031249999
0 0.0849609375 0.8370535718750001 0.0986328125 0.8370535718750001 0.10546875 0.8264847124999999 0.10546875 0.8138020828125001 0.072265625 0.2684489984375 0.0703125 0.251538825 0.0654296875 0.2409699671875 0.0478515625 0.24519751093750003 0.044921875 0.251538825 0.044921875 0.281131628125 0.080078125 0.8222571703125 0.0849609375 0.8370535718750001
0 0.087890625 0.54746685625 0.10546875 0.8264847124999999 0.1103515625 0.832826028125 0.1318359375 0.832826028125 0.134765625 0.8264847124999999 0.13671875 0.8138020828125001 0.134765625 0.2092633921875 0.1279296875 0.202922078125 0.0966796875 0.202922078125 0.0751953125 0.20714962187500002 0.072265625 0.2134909359375 0.072265625 0.21771847968750002 0.078125 0.3656824953125 0.087890625 0.54746685625
0 0.1396484375 0.8412811140625 0.1669921875 0.8412811140625 0.171875 0.83071225625 0.171875 0.7842092796875 0.169921875 0.72079613125 0.146484375 0.24308373906249997 0.1435546875 0.21983225156250003 0.1103515625 0.21983225156250003 0.107421875 0.226173565625 0.107421875 0.2388561953125 0.134765625 0.8264847124999999 0.1396484375 0.8412811140625
0 0.1767578125 0.8370535718750001 0.1806640625 0.8412811140625 0.2021484375 0.8412811140625 0.205078125 0.8349398000000001 0.205078125 0.8138020828125001 0.181640625 0.2388561953125 0.1796875 0.23040110937499997 0.1748046875 0.21983225156250003 0.1474609375 0.21983225156250003 0.14453125 0.226173565625 0.14453125 0.2388561953125 0.171875 0.8264847124999999 0.1767578125 0.8370535718750001
0 0.2099609375 0.8455086578125 0.2216796875 0.8455086578125 0.2265625 0.83916734375 0.330078125 0.1965807625 0.330078125 0.1796705890625 0.328125 0.166987959375 0.3232421875 0.1606466453125 0.2060546875 0.1310538421875 0.1806640625 0.1310538421875 0.177734375 0.13739515625 0.177734375 0.1796705890625 0.205078125 0.8349398000000001 0.2099609375 0.8455086578125
0 0.2294921875 0.8455086578125 0.2490234375 0.8455086578125 0.255859375 0.8349398000000001 0.26953125 0.25999391250000004 0.2666015625 0.25365259687499997 0.2080078125 0.25365259687499997 0.2041015625 0.25788014062500003 0.203125 0.25999391250000004 0.203125 0.289586715625 0.2265625 0.83916734375 0.2294921875 0.8455086578125
0 0.2626953125 0.8412811140625 0.2705078125 0.8412811140625 0.275390625 0.8349398000000001 0.275390625 0.8053469968750001 0.251953125 0.31072443125000004 0.25 0.293814259375 0.2470703125 0.28747294375 0.2373046875 0.28747294375 0.234375 0.293814259375 0.232421875 0.3022693453125 0.255859375 0.8264847124999999 0.2578125 0.8349398000000001 0.2626953125 0.8412811140625
0 0.2783203125 0.8370535718750001 0.2880859375 0.8370535718750001 0.2890625 0.8349398000000001 0.2890625 0.801119453125 0.28515625 0.682748240625 0.26953125 0.293814259375 0.2646484375 0.28747294375 0.2568359375 0.28747294375 0.2529296875 0.2917004875 0.251953125 0.293814259375 0.251953125 0.340317234375 0.275390625 0.8264847124999999 0.2783203125 0.8370535718750001
0 0.2958984375 0.8412811140625 0.3232421875 0.8412811140625 0.32421875 0.83916734375 0.32421875 0.7630715640625 0.322265625 0.695430871875 0.306640625 0.29804180156250004 0.3046875 0.27267654218750004 0.3017578125 0.26633522656249997 0.2744140625 0.26633522656249997 0.271484375 0.27267654218750004 0.2734375 0.38682021093749996 0.2890625 0.83071225625 0.2958984375 0.8412811140625
0 0.3291015625 0.8455086578125 0.3525390625 0.8455086578125 0.35546875 0.83916734375 0.380859375 0.26422145625 0.380859375 0.23040110937499997 0.3779296875 0.22405979375 0.3447265625 0.2156047078125 0.3232421875 0.2156047078125 0.3076171875 0.21983225156250003 0.3046875 0.226173565625 0.3046875 0.2684489984375 0.326171875 0.83916734375 0.3291015625 0.8455086578125
0 0.357421875 0.8433948859375 0.3603515625 0.8497362015625001 0.3740234375 0.8539637453125 0.3896484375 0.8539637453125 0.3974609375 0.8497362015625001 0.400390625 0.8433948859375 0.400390625 0.8053469968750001 0.3984375 0.6869757843750001 0.384765625 0.27267654218750004 0.3818359375 0.25365259687499997 0.3427734375 0.25365259687499997 0.3388671875 0.25788014062500003 0.3359375 0.26422145625 0.3359375 0.314951975 0.35546875 0.8222571703125 0.357421875 0.8433948859375
0 0.4111328125 0.8539637453125 0.4365234375 0.8539637453125 0.44140625 0.8476224296874999 0.44140625 0.77152665 0.435546875 0.5601494859375 0.43359375 0.522101596875 0.4326171875 0.5199878250000001 0.4228515625 0.5199878250000001 0.3974609375 0.5242153671875001 0.39453125 0.5305566828125 0.39453125 0.5347842265625 0.40625 0.8476224296874999 0.4111328125 0.8539637453125
0 0.4462890625 0.8539637453125 0.4580078125 0.8539637453125 0.458984375 0.8518499734375 0.458984375 0.24308373906249997 0.4521484375 0.22405979375 0.4443359375 0.2156047078125 0.4326171875 0.2156047078125 0.427734375 0.2219460234375 0.42578125 0.2473112828125 0.44140625 0.8349398000000001 0.443359375 0.8476224296874999 0.4462890625 0.8539637453125
0 0.4609375 0.8518499734375 0.4638671875 0.8581912875000001 0.4736328125 0.86241883125 0.4990234375 0.86241883125 0.50390625 0.8560775156249999 0.50390625 0.6658380687500001 0.49609375 0.289586715625 0.494140625 0.2684489984375 0.4921875 0.25999391250000004 0.4853515625 0.25365259687499997 0.4501953125 0.25788014062500003 0.4462890625 0.262107684375 0.443359375 0.2684489984375 0.443359375 0.28535917187500004 0.458984375 0.83916734375 0.4609375 0.8518499734375
0 0.5078125 0.860305059375 0.5166015625 0.866646375 0.5498046875 0.866646375 0.552734375 0.860305059375 0.552734375 0.77152665 0.546875 0.25999391250000004 0.544921875 0.2219460234375 0.5419921875 0.2156047078125 0.5029296875 0.2156047078125 0.5 0.2219460234375 0.498046875 0.234628653125 0.498046875 0.3234070609375 0.50390625 0.7165685875000001 0.5078125 0.860305059375
0 0.583984375 0.8560775156249999 0.5869140625 0.86241883125 0.5927734375 0.866646375 0.6083984375 0.866646375 0.609375 0.864532603125 0.609375 0.234628653125 0.6064453125 0.22405979375 0.5810546875 0.22405979375 0.578125 0.23040110937499997 0.578125 0.344544778125 0.580078125 0.6277901781249999 0.583984375 0.8560775156249999
0 0.5556640625 0.86241883125 0.5791015625 0.86241883125 0.58203125 0.8518499734375 0.58203125 0.77575419375 0.578125 0.23040110937499997 0.5751953125 0.202922078125 0.5654296875 0.198694534375 0.5498046875 0.202922078125 0.546875 0.2092633921875 0.546875 0.344544778125 0.552734375 0.8560775156249999 0.5556640625 0.86241883125
0 0.61328125 0.860305059375 0.6181640625 0.8751014609375 0.6455078125 0.8793290046875001 0.6787109375 0.8793290046875001 0.68359375 0.8687601468749999 0.685546875 0.45446090312500004 0.68359375 0.289586715625 0.6787109375 0.2790178578125 0.6474609375 0.2790178578125 0.6123046875 0.2832454 0.611328125 0.28535917187500004 0.609375 0.29804180156250004 0.609375 0.37413758124999996 0.611328125 0.72079613125 0.61328125 0.860305059375
0 0.6982421875 0.8793290046875001 0.701171875 0.8729876890625 0.703125 0.71234104375 0.703125 0.13739515625 0.7001953125 0.1310538421875 0.6904296875 0.1310538421875 0.6767578125 0.143736471875 0.669921875 0.1585328734375 0.66796875 0.175443046875 0.685546875 0.8729876890625 0.6904296875 0.8793290046875001 0.6982421875 0.8793290046875001
0 0.7138671875 0.8793290046875001 0.7314453125 0.8793290046875001 0.736328125 0.8687601468749999 0.73828125 0.746161390625 0.7421875 0.1923532203125 0.7373046875 0.1817843609375 0.7177734375 0.1817843609375 0.7060546875 0.1860119046875 0.703125 0.1923532203125 0.701171875 0.49250879375 0.701171875 0.8687601468749999 0.7041015625 0.8751014609375 0.7138671875 0.8793290046875001
0 0.7744140625 0.883556546875 0.775390625 0.8814427765625 0.77734375 0.809574540625 0.78515625 0.27267654218750004 0.78515625 0.1923532203125 0.7822265625 0.1860119046875 0.7470703125 0.1902394484375 0.7421875 0.20503585000000002 0.736328125 0.860305059375 0.7392578125 0.8793290046875001 0.7509765625 0.883556546875 0.7744140625 0.883556546875
0 0.7880859375 0.883556546875 0.8095703125 0.8877840906250001 0.8447265625 0.8877840906250001 0.8603515625 0.883556546875 0.865234375 0.8729876890625 0.8671875 0.8476224296874999 0.88671875 0.2092633921875 0.8837890625 0.1860119046875 0.7900390625 0.1860119046875 0.787109375 0.1923532203125 0.78515625 0.20080830624999998 0.78125 0.4417782734375 0.77734375 0.7799817375 0.77734375 0.8687601468749999 0.7822265625 0.8793290046875001 0.7880859375 0.883556546875
0 0.8837890625 0.8793290046875001 0.88671875 0.864532603125 0.904296875 0.2684489984375 0.904296875 0.23040110937499997 0.8994140625 0.22405979375 0.8896484375 0.22405979375 0.884765625 0.234628653125 0.876953125 0.5009638796875 0.8671875 0.8349398000000001 0.8671875 0.8772152328124999 0.8681640625 0.8793290046875001 0.8837890625 0.8793290046875001
0 0.9208984375 0.86241883125 0.923828125 0.8560775156249999 0.92578125 0.8433948859375 0.94921875 0.3022693453125 0.951171875 0.2388561953125 0.951171875 0.166987959375 0.9482421875 0.1606466453125 0.9404296875 0.1521915578125 0.9306640625 0.147964015625 0.9091796875 0.147964015625 0.9033203125 0.1521915578125 0.890625 0.175443046875 0.884765625 0.8560775156249999 0.8876953125 0.866646375 0.9111328125 0.866646375 0.9208984375 0.86241883125