1 0.1142578125 0.6721793828125 0.1279296875 0.6679518390625 0.130859375 0.6616105250000001 0.12890625 0.6066524624999999 0.1279296875 0.604538690625 0.1123046875 0.604538690625 0.1025390625 0.608766234375 0.1015625 0.6108800046875 0.1015625 0.6700656109375001 0.1025390625 0.6721793828125 0.1142578125 0.6721793828125
1 0.1708984375 0.6679518390625 0.18359375 0.6616105250000001 0.18359375 0.6193350921875 0.1806640625 0.604538690625 0.1455078125 0.604538690625 0.1298828125 0.608766234375 0.12890625 0.6108800046875 0.12890625 0.6616105250000001 0.1337890625 0.6721793828125 0.1708984375 0.6679518390625
1 0.2392578125 0.659496753125 0.244140625 0.6531554390625 0.244140625 0.6066524624999999 0.2412109375 0.5960836031250001 0.2021484375 0.5960836031250001 0.1845703125 0.600311146875 0.18359375 0.6024249187499999 0.18359375 0.6573829812499999 0.1865234375 0.663724296875 0.2392578125 0.659496753125
1 0.2763671875 0.655269209375 0.3056640625 0.6510416671875 0.310546875 0.6404728078125 0.30859375 0.5897422890625 0.3076171875 0.5876285171875 0.2451171875 0.5960836031250001 0.244140625 0.598197375 0.244140625 0.6489278953125 0.2470703125 0.655269209375 0.2763671875 0.655269209375
1 0.3408203125 0.6679518390625 0.341796875 0.6658380687500001 0.341796875 0.6066524624999999 0.3408203125 0.604538690625 0.3232421875 0.604538690625 0.3173828125 0.608766234375 0.31640625 0.6108800046875 0.31640625 0.6658380687500001 0.3173828125 0.6679518390625 0.3408203125 0.6679518390625
1 0.3466796875 0.6806344703125 0.3916015625 0.6764069265625 0.392578125 0.6742931546875 0.392578125 0.6151075484375 0.3916015625 0.6129937765625 0.3603515625 0.6129937765625 0.3447265625 0.6172213203125 0.341796875 0.6235626359374999 0.341796875 0.6277901781249999 0.34375 0.6742931546875 0.3466796875 0.6806344703125
1 0.4326171875 0.663724296875 0.435546875 0.6573829812499999 0.43359375 0.6024249187499999 0.4326171875 0.600311146875 0.3994140625 0.600311146875 0.3935546875 0.604538690625 0.392578125 0.6066524624999999 0.392578125 0.6616105250000001 0.3955078125 0.6679518390625 0.4326171875 0.663724296875
1 0.4912109375 0.659496753125 0.494140625 0.6531554390625 0.494140625 0.6024249187499999 0.4912109375 0.5960836031250001 0.4365234375 0.5960836031250001 0.435546875 0.598197375 0.43359375 0.6108800046875 0.435546875 0.6573829812499999 0.4365234375 0.659496753125 0.4912109375 0.659496753125
1 0.5361328125 0.663724296875 0.537109375 0.6616105250000001 0.537109375 0.6066524624999999 0.5341796875 0.600311146875 0.4951171875 0.600311146875 0.494140625 0.6024249187499999 0.494140625 0.6573829812499999 0.4970703125 0.663724296875 0.5361328125 0.663724296875
1 0.5751953125 0.6764069265625 0.576171875 0.6742931546875 0.576171875 0.6235626359374999 0.5732421875 0.6129937765625 0.5380859375 0.6129937765625 0.537109375 0.6151075484375 0.537109375 0.6658380687500001 0.5400390625 0.6764069265625 0.5751953125 0.6764069265625
1 0.6279296875 0.655269209375 0.62890625 0.6531554390625 0.62890625 0.598197375 0.6259765625 0.5918560609375 0.5771484375 0.5918560609375 0.576171875 0.5939698328125 0.576171875 0.6531554390625 0.5771484375 0.655269209375 0.6279296875 0.655269209375
1 0.6962890625 0.659496753125 0.697265625 0.6573829812499999 0.697265625 0.6066524624999999 0.6943359375 0.5960836031250001 0.6337890625 0.5960836031250001 0.6328125 0.598197375 0.630859375 0.6108800046875 0.6328125 0.6573829812499999 0.6337890625 0.659496753125 0.6962890625 0.659496753125
1 0.7021484375 0.6721793828125 0.7451171875 0.6721793828125 0.74609375 0.6700656109375001 0.748046875 0.6573829812499999 0.74609375 0.6108800046875 0.7451171875 0.608766234375 0.7001953125 0.608766234375 0.697265625 0.6151075484375 0.697265625 0.6658380687500001 0.6982421875 0.6679518390625 0.7021484375 0.6721793828125
1 0.7998046875 0.655269209375 0.80078125 0.6531554390625 0.80078125 0.598197375 0.7998046875 0.5960836031250001 0.7490234375 0.5918560609375 0.74609375 0.598197375 0.74609375 0.6489278953125 0.7490234375 0.655269209375 0.7998046875 0.655269209375
1 0.8486328125 0.659496753125 0.849609375 0.6573829812499999 0.849609375 0.598197375 0.8486328125 0.5960836031250001 0.8037109375 0.5960836031250001 0.80078125 0.6024249187499999 0.80078125 0.6531554390625 0.8037109375 0.659496753125 0.8486328125 0.659496753125
1 0.8525390625 0.6679518390625 0.8720703125 0.6679518390625 0.873046875 0.6658380687500001 0.873046875 0.6320177218749999 0.87109375 0.6108800046875 0.8701171875 0.608766234375 0.8505859375 0.608766234375 0.849609375 0.6108800046875 0.849609375 0.6573829812499999 0.8515625 0.6658380687500001 0.8525390625 0.6679518390625
1 0.9130859375 0.6721793828125 0.9228515625 0.6721793828125 0.923828125 0.6700656109375001 0.923828125 0.6151075484375 0.9208984375 0.608766234375 0.9052734375 0.604538690625 0.8798828125 0.604538690625 0.876953125 0.6108800046875 0.876953125 0.6658380687500001 0.8779296875 0.6679518390625 0.9130859375 0.6721793828125
1 0.9560546875 0.655269209375 0.95703125 0.6531554390625 0.95703125 0.6024249187499999 0.9541015625 0.5960836031250001 0.9248046875 0.5960836031250001 0.923828125 0.598197375 0.923828125 0.6531554390625 0.9248046875 0.655269209375 0.9560546875 0.655269209375
0 0.1298828125 0.8497362015625001 0.1328125 0.83916734375 0.130859375 0.6785206984375 0.1259765625 0.659496753125 0.1044921875 0.659496753125 0.103515625 0.6616105250000001 0.1015625 0.6700656109375001 0.1015625 0.8433948859375 0.1044921875 0.8497362015625001 0.1298828125 0.8497362015625001
0 0.1259765625 0.62567640625 0.12890625 0.6024249187499999 0.146484375 0.1416227 0.1376953125 0.12259875468749999 0.1259765625 0.1056885828125 0.1025390625 0.1056885828125 0.099609375 0.112029896875 0.1015625 0.6066524624999999 0.1044921875 0.6129937765625 0.1259765625 0.62567640625
0 0.134765625 0.8560775156249999 0.1396484375 0.86241883125 0.1630859375 0.86241883125 0.1826171875 0.8539637453125 0.185546875 0.8433948859375 0.1796875 0.1500777875 0.1748046875 0.143736471875 0.1357421875 0.143736471875 0.1259765625 0.147964015625 0.123046875 0.1543053296875 0.123046875 0.2769040859375 0.1328125 0.8476224296874999 0.134765625 0.8560775156249999
0 0.185546875 0.801119453125 0.1875 0.8560775156249999 0.1923828125 0.86241883125 0.2333984375 0.8581912875000001 0.2412109375 0.8539637453125 0.24609375 0.8433948859375 0.240234375 0.20503585000000002 0.23828125 0.14585024375 0.2353515625 0.139508928125 0.1826171875 0.139508928125 0.181640625 0.1416227 0.181640625 0.1838981328125 0.18359375 0.6277901781249999 0.185546875 0.801119453125
0 0.2470703125 0.8539637453125 0.3115234375 0.8539637453125 0.31640625 0.83916734375 0.3125 0.1585328734375 0.3095703125 0.143736471875 0.2431640625 0.143736471875 0.240234375 0.1500777875 0.240234375 0.314951975 0.24609375 0.8518499734375 0.2470703125 0.8539637453125
0 0.3896484375 0.6129937765625 0.392578125 0.6066524624999999 0.390625 0.3699100375 0.3876953125 0.3635687234375 0.3427734375 0.3635687234375 0.341796875 0.3656824953125 0.341796875 0.6066524624999999 0.3447265625 0.6172213203125 0.3896484375 0.6129937765625
0 0.2470703125 0.8539637453125 0.2705078125 0.8581912875000001 0.3115234375 0.8539637453125 0.314453125 0.8433948859375 0.314453125 0.5094189671875 0.3125 0.1585328734375 0.3095703125 0.143736471875 0.2529296875 0.143736471875 0.2431640625 0.147964015625 0.240234375 0.1543053296875 0.240234375 0.2219460234375 0.24609375 0.8518499734375 0.2470703125 0.8539637453125
0 0.3193359375 0.8581912875000001 0.3388671875 0.8581912875000001 0.34375 0.8518499734375 0.33984375 0.12894007031250002 0.3349609375 0.1183712125 0.3134765625 0.1183712125 0.3125 0.12048498437499999 0.3125 0.28535917187500004 0.31640625 0.83071225625 0.3193359375 0.8581912875000001
0 0.3974609375 0.8539637453125 0.4033203125 0.8581912875000001 0.4208984375 0.8581912875000001 0.4345703125 0.8539637453125 0.4375 0.8476224296874999 0.427734375 0.1881256765625 0.4248046875 0.1817843609375 0.3916015625 0.1817843609375 0.390625 0.1838981328125 0.388671875 0.1923532203125 0.388671875 0.25999391250000004 0.39453125 0.8476224296874999 0.3974609375 0.8539637453125
0 0.4423828125 0.8539637453125 0.4912109375 0.8581912875000001 0.49609375 0.8518499734375 0.49609375 0.8138020828125001 0.4921875 0.166987959375 0.490234375 0.1416227 0.4853515625 0.12682629843749998 0.4521484375 0.12682629843749998 0.4306640625 0.1310538421875 0.427734375 0.13739515625 0.427734375 0.24308373906249997 0.4375 0.8433948859375 0.4423828125 0.8539637453125
0 0.5009765625 0.8581912875000001 0.5361328125 0.8581912875000001 0.5390625 0.8518499734375 0.5390625 0.7165685875000001 0.533203125 0.234628653125 0.53125 0.2092633921875 0.5283203125 0.202922078125 0.4970703125 0.202922078125 0.490234375 0.2092633921875 0.48828125 0.21771847968750002 0.48828125 0.25576636875 0.49609375 0.8476224296874999 0.5009765625 0.8581912875000001
0 0.5439453125 0.8581912875000001 0.5732421875 0.8581912875000001 0.578125 0.8476224296874999 0.578125 0.7165685875000001 0.572265625 0.175443046875 0.5703125 0.1416227 0.5654296875 0.1352813859375 0.5400390625 0.1352813859375 0.5341796875 0.139508928125 0.53125 0.14585024375 0.53125 0.20080830624999998 0.5390625 0.8433948859375 0.5439453125 0.8581912875000001
0 0.580078125 0.8433948859375 0.5830078125 0.8539637453125 0.5869140625 0.8581912875000001 0.6083984375 0.8581912875000001 0.6298828125 0.8497362015625001 0.6328125 0.8349398000000001 0.623046875 0.1500777875 0.6201171875 0.143736471875 0.5751953125 0.147964015625 0.572265625 0.1543053296875 0.572265625 0.1796705890625 0.578125 0.8053469968750001 0.580078125 0.8433948859375
0 0.6328125 0.8433948859375 0.6357421875 0.8497362015625001 0.6591796875 0.8539637453125 0.6962890625 0.8497362015625001 0.69921875 0.8433948859375 0.69921875 0.7926643671875 0.6953125 0.112029896875 0.69140625 0.0866646375 0.6884765625 0.0760957796875 0.6240234375 0.08032332187499999 0.623046875 0.08243709375 0.62109375 0.09089218125000001 0.62109375 0.12471252656250001 0.630859375 0.801119453125 0.6328125 0.8433948859375
0 0.701171875 0.8433948859375 0.7060546875 0.8497362015625001 0.7451171875 0.8497362015625001 0.75 0.83916734375 0.75 0.809574540625 0.744140625 0.38682021093749996 0.740234375 0.226173565625 0.73828125 0.2134909359375 0.7333984375 0.202922078125 0.7021484375 0.2156047078125 0.6982421875 0.21983225156250003 0.693359375 0.23040110937499997 0.693359375 0.31072443125000004 0.69921875 0.8222571703125 0.701171875 0.8433948859375
0 0.7529296875 0.8455086578125 0.7587890625 0.8497362015625001 0.7919921875 0.8497362015625001 0.7998046875 0.8455086578125 0.802734375 0.8349398000000001 0.80078125 0.5051914234375 0.796875 0.2092633921875 0.7939453125 0.202922078125 0.7861328125 0.198694534375 0.7470703125 0.198694534375 0.7412109375 0.202922078125 0.740234375 0.20503585000000002 0.740234375 0.25999391250000004 0.75 0.83916734375 0.7529296875 0.8455086578125
0 0.802734375 0.83916734375 0.8056640625 0.8455086578125 0.8330078125 0.8497362015625001 0.8525390625 0.8455086578125 0.853515625 0.8433948859375 0.853515625 0.7630715640625 0.845703125 0.251538825 0.84375 0.20080830624999998 0.8408203125 0.194466990625 0.8232421875 0.194466990625 0.7998046875 0.202922078125 0.796875 0.2092633921875 0.796875 0.293814259375 0.80078125 0.7334787609375 0.802734375 0.83916734375
0 0.8740234375 0.8455086578125 0.876953125 0.83916734375 0.876953125 0.8053469968750001 0.873046875 0.3529998640625 0.869140625 0.1500777875 0.8642578125 0.1352813859375 0.8447265625 0.1352813859375 0.8017578125 0.1902394484375 0.798828125 0.1965807625 0.853515625 0.8349398000000001 0.8564453125 0.8455086578125 0.8740234375 0.8455086578125
0 0.876953125 0.8349398000000001 0.8818359375 0.8455086578125 0.9248046875 0.8455086578125 0.927734375 0.83916734375 0.9296875 0.171215503125 0.9169921875 0.1521915578125 0.8720703125 0.147964015625 0.8681640625 0.1521915578125 0.8671875 0.1543053296875 0.8671875 0.171215503125 0.875 0.77575419375 0.876953125 0.8349398000000001
0 0.927734375 0.83071225625 0.9306640625 0.8370535718750001 0.9560546875 0.8370535718750001 0.9609375 0.83071225625 0.9609375 0.750388934375 0.955078125 0.1627604171875 0.9501953125 0.1521915578125 0.9365234375 0.1521915578125 0.92578125 0.1585328734375 0.91796875 0.1923532203125 0.919921875 0.5305566828125 0.92578125 0.7968919109375 0.927734375 0.83071225625