1 0.0322265625 0.769412878125 0.0556640625 0.769412878125 0.0673828125 0.7651853359375 0.07421875 0.7546164765625 0.07421875 0.7334787609375 0.072265625 0.7081135015625 0.0693359375 0.7017721859375 0.0263671875 0.7102272734375 0.025390625 0.71234104375 0.025390625 0.7292512171875 0.029296875 0.7630715640625 0.0322265625 0.769412878125
1 0.0771484375 0.739820075 0.0908203125 0.739820075 0.099609375 0.7334787609375 0.099609375 0.7081135015625 0.0966796875 0.6806344703125 0.0712890625 0.6806344703125 0.0703125 0.682748240625 0.0703125 0.695430871875 0.072265625 0.725023675 0.0771484375 0.739820075
1 0.1025390625 0.7313649890625 0.1201171875 0.7313649890625 0.1318359375 0.7229099031249999 0.13671875 0.7165685875000001 0.13671875 0.6912033281250001 0.134765625 0.6616105250000001 0.1337890625 0.659496753125 0.0986328125 0.6679518390625 0.09765625 0.6700656109375001 0.09765625 0.695430871875 0.099609375 0.725023675 0.1025390625 0.7313649890625
1 0.1396484375 0.7271374453125 0.1435546875 0.7313649890625 0.1474609375 0.7313649890625 0.1650390625 0.7271374453125 0.166015625 0.725023675 0.166015625 0.6742931546875 0.1630859375 0.6679518390625 0.1357421875 0.6721793828125 0.134765625 0.6742931546875 0.134765625 0.682748240625 0.13671875 0.7081135015625 0.1396484375 0.7271374453125
1 0.181640625 0.725023675 0.1826171875 0.7271374453125 0.1943359375 0.7271374453125 0.2041015625 0.7229099031249999 0.205078125 0.72079613125 0.205078125 0.71234104375 0.203125 0.6700656109375001 0.2001953125 0.663724296875 0.1806640625 0.6679518390625 0.177734375 0.6742931546875 0.177734375 0.6785206984375 0.1796875 0.7165685875000001 0.181640625 0.725023675
1 0.1767578125 0.7102272734375 0.1796875 0.7038859578125 0.1796875 0.6785206984375 0.1767578125 0.6510416671875 0.1669921875 0.655269209375 0.166015625 0.6573829812499999 0.166015625 0.7038859578125 0.1708984375 0.714454815625 0.1767578125 0.7102272734375
1 0.2060546875 0.7271374453125 0.2197265625 0.7271374453125 0.22265625 0.72079613125 0.22265625 0.6996584140625 0.220703125 0.6700656109375001 0.2197265625 0.6679518390625 0.2041015625 0.6679518390625 0.203125 0.6700656109375001 0.203125 0.7081135015625 0.205078125 0.725023675 0.2060546875 0.7271374453125
1 0.2255859375 0.739820075 0.2373046875 0.739820075 0.24609375 0.7292512171875 0.24609375 0.6869757843750001 0.2431640625 0.6764069265625 0.2216796875 0.6806344703125 0.220703125 0.682748240625 0.220703125 0.6996584140625 0.22265625 0.7334787609375 0.2255859375 0.739820075
1 0.2509765625 0.7313649890625 0.2802734375 0.7313649890625 0.28125 0.7292512171875 0.283203125 0.7165685875000001 0.28125 0.6785206984375 0.2783203125 0.6721793828125 0.2490234375 0.6721793828125 0.24609375 0.6785206984375 0.24609375 0.6996584140625 0.248046875 0.725023675 0.2509765625 0.7313649890625
1 0.2880859375 0.7313649890625 0.3056640625 0.7313649890625 0.30859375 0.725023675 0.30859375 0.7038859578125 0.306640625 0.6742931546875 0.3056640625 0.6721793828125 0.2822265625 0.6679518390625 0.28125 0.6700656109375001 0.28125 0.7081135015625 0.283203125 0.725023675 0.2880859375 0.7313649890625
1 0.3212890625 0.7355925328125 0.3427734375 0.7355925328125 0.35546875 0.7292512171875 0.357421875 0.6785206984375 0.3544921875 0.6721793828125 0.3095703125 0.6764069265625 0.30859375 0.6785206984375 0.30859375 0.725023675 0.3115234375 0.7313649890625 0.3212890625 0.7355925328125
1 0.3642578125 0.74404761875 0.3837890625 0.74404761875 0.38671875 0.7377063046875 0.38671875 0.6912033281250001 0.3837890625 0.6848620125 0.3583984375 0.6848620125 0.357421875 0.6869757843750001 0.357421875 0.7377063046875 0.3583984375 0.739820075 0.3642578125 0.74404761875
1 0.4091796875 0.7651853359375 0.4287109375 0.7651853359375 0.4296875 0.7630715640625 0.431640625 0.7546164765625 0.431640625 0.7081135015625 0.4306640625 0.7059997296875 0.3876953125 0.6975446421875 0.38671875 0.6996584140625 0.38671875 0.750388934375 0.3896484375 0.7567302484375 0.4091796875 0.7651853359375
1 0.4814453125 0.7567302484375 0.4951171875 0.7567302484375 0.49609375 0.7546164765625 0.498046875 0.7292512171875 0.498046875 0.6996584140625 0.4970703125 0.6975446421875 0.4580078125 0.6848620125 0.455078125 0.6912033281250001 0.455078125 0.7419338468750001 0.4580078125 0.7482751624999999 0.4814453125 0.7567302484375
1 0.4521484375 0.7651853359375 0.453125 0.7630715640625 0.455078125 0.7334787609375 0.455078125 0.71234104375 0.4443359375 0.7059997296875 0.4365234375 0.7059997296875 0.435546875 0.7081135015625 0.435546875 0.7630715640625 0.4365234375 0.7651853359375 0.4521484375 0.7651853359375
1 0.5283203125 0.7609577921875 0.5361328125 0.7609577921875 0.537109375 0.7588440203125 0.5390625 0.750388934375 0.541015625 0.71234104375 0.541015625 0.7038859578125 0.5400390625 0.7017721859375 0.5126953125 0.6933171 0.5009765625 0.6933171 0.498046875 0.6996584140625 0.498046875 0.750388934375 0.4990234375 0.75250270625 0.5283203125 0.7609577921875
1 0.5771484375 0.75250270625 0.5791015625 0.75250270625 0.58203125 0.746161390625 0.583984375 0.7292512171875 0.583984375 0.6912033281250001 0.5830078125 0.68908955625 0.5458984375 0.6806344703125 0.5439453125 0.6806344703125 0.541015625 0.6869757843750001 0.5390625 0.7334787609375 0.5439453125 0.74404761875 0.5517578125 0.7482751624999999 0.5771484375 0.75250270625
1 0.6064453125 0.739820075 0.6181640625 0.739820075 0.619140625 0.7377063046875 0.62109375 0.7292512171875 0.623046875 0.695430871875 0.623046875 0.6869757843750001 0.6220703125 0.6848620125 0.6181640625 0.6806344703125 0.5908203125 0.6721793828125 0.5869140625 0.6721793828125 0.5859375 0.6742931546875 0.583984375 0.695430871875 0.583984375 0.7292512171875 0.5849609375 0.7313649890625 0.6064453125 0.739820075
1 0.6259765625 0.7482751624999999 0.6591796875 0.7482751624999999 0.662109375 0.7419338468750001 0.6640625 0.7165685875000001 0.6640625 0.6912033281250001 0.6630859375 0.68908955625 0.6259765625 0.6848620125 0.623046875 0.6912033281250001 0.62109375 0.71234104375 0.62109375 0.7419338468750001 0.6220703125 0.74404761875 0.6259765625 0.7482751624999999
1 0.6904296875 0.7355925328125 0.6953125 0.72079613125 0.697265625 0.6742931546875 0.6962890625 0.6721793828125 0.6708984375 0.663724296875 0.6689453125 0.663724296875 0.666015625 0.6700656109375001 0.6640625 0.695430871875 0.6640625 0.725023675 0.6728515625 0.7313649890625 0.6904296875 0.7355925328125
1 0.759765625 0.72079613125 0.76171875 0.6742931546875 0.7607421875 0.6721793828125 0.7373046875 0.663724296875 0.7333984375 0.663724296875 0.73046875 0.6700656109375001 0.7265625 0.72079613125 0.7294921875 0.7271374453125 0.7548828125 0.7355925328125 0.759765625 0.72079613125
1 0.7119140625 0.7313649890625 0.7255859375 0.7313649890625 0.7265625 0.7292512171875 0.73046875 0.6785206984375 0.7294921875 0.6721793828125 0.7080078125 0.663724296875 0.7001953125 0.663724296875 0.697265625 0.6700656109375001 0.6953125 0.6996584140625 0.6953125 0.72079613125 0.6982421875 0.7271374453125 0.7119140625 0.7313649890625
1 0.8193359375 0.718682359375 0.822265625 0.71234104375 0.82421875 0.695430871875 0.826171875 0.6742931546875 0.826171875 0.6573829812499999 0.8173828125 0.6510416671875 0.8037109375 0.6468141234375 0.7998046875 0.6468141234375 0.796875 0.6531554390625 0.794921875 0.6742931546875 0.794921875 0.7081135015625 0.8037109375 0.714454815625 0.8193359375 0.718682359375
1 0.7900390625 0.7313649890625 0.791015625 0.7292512171875 0.794921875 0.7038859578125 0.794921875 0.6742931546875 0.7919921875 0.6679518390625 0.7685546875 0.663724296875 0.763671875 0.6742931546875 0.76171875 0.682748240625 0.759765625 0.72079613125 0.7626953125 0.7271374453125 0.7724609375 0.7313649890625 0.7900390625 0.7313649890625
1 0.8330078125 0.7355925328125 0.8642578125 0.7355925328125 0.8671875 0.725023675 0.869140625 0.6996584140625 0.869140625 0.682748240625 0.8681640625 0.6806344703125 0.8623046875 0.6764069265625 0.8310546875 0.6679518390625 0.828125 0.6742931546875 0.826171875 0.6869757843750001 0.82421875 0.7038859578125 0.82421875 0.72079613125 0.8271484375 0.7313649890625 0.8330078125 0.7355925328125
1 0.8798828125 0.7313649890625 0.8828125 0.72079613125 0.88671875 0.6785206984375 0.8837890625 0.6721793828125 0.8720703125 0.6721793828125 0.869140625 0.682748240625 0.8671875 0.7038859578125 0.8671875 0.7292512171875 0.8759765625 0.7355925328125 0.8798828125 0.7313649890625
1 0.9169921875 0.7355925328125 0.919921875 0.7292512171875 0.923828125 0.6912033281250001 0.923828125 0.6785206984375 0.9228515625 0.6764069265625 0.9033203125 0.6721793828125 0.8876953125 0.6721793828125 0.884765625 0.6912033281250001 0.8828125 0.725023675 0.8857421875 0.7313649890625 0.8974609375 0.7355925328125 0.9169921875 0.7355925328125
1 0.9423828125 0.7355925328125 0.947265625 0.7081135015625 0.94921875 0.6742931546875 0.9287109375 0.655269209375 0.92578125 0.6616105250000001 0.923828125 0.6742931546875 0.921875 0.695430871875 0.921875 0.72079613125 0.9326171875 0.7355925328125 0.9423828125 0.7355925328125
1 0.9482421875 0.7567302484375 0.9716796875 0.7567302484375 0.97265625 0.7546164765625 0.978515625 0.71234104375 0.978515625 0.6996584140625 0.9775390625 0.6975446421875 0.9677734375 0.6933171 0.9482421875 0.6933171 0.9453125 0.7081135015625 0.943359375 0.725023675 0.943359375 0.750388934375 0.9443359375 0.75250270625 0.9482421875 0.7567302484375
0 0 0.4713710765625 0.04296875 0.9025804921875 0.0517578125 0.91314935 0.0693359375 0.91314935 0.0751953125 0.9089218078125001 0.0859375 0.89412540625 0.0859375 0.8729876890625 0.06640625 0.6277901781249999 0.03515625 0.25999391250000004 0.0234375 0.1331676140625 0.0185546875 0.12682629843749998 0.0009765625 0.12682629843749998 0 0.12894007031250002 0 0.4713710765625
0 0.0859375 0.8772152328124999 0.087890625 0.8898978625 0.0908203125 0.896239178125 0.0966796875 0.9004667203125001 0.1044921875 0.9004667203125001 0.1103515625 0.896239178125 0.111328125 0.89412540625 0.111328125 0.8856703187500001 0.1015625 0.7292512171875 0.0546875 0.13739515625 0.0517578125 0.1310538421875 0.0439453125 0.12682629843749998 0.0322265625 0.12682629843749998 0.0263671875 0.1310538421875 0.025390625 0.1331676140625 0.025390625 0.1500777875 0.033203125 0.25576636875 0.0859375 0.8772152328124999
0 0.111328125 0.8898978625 0.1181640625 0.9004667203125001 0.1337890625 0.9004667203125001 0.1435546875 0.892011634375 0.146484375 0.8856703187500001 0.1484375 0.8772152328124999 0.1484375 0.860305059375 0.099609375 0.0993472671875 0.091796875 0.052844290625 0.087890625 0.035934117187499996 0.0830078125 0.025365259374999997 0.0791015625 0.0211377171875 0.0615234375 0.0211377171875 0.0498046875 0.025365259374999997 0.048828125 0.02747903125 0.048828125 0.0486167484375 0.05859375 0.20080830624999998 0.111328125 0.8898978625
0 0.146484375 0.8560775156249999 0.1484375 0.8729876890625 0.1513671875 0.8793290046875001 0.1552734375 0.883556546875 0.1630859375 0.883556546875 0.1748046875 0.8751014609375 0.17578125 0.8729876890625 0.17578125 0.860305059375 0.14453125 0.166987959375 0.138671875 0.12471252656250001 0.1357421875 0.1183712125 0.1025390625 0.1183712125 0.1015625 0.12048498437499999 0.1015625 0.1500777875 0.13671875 0.72079613125 0.146484375 0.8560775156249999
0 0.171875 0.8222571703125 0.17578125 0.8729876890625 0.1806640625 0.8793290046875001 0.1875 0.8687601468749999 0.1875 0.8349398000000001 0.173828125 0.5643770296875 0.154296875 0.20080830624999998 0.1513671875 0.1817843609375 0.1435546875 0.1817843609375 0.140625 0.1881256765625 0.140625 0.20503585000000002 0.15625 0.53901176875 0.171875 0.8222571703125
0 0.1904296875 0.8708739171875 0.2021484375 0.8708739171875 0.2080078125 0.866646375 0.2109375 0.8560775156249999 0.2109375 0.8518499734375 0.18359375 0.175443046875 0.1806640625 0.16910173125 0.1552734375 0.16910173125 0.15234375 0.175443046875 0.154296875 0.226173565625 0.1875 0.864532603125 0.1904296875 0.8708739171875
0 0.2109375 0.8814427765625 0.2138671875 0.8877840906250001 0.2255859375 0.8877840906250001 0.228515625 0.8814427765625 0.228515625 0.8729876890625 0.220703125 0.6447003515625 0.201171875 0.1627604171875 0.1943359375 0.1564191015625 0.1884765625 0.1564191015625 0.18359375 0.1627604171875 0.181640625 0.171215503125 0.181640625 0.1881256765625 0.208984375 0.8560775156249999 0.2109375 0.8814427765625
0 0.228515625 0.89412540625 0.2314453125 0.9004667203125001 0.2431640625 0.9004667203125001 0.25 0.8898978625 0.251953125 0.8814427765625 0.251953125 0.8687601468749999 0.23828125 0.1500777875 0.2314453125 0.143736471875 0.2041015625 0.147964015625 0.201171875 0.1543053296875 0.201171875 0.20080830624999998 0.2265625 0.8687601468749999 0.228515625 0.89412540625
0 0.251953125 0.8772152328124999 0.2548828125 0.883556546875 0.2841796875 0.883556546875 0.28515625 0.8814427765625 0.28515625 0.8264847124999999 0.28125 0.1627604171875 0.2763671875 0.1564191015625 0.2333984375 0.1606466453125 0.23046875 0.166987959375 0.228515625 0.175443046875 0.228515625 0.1923532203125 0.25 0.8476224296874999 0.251953125 0.8772152328124999
0 0.2880859375 0.892011634375 0.3076171875 0.896239178125 0.310546875 0.8898978625 0.310546875 0.8138020828125001 0.298828125 0.1796705890625 0.2939453125 0.16910173125 0.2822265625 0.16910173125 0.2705078125 0.17755681875 0.26953125 0.1796705890625 0.26953125 0.2134909359375 0.28515625 0.8814427765625 0.2880859375 0.892011634375
0 0.3134765625 0.9046942640625 0.3232421875 0.9046942640625 0.3544921875 0.896239178125 0.357421875 0.8898978625 0.359375 0.12894007031250002 0.3564453125 0.12259875468749999 0.3447265625 0.1183712125 0.3037109375 0.11414366875 0.298828125 0.12471252656250001 0.298828125 0.1881256765625 0.310546875 0.8983529484374999 0.3134765625 0.9046942640625
0 0.3623046875 0.9089218078125001 0.3759765625 0.91314935 0.3818359375 0.9089218078125001 0.384765625 0.9025804921875 0.38671875 0.8053469968750001 0.388671875 0.12471252656250001 0.3798828125 0.1183712125 0.3603515625 0.1183712125 0.359375 0.12048498437499999 0.357421875 0.12894007031250002 0.357421875 0.8898978625 0.359375 0.9025804921875 0.3623046875 0.9089218078125001
0 0.4033203125 0.92583198125 0.4189453125 0.92583198125 0.427734375 0.915263121875 0.4296875 0.864532603125 0.435546875 0.5770596593749999 0.44140625 0.07820955156250001 0.4384765625 0.0718682359375 0.4150390625 0.06764069218749999 0.3935546875 0.06764069218749999 0.390625 0.0739820078125 0.388671875 0.12471252656250001 0.38671875 0.47559862031250005 0.38671875 0.9110355796875 0.3955078125 0.9216044374999999 0.4033203125 0.92583198125
0 0.4482421875 0.9216044374999999 0.451171875 0.915263121875 0.453125 0.8349398000000001 0.46484375 0.175443046875 0.46484375 0.040161660937499996 0.462890625 0.0232514875 0.4619140625 0.0211377171875 0.4541015625 0.0211377171875 0.4462890625 0.033820346875000004 0.4375 0.052844290625 0.431640625 0.8729876890625 0.43359375 0.9110355796875 0.4365234375 0.91737689375 0.4482421875 0.9216044374999999
0 0.4697265625 0 0.466796875 0.0105688578125 0.453125 0.7630715640625 0.451171875 0.9406283828124999 0.4560546875 0.9511972406250001 0.4853515625 0.9511972406250001 0.490234375 0.9406283828124999 0.4921875 0.923718209375 0.494140625 0.8729876890625 0.515625 0.08243709375 0.515625 0.02747903125 0.5068359375 0 0.4697265625 0
0 0.533203125 0.9406283828124999 0.53515625 0.9279457515624999 0.560546875 0.226173565625 0.560546875 0.20503585000000002 0.5595703125 0.202922078125 0.5126953125 0.2113771640625 0.51171875 0.2134909359375 0.49609375 0.7630715640625 0.4921875 0.9364008390624999 0.4990234375 0.946969696875 0.5263671875 0.9554247828125 0.533203125 0.9406283828124999
0 0.5576171875 0.946969696875 0.5615234375 0.946969696875 0.5654296875 0.942742153125 0.572265625 0.923718209375 0.576171875 0.8856703187500001 0.611328125 0.1838981328125 0.611328125 0.1416227 0.6083984375 0.1352813859375 0.5732421875 0.1352813859375 0.5703125 0.1416227 0.5625 0.1796705890625 0.560546875 0.20503585000000002 0.548828125 0.4798261640625 0.537109375 0.7799817375 0.53515625 0.83916734375 0.53515625 0.915263121875 0.5400390625 0.9300595234375001 0.5576171875 0.946969696875
0 0.5908203125 0.9089218078125001 0.6025390625 0.9089218078125001 0.6083984375 0.9046942640625 0.61328125 0.8560775156249999 0.62109375 0.7292512171875 0.650390625 0.2092633921875 0.65234375 0.166987959375 0.6494140625 0.1564191015625 0.6162109375 0.147964015625 0.6142578125 0.147964015625 0.611328125 0.1543053296875 0.580078125 0.77152665 0.576171875 0.8560775156249999 0.576171875 0.8983529484374999 0.5791015625 0.9046942640625 0.5908203125 0.9089218078125001
0 0.6396484375 0.9089218078125001 0.6474609375 0.9046942640625 0.650390625 0.8983529484374999 0.65234375 0.8898978625 0.662109375 0.746161390625 0.697265625 0.1923532203125 0.697265625 0.1585328734375 0.6962890625 0.1564191015625 0.6748046875 0.1521915578125 0.6533203125 0.1521915578125 0.65234375 0.1543053296875 0.61328125 0.8518499734375 0.611328125 0.89412540625 0.6162109375 0.9046942640625 0.6259765625 0.9089218078125001 0.6396484375 0.9089218078125001
0 0.6689453125 0.9089218078125001 0.6787109375 0.9089218078125001 0.681640625 0.8983529484374999 0.68359375 0.8772152328124999 0.736328125 0.175443046875 0.736328125 0.1543053296875 0.7333984375 0.147964015625 0.7236328125 0.143736471875 0.7021484375 0.143736471875 0.69921875 0.1500777875 0.658203125 0.7799817375 0.65234375 0.8729876890625 0.65234375 0.8983529484374999 0.6552734375 0.9046942640625 0.6689453125 0.9089218078125001
0 0.7099609375 0.9046942640625 0.712890625 0.8983529484374999 0.724609375 0.7588440203125 0.771484375 0.171215503125 0.771484375 0.1543053296875 0.7685546875 0.147964015625 0.7548828125 0.143736471875 0.7392578125 0.143736471875 0.736328125 0.1500777875 0.6953125 0.695430871875 0.68359375 0.8729876890625 0.68359375 0.8983529484374999 0.6904296875 0.9046942640625 0.7099609375 0.9046942640625
0 0.7392578125 0.9089218078125001 0.744140625 0.89412540625 0.80859375 0.166987959375 0.80859375 0.1500777875 0.8037109375 0.143736471875 0.7744140625 0.143736471875 0.771484375 0.1500777875 0.724609375 0.7419338468750001 0.71484375 0.8687601468749999 0.71484375 0.9025804921875 0.7275390625 0.9089218078125001 0.7392578125 0.9089218078125001
0 0.7724609375 0.9046942640625 0.775390625 0.8983529484374999 0.779296875 0.8729876890625 0.841796875 0.2092633921875 0.845703125 0.1543053296875 0.8408203125 0.143736471875 0.8134765625 0.139508928125 0.80859375 0.1500777875 0.78125 0.458688446875 0.74609375 0.8687601468749999 0.74609375 0.8983529484374999 0.7490234375 0.9046942640625 0.7724609375 0.9046942640625
0 0.876953125 0.1416227 0.8740234375 0.1352813859375 0.8486328125 0.1352813859375 0.845703125 0.14585024375 0.83984375 0.226173565625 0.8603515625 0.28747294375 0.86328125 0.281131628125 0.876953125 0.1416227
0 0.8017578125 0.896239178125 0.8046875 0.8898978625 0.806640625 0.8814427765625 0.814453125 0.8138020828125001 0.837890625 0.5643770296875 0.8515625 0.407957928125 0.8515625 0.3910477546875 0.8505859375 0.38893398281249997 0.8251953125 0.3847064390625 0.822265625 0.3910477546875 0.796875 0.6531554390625 0.779296875 0.8560775156249999 0.77734375 0.8856703187500001 0.7802734375 0.892011634375 0.7880859375 0.896239178125 0.8017578125 0.896239178125
0 0.8173828125 0.9004667203125001 0.8427734375 0.9004667203125001 0.84765625 0.8898978625 0.8515625 0.8687601468749999 0.8671875 0.7292512171875 0.92578125 0.1543053296875 0.92578125 0.1416227 0.9228515625 0.1352813859375 0.9052734375 0.1310538421875 0.8818359375 0.1310538421875 0.87890625 0.13739515625 0.857421875 0.344544778125 0.828125 0.6573829812499999 0.80859375 0.8687601468749999 0.80859375 0.8856703187500001 0.8134765625 0.896239178125 0.8173828125 0.9004667203125001
0 0.8818359375 0.6764069265625 0.8857421875 0.6721793828125 0.888671875 0.6616105250000001 0.896484375 0.5939698328125 0.953125 0.035934117187499996 0.953125 0.019023945312500002 0.9443359375 0.012682629687499999 0.9345703125 0.012682629687499999 0.8720703125 0.0211377171875 0.8427734375 0.033820346875000004 0.8369140625 0.0422754328125 0.828125 0.061299378125000005 0.826171875 0.0951197234375 0.873046875 0.6658380687500001 0.8759765625 0.6721793828125 0.8818359375 0.6764069265625
0 0.8818359375 0.9089218078125001 0.8955078125 0.9046942640625 0.900390625 0.89412540625 0.904296875 0.864532603125 0.98828125 0.107802353125 0.98828125 0.0951197234375 0.9853515625 0.088778409375 0.9658203125 0.084550865625 0.9521484375 0.084550865625 0.947265625 0.0951197234375 0.9453125 0.10357481093750001 0.8828125 0.71234104375 0.8671875 0.8729876890625 0.8671875 0.89412540625 0.8701171875 0.9004667203125001 0.8818359375 0.9089218078125001
0 1 0.1585328734375 0.9970703125 0.1521915578125 0.9833984375 0.1521915578125 0.9765625 0.1965807625 0.927734375 0.6362452656250001 0.90625 0.8476224296874999 0.904296875 0.8687601468749999 0.904296875 0.9068080359374999 0.9111328125 0.91737689375 0.9189453125 0.91737689375 0.921875 0.9110355796875 0.9453125 0.72079613125 1 0.234628653125 1 0.1585328734375
0 1 0.234628653125 0.9990234375 0.23251488125000003 0.982421875 0.3699100375 0.927734375 0.8518499734375 0.923828125 0.8898978625 0.923828125 0.9110355796875 0.9267578125 0.91737689375 0.9326171875 0.9216044374999999 0.9501953125 0.9216044374999999 0.95703125 0.9068080359374999 0.958984375 0.89412540625 1 0.5347842265625 1 0.234628653125