1 0.0888671875 0.7778679656249999 0.091796875 0.77152665 0.091796875 0.7165685875000001 0.0908203125 0.714454815625 0.0419921875 0.714454815625 0.041015625 0.7165685875000001 0.0390625 0.7377063046875 0.0390625 0.77575419375 0.0419921875 0.782095509375 0.0888671875 0.7778679656249999
1 0.1533203125 0.7736404218749999 0.15625 0.7672991078125 0.158203125 0.71234104375 0.1552734375 0.7059997296875 0.1162109375 0.7059997296875 0.0947265625 0.7102272734375 0.091796875 0.7165685875000001 0.091796875 0.77152665 0.0927734375 0.7736404218749999 0.1533203125 0.7736404218749999
1 0.1962890625 0.7736404218749999 0.19921875 0.7672991078125 0.201171875 0.725023675 0.201171875 0.71234104375 0.2001953125 0.7102272734375 0.1962890625 0.7059997296875 0.1611328125 0.7059997296875 0.16015625 0.7081135015625 0.158203125 0.7165685875000001 0.158203125 0.7672991078125 0.1611328125 0.7736404218749999 0.1962890625 0.7736404218749999
1 0.255859375 0.7630715640625 0.255859375 0.7081135015625 0.2529296875 0.7017721859375 0.2041015625 0.6975446421875 0.201171875 0.7038859578125 0.19921875 0.7588440203125 0.2021484375 0.7651853359375 0.2529296875 0.769412878125 0.255859375 0.7630715640625
1 0.3037109375 0.75250270625 0.3046875 0.750388934375 0.306640625 0.725023675 0.306640625 0.695430871875 0.3037109375 0.68908955625 0.2607421875 0.68908955625 0.2578125 0.695430871875 0.255859375 0.7334787609375 0.255859375 0.750388934375 0.2568359375 0.75250270625 0.3037109375 0.75250270625
1 0.3525390625 0.7609577921875 0.353515625 0.7588440203125 0.35546875 0.7419338468750001 0.35546875 0.6996584140625 0.3544921875 0.6975446421875 0.3271484375 0.6933171 0.3095703125 0.6933171 0.306640625 0.6996584140625 0.306640625 0.7588440203125 0.3076171875 0.7609577921875 0.3525390625 0.7609577921875
1 0.3974609375 0.7482751624999999 0.3984375 0.746161390625 0.400390625 0.7377063046875 0.400390625 0.6869757843750001 0.3994140625 0.6848620125 0.3603515625 0.6806344703125 0.357421875 0.6869757843750001 0.357421875 0.746161390625 0.3583984375 0.7482751624999999 0.3974609375 0.7482751624999999
1 0.4189453125 0.769412878125 0.419921875 0.7672991078125 0.421875 0.7334787609375 0.421875 0.71234104375 0.4189453125 0.7059997296875 0.4013671875 0.7059997296875 0.400390625 0.7081135015625 0.400390625 0.7672991078125 0.4013671875 0.769412878125 0.4189453125 0.769412878125
1 0.431640625 0.7588440203125 0.431640625 0.695430871875 0.4306640625 0.6933171 0.4228515625 0.6933171 0.421875 0.695430871875 0.419921875 0.7546164765625 0.4228515625 0.7609577921875 0.4306640625 0.7609577921875 0.431640625 0.7588440203125
1 0.4501953125 0.7609577921875 0.453125 0.7546164765625 0.455078125 0.6996584140625 0.4521484375 0.6933171 0.4326171875 0.6933171 0.431640625 0.695430871875 0.431640625 0.7546164765625 0.4326171875 0.7567302484375 0.4501953125 0.7609577921875
1 0.4814453125 0.7651853359375 0.4970703125 0.7651853359375 0.498046875 0.7630715640625 0.5 0.7546164765625 0.5 0.7038859578125 0.4970703125 0.6975446421875 0.4580078125 0.6933171 0.455078125 0.6996584140625 0.455078125 0.7588440203125 0.4560546875 0.7609577921875 0.4814453125 0.7651853359375
1 0.5244140625 0.7355925328125 0.5498046875 0.7355925328125 0.55078125 0.7334787609375 0.55078125 0.6700656109375001 0.5498046875 0.6679518390625 0.5029296875 0.6679518390625 0.501953125 0.6700656109375001 0.5 0.71234104375 0.5 0.7292512171875 0.5009765625 0.7313649890625 0.5244140625 0.7355925328125
1 0.5712890625 0.7355925328125 0.5966796875 0.7355925328125 0.59765625 0.7334787609375 0.59765625 0.6742931546875 0.5966796875 0.6721793828125 0.5869140625 0.6679518390625 0.5537109375 0.663724296875 0.552734375 0.6658380687500001 0.55078125 0.6742931546875 0.55078125 0.725023675 0.5537109375 0.7313649890625 0.5712890625 0.7355925328125
1 0.6083984375 0.7567302484375 0.6259765625 0.7567302484375 0.6298828125 0.75250270625 0.630859375 0.750388934375 0.630859375 0.695430871875 0.6279296875 0.68908955625 0.6025390625 0.68908955625 0.599609375 0.695430871875 0.599609375 0.7419338468750001 0.6015625 0.750388934375 0.6083984375 0.7567302484375
1 0.7099609375 0.7355925328125 0.712890625 0.7334787609375 0.712890625 0.6700656109375001 0.7119140625 0.6679518390625 0.6943359375 0.663724296875 0.6630859375 0.663724296875 0.662109375 0.6658380687500001 0.662109375 0.725023675 0.6630859375 0.7271374453125 0.7099609375 0.7355925328125
1 0.7197265625 0.7482751624999999 0.7568359375 0.75250270625 0.7626953125 0.75250270625 0.763671875 0.750388934375 0.763671875 0.6869757843750001 0.7626953125 0.6848620125 0.7158203125 0.6806344703125 0.71484375 0.682748240625 0.71484375 0.7419338468750001 0.7158203125 0.74404761875 0.7197265625 0.7482751624999999
1 0.8017578125 0.74404761875 0.802734375 0.7419338468750001 0.802734375 0.7038859578125 0.80078125 0.6869757843750001 0.7978515625 0.6806344703125 0.7685546875 0.6806344703125 0.767578125 0.682748240625 0.767578125 0.7377063046875 0.7705078125 0.74404761875 0.8017578125 0.74404761875
1 0.8525390625 0.7313649890625 0.8544921875 0.7313649890625 0.857421875 0.725023675 0.85546875 0.6658380687500001 0.8544921875 0.663724296875 0.8349609375 0.659496753125 0.8037109375 0.659496753125 0.802734375 0.6616105250000001 0.802734375 0.71234104375 0.8056640625 0.7229099031249999 0.8525390625 0.7313649890625
1 0.8701171875 0.7567302484375 0.8798828125 0.7567302484375 0.880859375 0.7546164765625 0.880859375 0.6996584140625 0.8779296875 0.6933171 0.8681640625 0.68908955625 0.8583984375 0.68908955625 0.857421875 0.6912033281250001 0.857421875 0.7292512171875 0.859375 0.750388934375 0.8701171875 0.7567302484375
1 0.9267578125 0.74404761875 0.9443359375 0.74404761875 0.9453125 0.7419338468750001 0.9453125 0.6912033281250001 0.9423828125 0.6764069265625 0.9013671875 0.6721793828125 0.8984375 0.6785206984375 0.8984375 0.7292512171875 0.9013671875 0.739820075 0.9267578125 0.74404761875
1 0.9697265625 0.74404761875 0.970703125 0.7419338468750001 0.970703125 0.6869757843750001 0.96875 0.6785206984375 0.9677734375 0.6764069265625 0.9521484375 0.6764069265625 0.94921875 0.682748240625 0.951171875 0.7377063046875 0.9541015625 0.74404761875 0.9697265625 0.74404761875
1 1 0.6785206984375 0.9990234375 0.6764069265625 0.9697265625 0.6764069265625 0.96875 0.6785206984375 0.96875 0.6912033281250001 0.970703125 0.7377063046875 0.9716796875 0.739820075 0.9990234375 0.739820075 1 0.7377063046875 1 0.6785206984375
0 0.0830078125 0.9638798703125 0.0859375 0.9533110125 0.091796875 0.77152665 0.10546875 0.23040110937499997 0.10546875 0.1923532203125 0.1005859375 0.1860119046875 0.0654296875 0.1817843609375 0.0556640625 0.1860119046875 0.05078125 0.1965807625 0.048828125 0.2092633921875 0.03515625 0.9575385546874999 0.0400390625 0.9723349562499999 0.0712890625 0.9723349562499999 0.0830078125 0.9638798703125
0 0.1298828125 0.9681074140625 0.1435546875 0.9638798703125 0.150390625 0.9533110125 0.15234375 0.9321732953125 0.2109375 0.226173565625 0.2060546875 0.2113771640625 0.1708984375 0.1521915578125 0.1669921875 0.147964015625 0.1142578125 0.143736471875 0.109375 0.1500777875 0.107421875 0.166987959375 0.1015625 0.3360896921875 0.091796875 0.7165685875000001 0.08984375 0.8180296265625 0.08984375 0.9575385546874999 0.0947265625 0.9681074140625 0.1298828125 0.9681074140625
0 0.193359375 0.9490834687499999 0.1953125 0.9321732953125 0.208984375 0.462915990625 0.212890625 0.3022693453125 0.212890625 0.2388561953125 0.2060546875 0.23251488125000003 0.1748046875 0.23251488125000003 0.171875 0.2388561953125 0.158203125 0.71234104375 0.154296875 0.9533110125 0.1572265625 0.9596523265625001 0.1865234375 0.9596523265625001 0.193359375 0.9490834687499999
0 0.2451171875 0.9596523265625001 0.25 0.944855925 0.287109375 0.20503585000000002 0.28515625 0.1965807625 0.2646484375 0.1564191015625 0.2197265625 0.1564191015625 0.216796875 0.1627604171875 0.21484375 0.1881256765625 0.212890625 0.251538825 0.1953125 0.8898978625 0.1953125 0.9533110125 0.1982421875 0.9596523265625001 0.2451171875 0.9596523265625001
0 0.2939453125 0.9596523265625001 0.298828125 0.9490834687499999 0.30078125 0.915263121875 0.306640625 0.7292512171875 0.31640625 0.29804180156250004 0.31640625 0.2219460234375 0.3037109375 0.2156047078125 0.2763671875 0.2156047078125 0.2705078125 0.21983225156250003 0.267578125 0.24308373906249997 0.265625 0.31072443125000004 0.251953125 0.89412540625 0.251953125 0.9533110125 0.2548828125 0.9596523265625001 0.2939453125 0.9596523265625001
0 0.3447265625 0.9554247828125 0.349609375 0.9406283828124999 0.3515625 0.9068080359374999 0.3671875 0.26422145625 0.3671875 0.2219460234375 0.3623046875 0.2156047078125 0.3271484375 0.2156047078125 0.3212890625 0.21983225156250003 0.318359375 0.23040110937499997 0.3046875 0.746161390625 0.302734375 0.864532603125 0.302734375 0.9533110125 0.3037109375 0.9554247828125 0.3447265625 0.9554247828125
0 0.3896484375 0.9554247828125 0.39453125 0.944855925 0.3984375 0.8264847124999999 0.4140625 0.1923532203125 0.4140625 0.1585328734375 0.4111328125 0.1521915578125 0.3759765625 0.1521915578125 0.37109375 0.1627604171875 0.3671875 0.26422145625 0.361328125 0.4798261640625 0.357421875 0.6742931546875 0.353515625 0.8898978625 0.353515625 0.9490834687499999 0.3564453125 0.9554247828125 0.3896484375 0.9554247828125
0 0.41796875 0.944855925 0.421875 0.7672991078125 0.4296875 0.2769040859375 0.4296875 0.1838981328125 0.4287109375 0.1817843609375 0.4169921875 0.1817843609375 0.4140625 0.1881256765625 0.40234375 0.5897422890625 0.39453125 0.944855925 0.3974609375 0.9511972406250001 0.4150390625 0.9511972406250001 0.41796875 0.944855925
0 0.4287109375 0.9554247828125 0.4296875 0.9533110125 0.4453125 0.166987959375 0.4453125 0.1543053296875 0.4384765625 0.143736471875 0.4326171875 0.143736471875 0.4296875 0.1500777875 0.423828125 0.49250879375 0.41796875 0.8856703187500001 0.41796875 0.9533110125 0.4189453125 0.9554247828125 0.4287109375 0.9554247828125
0 0.455078125 0.6869757843750001 0.45703125 0.5897422890625 0.4609375 0.25999391250000004 0.4609375 0.1838981328125 0.4580078125 0.17755681875 0.4443359375 0.17755681875 0.44140625 0.1838981328125 0.439453125 0.2219460234375 0.43359375 0.5263291390625 0.431640625 0.6869757843750001 0.4345703125 0.6933171 0.4501953125 0.6975446421875 0.455078125 0.6869757843750001
0 0.4638671875 0.9596523265625001 0.4775390625 0.9596523265625001 0.4892578125 0.9554247828125 0.49609375 0.944855925 0.5 0.750388934375 0.5078125 0.1796705890625 0.5078125 0.0993472671875 0.4970703125 0.088778409375 0.4677734375 0.084550865625 0.462890625 0.0951197234375 0.4609375 0.175443046875 0.453125 0.77575419375 0.453125 0.9490834687499999 0.4560546875 0.9554247828125 0.4638671875 0.9596523265625001
0 0.5419921875 0.9638798703125 0.546875 0.9490834687499999 0.55078125 0.8264847124999999 0.560546875 0.0993472671875 0.55859375 0.0655269203125 0.5517578125 0.05918560625 0.5185546875 0.06341315 0.5146484375 0.06764069218749999 0.509765625 0.08243709375 0.505859375 0.2769040859375 0.5 0.72079613125 0.498046875 0.9533110125 0.5009765625 0.9638798703125 0.5244140625 0.9681074140625 0.5419921875 0.9638798703125
0 0.5849609375 0.9596523265625001 0.5927734375 0.9554247828125 0.59765625 0.9406283828124999 0.599609375 0.8433948859375 0.60546875 0.0739820078125 0.60546875 0.061299378125000005 0.6005859375 0.050730518749999995 0.5673828125 0.0465029765625 0.560546875 0.057071834375 0.552734375 0.53901176875 0.548828125 0.9364008390624999 0.55078125 0.9490834687499999 0.5556640625 0.9596523265625001 0.5849609375 0.9596523265625001
0 0.6279296875 0.942742153125 0.630859375 0.9364008390624999 0.6328125 0.395275296875 0.6328125 0.12894007031250002 0.6318359375 0.12682629843749998 0.6083984375 0.12259875468749999 0.60546875 0.12894007031250002 0.603515625 0.2134909359375 0.599609375 0.5432393125 0.599609375 0.9406283828124999 0.6005859375 0.942742153125 0.6279296875 0.942742153125
0 0.6552734375 0.942742153125 0.658203125 0.9364008390624999 0.658203125 0.14585024375 0.65625 0.0866646375 0.6533203125 0.08032332187499999 0.6435546875 0.0760957796875 0.6357421875 0.08032332187499999 0.6328125 0.09089218125000001 0.630859375 0.5432393125 0.630859375 0.9364008390624999 0.6337890625 0.942742153125 0.6552734375 0.942742153125
0 0.7177734375 0.9342870671875 0.7255859375 0.9385146109375 0.7646484375 0.9342870671875 0.767578125 0.9279457515624999 0.767578125 0.8222571703125 0.7578125 0.2092633921875 0.7529296875 0.198694534375 0.7412109375 0.194466990625 0.7177734375 0.194466990625 0.712890625 0.20503585000000002 0.7109375 0.2769040859375 0.7109375 0.407957928125 0.71484375 0.923718209375 0.7177734375 0.9342870671875
0 0.6708984375 0.942742153125 0.6943359375 0.942742153125 0.7099609375 0.9385146109375 0.71484375 0.9321732953125 0.7109375 0.11625744062500001 0.708984375 0.07820955156250001 0.7060546875 0.06764069218749999 0.6748046875 0.06341315 0.6630859375 0.06764069218749999 0.66015625 0.07820955156250001 0.658203125 0.11625744062500001 0.66015625 0.9279457515624999 0.6650390625 0.9385146109375 0.6708984375 0.942742153125
0 0.7744140625 0.9300595234375001 0.7900390625 0.9342870671875 0.8037109375 0.9300595234375001 0.806640625 0.923718209375 0.798828125 0.2134909359375 0.791015625 0.1838981328125 0.7880859375 0.17755681875 0.7607421875 0.173329275 0.7529296875 0.1860119046875 0.75 0.1923532203125 0.767578125 0.9110355796875 0.76953125 0.923718209375 0.7744140625 0.9300595234375001
0 0.8115234375 0.9300595234375001 0.8466796875 0.9300595234375001 0.8603515625 0.92583198125 0.86328125 0.915263121875 0.8515625 0.5263291390625 0.849609375 0.5009638796875 0.8466796875 0.494622565625 0.8017578125 0.494622565625 0.798828125 0.5009638796875 0.798828125 0.5305566828125 0.806640625 0.915263121875 0.8115234375 0.9300595234375001
0 0.86328125 0.8983529484374999 0.865234375 0.9194906656249999 0.8681640625 0.92583198125 0.8857421875 0.92583198125 0.88671875 0.923718209375 0.88671875 0.8560775156249999 0.86328125 0.1796705890625 0.8603515625 0.16910173125 0.8525390625 0.16910173125 0.8447265625 0.173329275 0.841796875 0.1796705890625 0.841796875 0.2092633921875 0.8515625 0.5559219421875 0.86328125 0.8983529484374999
0 0.890625 0.8898978625 0.892578125 0.9110355796875 0.8974609375 0.9216044374999999 0.9013671875 0.92583198125 0.9501953125 0.92583198125 0.953125 0.9194906656249999 0.953125 0.9025804921875 0.92578125 0.13739515625 0.9228515625 0.12682629843749998 0.8974609375 0.1183712125 0.8818359375 0.12259875468749999 0.8662109375 0.147964015625 0.861328125 0.1585328734375 0.861328125 0.1627604171875 0.8828125 0.7081135015625 0.890625 0.8898978625
0 1 0.6447003515625 0.98046875 0.1923532203125 0.9755859375 0.1817843609375 0.9658203125 0.17755681875 0.9501953125 0.17755681875 0.9365234375 0.1817843609375 0.9326171875 0.1860119046875 0.927734375 0.1965807625 0.927734375 0.251538825 0.953125 0.9068080359374999 0.955078125 0.915263121875 0.9619140625 0.92583198125 0.9873046875 0.92583198125 0.9990234375 0.9216044374999999 1 0.9194906656249999 1 0.6447003515625