1 0.0439453125 0.6172213203125 0.0673828125 0.6172213203125 0.068359375 0.6151075484375 0.068359375 0.5897422890625 0.06640625 0.568604571875 0.0634765625 0.5622632578125 0.0400390625 0.5664908015625 0.0390625 0.568604571875 0.0390625 0.5855147453125 0.041015625 0.6108800046875 0.0439453125 0.6172213203125
1 0.0732421875 0.6214488640625 0.0869140625 0.6214488640625 0.1005859375 0.6172213203125 0.1015625 0.6151075484375 0.1015625 0.5897422890625 0.0986328125 0.5664908015625 0.0673828125 0.5664908015625 0.06640625 0.568604571875 0.06640625 0.5897422890625 0.0693359375 0.6172213203125 0.0732421875 0.6214488640625
1 0.1044921875 0.6172213203125 0.1337890625 0.6172213203125 0.13671875 0.6108800046875 0.134765625 0.572832115625 0.1318359375 0.5622632578125 0.1025390625 0.5622632578125 0.099609375 0.568604571875 0.099609375 0.5770596593749999 0.1015625 0.6066524624999999 0.1044921875 0.6172213203125
1 0.1376953125 0.6129937765625 0.1689453125 0.6129937765625 0.171875 0.6066524624999999 0.169921875 0.5643770296875 0.1669921875 0.5580357140625 0.1337890625 0.5580357140625 0.1328125 0.5601494859375 0.1328125 0.572832115625 0.134765625 0.6024249187499999 0.1376953125 0.6129937765625
1 0.1806640625 0.63413149375 0.2041015625 0.63413149375 0.2109375 0.6277901781249999 0.212890625 0.6193350921875 0.2109375 0.581287203125 0.2080078125 0.5749458875 0.1728515625 0.57917343125 0.171875 0.581287203125 0.171875 0.6151075484375 0.1748046875 0.62990395 0.1806640625 0.63413149375
1 0.2412109375 0.608766234375 0.25 0.6024249187499999 0.25 0.5770596593749999 0.2470703125 0.549580628125 0.2119140625 0.5580357140625 0.2109375 0.5601494859375 0.2109375 0.6024249187499999 0.2138671875 0.6129937765625 0.2412109375 0.608766234375
1 0.2548828125 0.63413149375 0.2822265625 0.63413149375 0.2919921875 0.62990395 0.294921875 0.6235626359374999 0.294921875 0.5855147453125 0.2919921875 0.5749458875 0.2529296875 0.5749458875 0.25 0.581287203125 0.25 0.5897422890625 0.251953125 0.6193350921875 0.2548828125 0.63413149375
1 0.2998046875 0.63413149375 0.3193359375 0.63413149375 0.326171875 0.6277901781249999 0.32421875 0.581287203125 0.3212890625 0.5749458875 0.2958984375 0.57917343125 0.294921875 0.581287203125 0.294921875 0.5939698328125 0.296875 0.6277901781249999 0.2998046875 0.63413149375
1 0.3427734375 0.6172213203125 0.3662109375 0.6129937765625 0.369140625 0.6066524624999999 0.369140625 0.5601494859375 0.3681640625 0.5580357140625 0.3251953125 0.5622632578125 0.32421875 0.5643770296875 0.32421875 0.598197375 0.3271484375 0.6172213203125 0.3427734375 0.6172213203125
1 0.3994140625 0.608766234375 0.40234375 0.6024249187499999 0.400390625 0.5559219421875 0.3994140625 0.5538081703125 0.3701171875 0.5538081703125 0.369140625 0.5559219421875 0.369140625 0.598197375 0.3720703125 0.608766234375 0.3994140625 0.608766234375
1 0.4287109375 0.6214488640625 0.43359375 0.6151075484375 0.431640625 0.568604571875 0.4287109375 0.5622632578125 0.4033203125 0.5664908015625 0.40234375 0.568604571875 0.40234375 0.6108800046875 0.4072265625 0.62567640625 0.4287109375 0.6214488640625
1 0.4541015625 0.63413149375 0.4716796875 0.62990395 0.47265625 0.6277901781249999 0.47265625 0.581287203125 0.4697265625 0.5707183437500001 0.4345703125 0.5749458875 0.43359375 0.5770596593749999 0.43359375 0.6193350921875 0.4365234375 0.63413149375 0.4541015625 0.63413149375
1 0.5068359375 0.6172213203125 0.509765625 0.6108800046875 0.509765625 0.5770596593749999 0.5068359375 0.5580357140625 0.4736328125 0.5622632578125 0.47265625 0.5643770296875 0.47265625 0.6151075484375 0.4736328125 0.6172213203125 0.5068359375 0.6172213203125
1 0.5458984375 0.5834009734375 0.5712890625 0.57917343125 0.57421875 0.568604571875 0.572265625 0.522101596875 0.5712890625 0.5199878250000001 0.5400390625 0.5199878250000001 0.5146484375 0.5242153671875001 0.51171875 0.5305566828125 0.51171875 0.568604571875 0.5166015625 0.5834009734375 0.5458984375 0.5834009734375
1 0.6474609375 0.6383590375 0.650390625 0.6320177218749999 0.650390625 0.581287203125 0.6474609375 0.5749458875 0.5888671875 0.5749458875 0.5859375 0.581287203125 0.5859375 0.6277901781249999 0.5888671875 0.63413149375 0.6474609375 0.6383590375
1 0.7177734375 0.6129937765625 0.73046875 0.6066524624999999 0.732421875 0.5559219421875 0.7294921875 0.549580628125 0.7060546875 0.549580628125 0.6728515625 0.5538081703125 0.669921875 0.5601494859375 0.669921875 0.6066524624999999 0.6728515625 0.6129937765625 0.7177734375 0.6129937765625
1 0.7939453125 0.6129937765625 0.796875 0.6066524624999999 0.796875 0.5559219421875 0.7958984375 0.5538081703125 0.7470703125 0.549580628125 0.7412109375 0.549580628125 0.740234375 0.5516943999999999 0.73828125 0.5601494859375 0.73828125 0.6066524624999999 0.7431640625 0.6129937765625 0.7939453125 0.6129937765625
1 0.8291015625 0.62567640625 0.83203125 0.6066524624999999 0.83203125 0.568604571875 0.8310546875 0.5664908015625 0.8095703125 0.5622632578125 0.806640625 0.568604571875 0.806640625 0.6193350921875 0.8115234375 0.62567640625 0.8291015625 0.62567640625
1 0.8720703125 0.6214488640625 0.8779296875 0.6172213203125 0.880859375 0.6108800046875 0.880859375 0.5559219421875 0.8798828125 0.5538081703125 0.8525390625 0.5580357140625 0.8349609375 0.5622632578125 0.833984375 0.5643770296875 0.83203125 0.6108800046875 0.8349609375 0.6214488640625 0.8427734375 0.62567640625 0.8720703125 0.6214488640625
1 0.8876953125 0.6172213203125 0.9248046875 0.6172213203125 0.927734375 0.6108800046875 0.927734375 0.5516943999999999 0.9267578125 0.549580628125 0.8857421875 0.5538081703125 0.884765625 0.5559219421875 0.8828125 0.5939698328125 0.8828125 0.6108800046875 0.8837890625 0.6129937765625 0.8876953125 0.6172213203125
1 0.9775390625 0.604538690625 0.984375 0.598197375 0.986328125 0.572832115625 0.986328125 0.5432393125 0.9853515625 0.541125540625 0.9326171875 0.5453530843750001 0.9296875 0.5516943999999999 0.927734375 0.6024249187499999 0.9306640625 0.608766234375 0.9599609375 0.608766234375 0.9775390625 0.604538690625
0 0.05078125 0.746161390625 0.052734375 0.7546164765625 0.0576171875 0.7651853359375 0.0693359375 0.7736404218749999 0.0732421875 0.7736404218749999 0.078125 0.7672991078125 0.078125 0.7588440203125 0.0703125 0.6193350921875 0.041015625 0.1838981328125 0.0390625 0.171215503125 0.0322265625 0.1606466453125 0.0166015625 0.1606466453125 0.009765625 0.175443046875 0.009765625 0.1838981328125 0.03125 0.5051914234375 0.05078125 0.746161390625
0 0.076171875 0.750388934375 0.078125 0.7672991078125 0.0810546875 0.7736404218749999 0.0869140625 0.7778679656249999 0.1005859375 0.7778679656249999 0.1083984375 0.7736404218749999 0.111328125 0.7672991078125 0.111328125 0.7546164765625 0.07421875 0.1500777875 0.0712890625 0.1310538421875 0.0537109375 0.1310538421875 0.0419921875 0.1352813859375 0.0390625 0.1416227 0.0390625 0.175443046875 0.041015625 0.21771847968750002 0.076171875 0.750388934375
0 0.1162109375 0.7778679656249999 0.1416015625 0.7778679656249999 0.14453125 0.77152665 0.216796875 0.09089218125000001 0.2080078125 0.084550865625 0.1865234375 0.0760957796875 0.1220703125 0.0549580625 0.0751953125 0.0549580625 0.0673828125 0.05918560625 0.0625 0.0697544640625 0.0625 0.07820955156250001 0.111328125 0.7672991078125 0.1162109375 0.7778679656249999
0 0.1337890625 0.5580357140625 0.1669921875 0.5580357140625 0.16796875 0.5559219421875 0.1796875 0.11625744062500001 0.1708984375 0.109916125 0.1591796875 0.1056885828125 0.1220703125 0.1056885828125 0.109375 0.112029896875 0.107421875 0.12048498437499999 0.107421875 0.12894007031250002 0.1328125 0.5559219421875 0.1337890625 0.5580357140625
0 0.171875 0.6235626359374999 0.181640625 0.77575419375 0.1865234375 0.7863230515625 0.2001953125 0.7905505953125 0.2138671875 0.7863230515625 0.21875 0.77575419375 0.21875 0.7672991078125 0.212890625 0.6151075484375 0.189453125 0.12471252656250001 0.1884765625 0.12259875468749999 0.1513671875 0.12259875468749999 0.1474609375 0.12682629843749998 0.146484375 0.12894007031250002 0.146484375 0.14585024375 0.1484375 0.1923532203125 0.171875 0.6235626359374999
0 0.220703125 0.7799817375 0.2255859375 0.7905505953125 0.2490234375 0.7863230515625 0.2548828125 0.782095509375 0.2578125 0.77575419375 0.30078125 0.14585024375 0.2978515625 0.139508928125 0.2919921875 0.1352813859375 0.2275390625 0.109916125 0.1943359375 0.11414366875 0.189453125 0.12471252656250001 0.189453125 0.1416227 0.21875 0.7588440203125 0.220703125 0.7799817375
0 0.259765625 0.77152665 0.2646484375 0.7863230515625 0.2900390625 0.7863230515625 0.2978515625 0.782095509375 0.302734375 0.77152665 0.302734375 0.7419338468750001 0.27734375 0.166987959375 0.2744140625 0.1564191015625 0.2353515625 0.1606466453125 0.2314453125 0.1648741890625 0.23046875 0.166987959375 0.23046875 0.2092633921875 0.232421875 0.251538825 0.259765625 0.77152665
0 0.3046875 0.7672991078125 0.3095703125 0.7778679656249999 0.3271484375 0.7778679656249999 0.330078125 0.77152665 0.330078125 0.746161390625 0.326171875 0.6151075484375 0.3046875 0.175443046875 0.3017578125 0.16910173125 0.2802734375 0.16910173125 0.27734375 0.175443046875 0.27734375 0.21771847968750002 0.302734375 0.7546164765625 0.3046875 0.7672991078125
0 0.33203125 0.77575419375 0.3349609375 0.782095509375 0.3642578125 0.782095509375 0.3720703125 0.7778679656249999 0.375 0.77152665 0.404296875 0.112029896875 0.400390625 0.09089218125000001 0.3974609375 0.084550865625 0.3525390625 0.0465029765625 0.3017578125 0.050730518749999995 0.298828125 0.057071834375 0.298828125 0.0866646375 0.330078125 0.7630715640625 0.33203125 0.77575419375
0 0.4052734375 0.7778679656249999 0.40625 0.77575419375 0.40625 0.6996584140625 0.38671875 0.175443046875 0.3828125 0.13739515625 0.3798828125 0.1310538421875 0.3564453125 0.12682629843749998 0.3515625 0.13739515625 0.349609375 0.21771847968750002 0.376953125 0.77152665 0.3798828125 0.7778679656249999 0.4052734375 0.7778679656249999
0 0.4111328125 0.782095509375 0.4189453125 0.7905505953125 0.4287109375 0.7905505953125 0.4326171875 0.7863230515625 0.4375 0.77575419375 0.4375 0.72079613125 0.41796875 0.1543053296875 0.416015625 0.1331676140625 0.4130859375 0.12682629843749998 0.3857421875 0.1310538421875 0.3828125 0.13739515625 0.3828125 0.14585024375 0.408203125 0.7630715640625 0.4111328125 0.782095509375
0 0.439453125 0.77575419375 0.4423828125 0.7905505953125 0.4521484375 0.7905505953125 0.4716796875 0.782095509375 0.4765625 0.77152665 0.4765625 0.7165685875000001 0.47265625 0.5643770296875 0.458984375 0.10357481093750001 0.45703125 0.0697544640625 0.4541015625 0.06341315 0.4228515625 0.06341315 0.4189453125 0.06764069218749999 0.416015625 0.0739820078125 0.416015625 0.0866646375 0.43359375 0.6320177218749999 0.439453125 0.77575419375
0 0.478515625 0.7842092796875 0.4814453125 0.7905505953125 0.4873046875 0.7947781390624999 0.5087890625 0.7947781390624999 0.513671875 0.7842092796875 0.513671875 0.72079613125 0.5 0.035934117187499996 0.498046875 0.0232514875 0.4931640625 0.012682629687499999 0.4599609375 0.016910173437500002 0.45703125 0.0232514875 0.458984375 0.1416227 0.4765625 0.77152665 0.478515625 0.7842092796875
0 0.515625 0.77152665 0.5185546875 0.782095509375 0.5712890625 0.782095509375 0.57421875 0.77575419375 0.576171875 0.057071834375 0.5732421875 0.050730518749999995 0.5615234375 0.050730518749999995 0.5068359375 0.0549580625 0.5009765625 0.05918560625 0.5 0.061299378125000005 0.5 0.175443046875 0.5078125 0.5094189671875 0.515625 0.77152665
0 0.5869140625 0.7947781390624999 0.5966796875 0.8032332249999999 0.6298828125 0.8032332249999999 0.6513671875 0.7990056812499999 0.65625 0.7926643671875 0.662109375 0.061299378125000005 0.6591796875 0.0465029765625 0.6376953125 0.0465029765625 0.5849609375 0.0549580625 0.580078125 0.0655269203125 0.578125 0.0739820078125 0.578125 0.107802353125 0.583984375 0.7884368234375 0.5869140625 0.7947781390624999
0 0.6669921875 0.8074607687500001 0.6708984375 0.8116883109374999 0.7001953125 0.8116883109374999 0.7314453125 0.7947781390624999 0.73828125 0.7842092796875 0.76171875 0.1627604171875 0.7568359375 0.147964015625 0.7392578125 0.1183712125 0.6669921875 0.12682629843749998 0.6630859375 0.1310538421875 0.66015625 0.1416227 0.658203125 0.1585328734375 0.658203125 0.7842092796875 0.66015625 0.7926643671875 0.6669921875 0.8074607687500001
0 0.7783203125 0.7905505953125 0.7880859375 0.7863230515625 0.791015625 0.7799817375 0.79296875 0.7672991078125 0.8046875 0.1965807625 0.8046875 0.13739515625 0.8037109375 0.1352813859375 0.7626953125 0.1352813859375 0.75390625 0.1416227 0.744140625 0.27267654218750004 0.7421875 0.31917951875 0.73828125 0.5601494859375 0.73828125 0.7799817375 0.7431640625 0.7905505953125 0.7783203125 0.7905505953125
0 0.8017578125 0 0.7509765625 0.0380478890625 0.7421875 0.052844290625 0.740234375 0.107802353125 0.796875 0.7799817375 0.8017578125 0.7947781390624999 0.8095703125 0.8032332249999999 0.8271484375 0.8032332249999999 0.830078125 0.7926643671875 0.841796875 0.002113771875 0.8408203125 0 0.8017578125 0
0 0.8369140625 0.8074607687500001 0.8447265625 0.8116883109374999 0.8681640625 0.8074607687500001 0.8740234375 0.8032332249999999 0.876953125 0.7968919109375 0.90234375 0.0147964015625 0.90234375 0.0105688578125 0.8994140625 0.00422754375 0.8935546875 0 0.8505859375 0.00422754375 0.845703125 0.0147964015625 0.84375 0.0232514875 0.841796875 0.0486167484375 0.837890625 0.175443046875 0.83203125 0.581287203125 0.830078125 0.7546164765625 0.830078125 0.7884368234375 0.83203125 0.801119453125 0.8369140625 0.8074607687500001
0 0.9208984375 0 0.9091796875 0.00422754375 0.904296875 0.0147964015625 0.900390625 0.035934117187499996 0.89453125 0.10357481093750001 0.892578125 0.1543053296875 0.880859375 0.6235626359374999 0.87890625 0.7081135015625 0.87890625 0.7926643671875 0.8857421875 0.8032332249999999 0.8935546875 0.8074607687500001 0.9052734375 0.8074607687500001 0.9189453125 0.8032332249999999 0.921875 0.7968919109375 0.923828125 0.7546164765625 0.947265625 0.0147964015625 0.9404296875 0 0.9208984375 0
0 1 0.019023945312500002 0.9931640625 0.012682629687499999 0.9873046875 0.012682629687499999 0.9482421875 0.016910173437500002 0.9443359375 0.0211377171875 0.943359375 0.0232514875 0.94140625 0.052844290625 0.9375 0.12894007031250002 0.921875 0.7377063046875 0.921875 0.7884368234375 0.9248046875 0.7947781390624999 0.9658203125 0.7947781390624999 0.9755859375 0.7905505953125 0.98046875 0.7799817375 1 0.3022693453125 1 0.019023945312500002