1 0.3583984375 0.7102272734375 0.3818359375 0.7102272734375 0.3828125 0.7081135015625 0.38671875 0.6489278953125 0.38671875 0.6404728078125 0.3837890625 0.63413149375 0.3310546875 0.62990395 0.328125 0.6489278953125 0.326171875 0.6869757843750001 0.326171875 0.7038859578125 0.3271484375 0.7059997296875 0.3583984375 0.7102272734375
1 0.4296875 0.6362452656250001 0.431640625 0.6066524624999999 0.431640625 0.568604571875 0.4306640625 0.5664908015625 0.4013671875 0.5664908015625 0.3984375 0.581287203125 0.396484375 0.6362452656250001 0.3994140625 0.6425865796875 0.4267578125 0.6425865796875 0.4296875 0.6362452656250001
1 0.5126953125 0.262107684375 0.513671875 0.25999391250000004 0.515625 0.23040110937499997 0.515625 0.20080830624999998 0.5107421875 0.1902394484375 0.4560546875 0.1902394484375 0.4501953125 0.194466990625 0.447265625 0.20080830624999998 0.4453125 0.2388561953125 0.4453125 0.25999391250000004 0.4462890625 0.262107684375 0.5126953125 0.262107684375
1 0.5546875 0.6869757843750001 0.5546875 0.6277901781249999 0.5537109375 0.62567640625 0.5224609375 0.6214488640625 0.51953125 0.6277901781249999 0.517578125 0.682748240625 0.5205078125 0.6933171 0.5517578125 0.6933171 0.5546875 0.6869757843750001
1 0.5966796875 0.6764069265625 0.6044921875 0.6764069265625 0.60546875 0.6742931546875 0.607421875 0.6404728078125 0.607421875 0.6066524624999999 0.6064453125 0.604538690625 0.5966796875 0.600311146875 0.5732421875 0.5960836031250001 0.5615234375 0.5960836031250001 0.560546875 0.598197375 0.55859375 0.6235626359374999 0.55859375 0.6658380687500001 0.5595703125 0.6679518390625 0.5966796875 0.6764069265625
1 0.6376953125 0.7947781390624999 0.640625 0.7799817375 0.642578125 0.750388934375 0.642578125 0.725023675 0.6279296875 0.714454815625 0.6103515625 0.714454815625 0.60546875 0.725023675 0.60546875 0.7884368234375 0.6064453125 0.7905505953125 0.6376953125 0.7947781390624999
1 0.6904296875 0.7990056812499999 0.6982421875 0.7990056812499999 0.69921875 0.7968919109375 0.69921875 0.7334787609375 0.6982421875 0.7313649890625 0.6865234375 0.7229099031249999 0.6552734375 0.7229099031249999 0.650390625 0.7334787609375 0.650390625 0.7884368234375 0.6533203125 0.7947781390624999 0.6904296875 0.7990056812499999
0 0.3251953125 0.942742153125 0.3505859375 0.946969696875 0.3720703125 0.946969696875 0.37890625 0.9364008390624999 0.3828125 0.89412540625 0.41796875 0.1796705890625 0.41796875 0.13739515625 0.416015625 0.12894007031250002 0.4072265625 0.109916125 0.3857421875 0.1056885828125 0.3701171875 0.1056885828125 0.3623046875 0.109916125 0.357421875 0.12471252656250001 0.3515625 0.21771847968750002 0.3125 0.9110355796875 0.3125 0.9279457515624999 0.3154296875 0.9342870671875 0.3251953125 0.942742153125
0 0.4208984375 0.8708739171875 0.421875 0.8687601468749999 0.453125 0.0655269203125 0.4501953125 0.05918560625 0.4228515625 0.05918560625 0.419921875 0.0739820078125 0.38671875 0.8264847124999999 0.38671875 0.864532603125 0.3974609375 0.8708739171875 0.4208984375 0.8708739171875
0 0.4619140625 0 0.455078125 0.0105688578125 0.453125 0.031706575 0.419921875 0.8264847124999999 0.419921875 0.8476224296874999 0.4248046875 0.86241883125 0.4833984375 0.892011634375 0.5166015625 0.9046942640625 0.517578125 0.9025804921875 0.544921875 0.2388561953125 0.521484375 0.02747903125 0.517578125 0.0105688578125 0.5126953125 0 0.4619140625 0
0 0.548828125 0.9025804921875 0.556640625 0.682748240625 0.56640625 0.3022693453125 0.56640625 0.2684489984375 0.5634765625 0.262107684375 0.5341796875 0.262107684375 0.53125 0.2684489984375 0.529296875 0.293814259375 0.51953125 0.6024249187499999 0.51171875 0.8729876890625 0.5224609375 0.896239178125 0.5458984375 0.91314935 0.548828125 0.9025804921875
0 0.5712890625 0.91314935 0.5888671875 0.9216044374999999 0.5927734375 0.9216044374999999 0.5986328125 0.91737689375 0.6015625 0.9110355796875 0.62109375 0.1881256765625 0.619140625 0.1331676140625 0.6142578125 0.12682629843749998 0.5791015625 0.1183712125 0.572265625 0.1331676140625 0.5703125 0.1500777875 0.552734375 0.77575419375 0.55078125 0.8476224296874999 0.55078125 0.89412540625 0.5537109375 0.9004667203125001 0.5712890625 0.91314935
0 0.6103515625 0.9977002171875 0.6494140625 0.9977002171875 0.650390625 0.9955864453125001 0.669921875 0.27267654218750004 0.65234375 0.226173565625 0.6376953125 0.194466990625 0.6240234375 0.194466990625 0.619140625 0.20503585000000002 0.6171875 0.21771847968750002 0.61328125 0.37413758124999996 0.6015625 0.860305059375 0.6015625 0.9871313578124999 0.6044921875 0.9934726734374999 0.6103515625 0.9977002171875
0 0.7685546875 0.9977002171875 0.771484375 0.9913589015625 0.771484375 0.801119453125 0.76953125 0.45023336093750005 0.767578125 0.4248681 0.7099609375 0.312838203125 0.6962890625 0.28747294375 0.6923828125 0.2832454 0.6708984375 0.2832454 0.6630859375 0.28747294375 0.66015625 0.293814259375 0.658203125 0.31072443125000004 0.650390625 0.7377063046875 0.650390625 0.9871313578124999 0.6533203125 0.9977002171875 0.7685546875 0.9977002171875