1 0.0595703125 0.6933171 0.064453125 0.682748240625 0.064453125 0.6277901781249999 0.0615234375 0.6214488640625 0.0439453125 0.6214488640625 0.0224609375 0.62567640625 0.021484375 0.6277901781249999 0.01953125 0.6404728078125 0.01953125 0.6912033281250001 0.0205078125 0.6933171 0.0595703125 0.6933171
1 0.0986328125 0.6933171 0.099609375 0.6912033281250001 0.1015625 0.6404728078125 0.1015625 0.6277901781249999 0.1005859375 0.62567640625 0.0673828125 0.62567640625 0.064453125 0.6320177218749999 0.064453125 0.6912033281250001 0.0673828125 0.6975446421875 0.0986328125 0.6933171
1 0.1298828125 0.6933171 0.130859375 0.6912033281250001 0.1328125 0.6616105250000001 0.1328125 0.6235626359374999 0.1318359375 0.6214488640625 0.1025390625 0.6214488640625 0.1015625 0.6235626359374999 0.099609375 0.6320177218749999 0.099609375 0.6869757843750001 0.1025390625 0.6933171 0.1298828125 0.6933171
1 0.154296875 0.682748240625 0.15625 0.6573829812499999 0.15625 0.6235626359374999 0.1552734375 0.6214488640625 0.1337890625 0.6214488640625 0.1328125 0.6235626359374999 0.130859375 0.682748240625 0.1337890625 0.68908955625 0.1513671875 0.68908955625 0.154296875 0.682748240625
1 0.1845703125 0.714454815625 0.185546875 0.71234104375 0.185546875 0.6531554390625 0.1826171875 0.6468141234375 0.1591796875 0.6468141234375 0.15625 0.6531554390625 0.154296875 0.682748240625 0.154296875 0.71234104375 0.1552734375 0.714454815625 0.1845703125 0.714454815625
1 0.2451171875 0.6933171 0.25 0.682748240625 0.25 0.6235626359374999 0.2490234375 0.6214488640625 0.1884765625 0.6214488640625 0.185546875 0.6277901781249999 0.185546875 0.6912033281250001 0.1865234375 0.6933171 0.2451171875 0.6933171
1 0.2607421875 0.6975446421875 0.3193359375 0.6975446421875 0.322265625 0.6912033281250001 0.32421875 0.6404728078125 0.3212890625 0.62567640625 0.2939453125 0.6214488640625 0.2587890625 0.6214488640625 0.255859375 0.6277901781249999 0.255859375 0.6912033281250001 0.2568359375 0.6933171 0.2607421875 0.6975446421875
1 0.3896484375 0.6933171 0.392578125 0.6869757843750001 0.392578125 0.6277901781249999 0.3896484375 0.6214488640625 0.3583984375 0.6214488640625 0.357421875 0.6235626359374999 0.35546875 0.6320177218749999 0.35546875 0.6912033281250001 0.3564453125 0.6933171 0.3896484375 0.6933171
1 0.4287109375 0.6975446421875 0.431640625 0.6912033281250001 0.431640625 0.6320177218749999 0.4287109375 0.62567640625 0.3935546875 0.62567640625 0.392578125 0.6277901781249999 0.392578125 0.695430871875 0.3935546875 0.6975446421875 0.4287109375 0.6975446421875
1 0.4716796875 0.6933171 0.47265625 0.6912033281250001 0.47265625 0.6362452656250001 0.4697265625 0.62567640625 0.4326171875 0.62567640625 0.431640625 0.6277901781249999 0.431640625 0.6912033281250001 0.4326171875 0.6933171 0.4716796875 0.6933171
1 0.3544921875 0.7017721859375 0.35546875 0.6996584140625 0.35546875 0.6320177218749999 0.3544921875 0.62990395 0.3291015625 0.62990395 0.328125 0.6320177218749999 0.328125 0.6996584140625 0.3291015625 0.7017721859375 0.3544921875 0.7017721859375
1 0.5166015625 0.7017721859375 0.5576171875 0.7017721859375 0.560546875 0.695430871875 0.560546875 0.6320177218749999 0.5576171875 0.62567640625 0.5166015625 0.62567640625 0.513671875 0.6320177218749999 0.513671875 0.6700656109375001 0.515625 0.6996584140625 0.5166015625 0.7017721859375
1 0.5126953125 0.6933171 0.513671875 0.6912033281250001 0.513671875 0.6277901781249999 0.5107421875 0.6214488640625 0.4794921875 0.6214488640625 0.4765625 0.6277901781249999 0.4765625 0.6869757843750001 0.4794921875 0.6933171 0.5126953125 0.6933171
1 0.6005859375 0.6848620125 0.603515625 0.682748240625 0.603515625 0.6151075484375 0.6005859375 0.608766234375 0.5615234375 0.608766234375 0.560546875 0.6108800046875 0.560546875 0.6785206984375 0.5615234375 0.6806344703125 0.6005859375 0.6848620125
1 0.6513671875 0.68908955625 0.65234375 0.6869757843750001 0.65234375 0.6447003515625 0.6494140625 0.6172213203125 0.6435546875 0.6129937765625 0.6044921875 0.6129937765625 0.603515625 0.6151075484375 0.603515625 0.6742931546875 0.6064453125 0.68908955625 0.6513671875 0.68908955625
1 0.6982421875 0.6806344703125 0.7080078125 0.6806344703125 0.7373046875 0.6721793828125 0.73828125 0.6700656109375001 0.73828125 0.6108800046875 0.7353515625 0.5960836031250001 0.7138671875 0.5960836031250001 0.6962890625 0.600311146875 0.693359375 0.6066524624999999 0.693359375 0.6616105250000001 0.6953125 0.6742931546875 0.6982421875 0.6806344703125
1 0.6923828125 0.7059997296875 0.693359375 0.7038859578125 0.693359375 0.6785206984375 0.69140625 0.6320177218749999 0.6904296875 0.62990395 0.6552734375 0.62990395 0.65234375 0.6362452656250001 0.65234375 0.6785206984375 0.6552734375 0.7059997296875 0.6923828125 0.7059997296875
1 0.7451171875 0.6764069265625 0.7490234375 0.6806344703125 0.7646484375 0.6806344703125 0.7880859375 0.6764069265625 0.7890625 0.6742931546875 0.7890625 0.6362452656250001 0.787109375 0.6024249187499999 0.7841796875 0.5960836031250001 0.7431640625 0.5960836031250001 0.740234375 0.6024249187499999 0.740234375 0.6320177218749999 0.7421875 0.6700656109375001 0.7451171875 0.6764069265625
1 0.8447265625 0.6721793828125 0.8759765625 0.6721793828125 0.876953125 0.6700656109375001 0.876953125 0.6573829812499999 0.875 0.6066524624999999 0.873046875 0.598197375 0.8642578125 0.5918560609375 0.8427734375 0.5918560609375 0.83984375 0.598197375 0.83984375 0.6277901781249999 0.841796875 0.6658380687500001 0.8447265625 0.6721793828125
1 0.7919921875 0.6806344703125 0.8134765625 0.6806344703125 0.8408203125 0.6764069265625 0.841796875 0.6742931546875 0.841796875 0.6362452656250001 0.83984375 0.598197375 0.8388671875 0.5960836031250001 0.8173828125 0.5960836031250001 0.7900390625 0.600311146875 0.787109375 0.6066524624999999 0.787109375 0.6193350921875 0.7890625 0.6573829812499999 0.7919921875 0.6806344703125
1 0.8779296875 0.6806344703125 0.9052734375 0.6806344703125 0.908203125 0.6742931546875 0.908203125 0.6700656109375001 0.904296875 0.6066524624999999 0.9033203125 0.604538690625 0.8759765625 0.604538690625 0.875 0.6066524624999999 0.875 0.6700656109375001 0.876953125 0.6785206984375 0.8779296875 0.6806344703125
1 0.9091796875 0.6679518390625 0.9326171875 0.663724296875 0.93359375 0.6616105250000001 0.93359375 0.6235626359374999 0.931640625 0.5939698328125 0.9287109375 0.5876285171875 0.9052734375 0.5876285171875 0.904296875 0.5897422890625 0.90234375 0.598197375 0.90234375 0.6066524624999999 0.90625 0.6616105250000001 0.9091796875 0.6679518390625
1 0.935546875 0.6658380687500001 0.9384765625 0.6721793828125 0.9599609375 0.6721793828125 0.96875 0.6658380687500001 0.96484375 0.6066524624999999 0.9619140625 0.5918560609375 0.9443359375 0.5918560609375 0.9326171875 0.5960836031250001 0.931640625 0.598197375 0.931640625 0.6151075484375 0.93359375 0.6447003515625 0.935546875 0.6658380687500001
0 0.0478515625 0.9089218078125001 0.0556640625 0.9046942640625 0.05859375 0.8983529484374999 0.060546875 0.8772152328124999 0.076171875 0.14585024375 0.076171875 0.107802353125 0.0732421875 0.1014610390625 0.0654296875 0.0972334953125 0.0517578125 0.0972334953125 0.0439453125 0.1014610390625 0.0400390625 0.1056885828125 0.03515625 0.11625744062500001 0.03125 0.21771847968750002 0.017578125 0.72079613125 0.015625 0.801119453125 0.015625 0.9025804921875 0.0185546875 0.9089218078125001 0.0478515625 0.9089218078125001
0 0.09375 0.8983529484374999 0.103515625 0.598197375 0.111328125 0.2219460234375 0.111328125 0.107802353125 0.1083984375 0.1014610390625 0.0849609375 0.1014610390625 0.0810546875 0.1056885828125 0.076171875 0.12048498437499999 0.068359375 0.39950284062499997 0.0625 0.7081135015625 0.060546875 0.9025804921875 0.0673828125 0.9089218078125001 0.0869140625 0.9089218078125001 0.09375 0.8983529484374999
0 0.1298828125 0.6214488640625 0.1328125 0.6151075484375 0.134765625 0.572832115625 0.14453125 0.13739515625 0.14453125 0.0951197234375 0.1416015625 0.088778409375 0.1259765625 0.088778409375 0.1162109375 0.093005953125 0.11328125 0.0993472671875 0.111328125 0.13739515625 0.103515625 0.5347842265625 0.103515625 0.6193350921875 0.1044921875 0.6214488640625 0.1298828125 0.6214488640625
0 0.1474609375 0.9089218078125001 0.150390625 0.9025804921875 0.193359375 0.11625744062500001 0.1865234375 0.1014610390625 0.1689453125 0.08032332187499999 0.1474609375 0.0760957796875 0.14453125 0.0866646375 0.134765625 0.5009638796875 0.126953125 0.860305059375 0.126953125 0.9025804921875 0.1298828125 0.9089218078125001 0.1474609375 0.9089218078125001
0 0.1787109375 0.91737689375 0.181640625 0.9110355796875 0.197265625 0.12471252656250001 0.1923828125 0.1183712125 0.1767578125 0.1183712125 0.1708984375 0.12259875468749999 0.16796875 0.12894007031250002 0.166015625 0.1500777875 0.150390625 0.8687601468749999 0.150390625 0.9068080359374999 0.1552734375 0.91737689375 0.1787109375 0.91737689375
0 0.2431640625 0.91737689375 0.2490234375 0.91314935 0.251953125 0.8983529484374999 0.25390625 0.8180296265625 0.263671875 0.1500777875 0.263671875 0.1331676140625 0.2607421875 0.12682629843749998 0.2021484375 0.12682629843749998 0.1953125 0.13739515625 0.1875 0.5094189671875 0.181640625 0.8518499734375 0.181640625 0.9068080359374999 0.1884765625 0.91737689375 0.2431640625 0.91737689375
0 0.2646484375 0.91737689375 0.2978515625 0.91737689375 0.3154296875 0.91314935 0.3193359375 0.9089218078125001 0.32421875 0.8983529484374999 0.326171875 0.8222571703125 0.333984375 0.14585024375 0.333984375 0.12894007031250002 0.3310546875 0.12259875468749999 0.3193359375 0.1183712125 0.2705078125 0.1183712125 0.265625 0.12471252656250001 0.263671875 0.13739515625 0.2578125 0.47559862031250005 0.25390625 0.77575419375 0.25390625 0.9068080359374999 0.2568359375 0.91314935 0.2646484375 0.91737689375
0 0.3486328125 0.91314935 0.353515625 0.9068080359374999 0.3671875 0.166987959375 0.365234375 0.1543053296875 0.359375 0.13739515625 0.3525390625 0.12682629843749998 0.3388671875 0.12682629843749998 0.333984375 0.1331676140625 0.33203125 0.20503585000000002 0.328125 0.5643770296875 0.326171875 0.746161390625 0.326171875 0.9110355796875 0.3271484375 0.91314935 0.3486328125 0.91314935
0 0.3896484375 0.9089218078125001 0.392578125 0.9025804921875 0.392578125 0.568604571875 0.390625 0.1796705890625 0.3876953125 0.173329275 0.3642578125 0.173329275 0.361328125 0.1796705890625 0.359375 0.2134909359375 0.35546875 0.6447003515625 0.353515625 0.8814427765625 0.35546875 0.9068080359374999 0.3681640625 0.91314935 0.3896484375 0.9089218078125001
0 0.4287109375 0.91314935 0.43359375 0.9025804921875 0.4296875 0.1543053296875 0.4267578125 0.147964015625 0.4208984375 0.143736471875 0.3955078125 0.143736471875 0.390625 0.1543053296875 0.392578125 0.8856703187500001 0.3955078125 0.91314935 0.4287109375 0.91314935
0 0.4365234375 0.91314935 0.4521484375 0.91737689375 0.4697265625 0.91314935 0.47265625 0.9068080359374999 0.47265625 0.6404728078125 0.466796875 0.1416227 0.4599609375 0.1310538421875 0.4326171875 0.1310538421875 0.4296875 0.13739515625 0.4296875 0.3699100375 0.43359375 0.9068080359374999 0.4365234375 0.91314935
0 0.474609375 0.9025804921875 0.4775390625 0.91314935 0.4912109375 0.91737689375 0.5068359375 0.91737689375 0.5146484375 0.91314935 0.517578125 0.9025804921875 0.517578125 0.8560775156249999 0.505859375 0.13739515625 0.5029296875 0.1310538421875 0.4755859375 0.1310538421875 0.4697265625 0.1352813859375 0.466796875 0.1416227 0.466796875 0.344544778125 0.47265625 0.83916734375 0.474609375 0.9025804921875
0 0.5224609375 0.91737689375 0.5615234375 0.91737689375 0.564453125 0.9110355796875 0.564453125 0.8814427765625 0.55078125 0.112029896875 0.548828125 0.09089218125000001 0.5439453125 0.06764069218749999 0.5380859375 0.06341315 0.5087890625 0.05918560625 0.505859375 0.0655269203125 0.505859375 0.1627604171875 0.517578125 0.9025804921875 0.5224609375 0.91737689375
0 0.56640625 0.9110355796875 0.5693359375 0.91737689375 0.6044921875 0.91737689375 0.609375 0.8983529484374999 0.609375 0.8814427765625 0.59375 0.0486167484375 0.5830078125 0.033820346875000004 0.5595703125 0.033820346875000004 0.5556640625 0.0380478890625 0.548828125 0.052844290625 0.546875 0.0655269203125 0.546875 0.0739820078125 0.564453125 0.8898978625 0.56640625 0.9110355796875
0 0.609375 0.8814427765625 0.611328125 0.915263121875 0.6123046875 0.91737689375 0.6162109375 0.9216044374999999 0.6396484375 0.9216044374999999 0.6552734375 0.91737689375 0.65625 0.915263121875 0.65625 0.8476224296874999 0.640625 0.09089218125000001 0.638671875 0.061299378125000005 0.6337890625 0.050730518749999995 0.5986328125 0.050730518749999995 0.595703125 0.057071834375 0.595703125 0.251538825 0.603515625 0.6573829812499999 0.609375 0.8814427765625
0 0.66015625 0.915263121875 0.6630859375 0.9216044374999999 0.7001953125 0.9216044374999999 0.701171875 0.9194906656249999 0.701171875 0.8856703187500001 0.689453125 0.458688446875 0.67578125 0.12471252656250001 0.6728515625 0.1183712125 0.6494140625 0.1183712125 0.642578125 0.1331676140625 0.642578125 0.2219460234375 0.658203125 0.8983529484374999 0.66015625 0.915263121875
0 0.701171875 0.89412540625 0.703125 0.9110355796875 0.7080078125 0.91737689375 0.7158203125 0.9216044374999999 0.7373046875 0.9216044374999999 0.7431640625 0.91737689375 0.748046875 0.9025804921875 0.748046875 0.860305059375 0.720703125 0.08243709375 0.7138671875 0.0718682359375 0.6884765625 0.0718682359375 0.6806640625 0.0760957796875 0.67578125 0.0866646375 0.67578125 0.12471252656250001 0.6953125 0.7419338468750001 0.701171875 0.89412540625
0 0.75 0.8898978625 0.751953125 0.9068080359374999 0.7587890625 0.9216044374999999 0.7919921875 0.9216044374999999 0.798828125 0.9110355796875 0.798828125 0.8560775156249999 0.767578125 0.10357481093750001 0.765625 0.07820955156250001 0.7607421875 0.06341315 0.7314453125 0.06341315 0.7255859375 0.06764069218749999 0.72265625 0.0739820078125 0.72265625 0.13739515625 0.734375 0.4967363359375 0.75 0.8898978625
0 0.7890625 0.6573829812499999 0.802734375 0.9110355796875 0.8095703125 0.9216044374999999 0.8447265625 0.9216044374999999 0.8486328125 0.91737689375 0.853515625 0.9068080359374999 0.853515625 0.8772152328124999 0.81640625 0.0697544640625 0.814453125 0.061299378125000005 0.8095703125 0.050730518749999995 0.8056640625 0.0465029765625 0.7763671875 0.0465029765625 0.76953125 0.052844290625 0.767578125 0.061299378125000005 0.767578125 0.112029896875 0.771484375 0.2134909359375 0.7890625 0.6573829812499999
0 0.8603515625 0.91737689375 0.8837890625 0.91737689375 0.888671875 0.9068080359374999 0.888671875 0.8856703187500001 0.861328125 0.0232514875 0.8583984375 0.016910173437500002 0.8466796875 0.012682629687499999 0.8388671875 0.012682629687499999 0.8232421875 0.0211377171875 0.8154296875 0.029592803125 0.810546875 0.040161660937499996 0.853515625 0.9025804921875 0.85546875 0.9110355796875 0.8603515625 0.91737689375
0 0.8779296875 0.604538690625 0.8876953125 0.604538690625 0.8994140625 0.600311146875 0.90234375 0.5939698328125 0.90234375 0.5559219421875 0.884765625 0.1543053296875 0.8798828125 0.12259875468749999 0.8623046875 0.12259875468749999 0.859375 0.12894007031250002 0.857421875 0.14585024375 0.859375 0.2769040859375 0.873046875 0.5939698328125 0.8779296875 0.604538690625
0 0.91796875 0.8898978625 0.9208984375 0.91314935 0.9443359375 0.91314935 0.947265625 0.9068080359374999 0.947265625 0.8687601468749999 0.91015625 0.1543053296875 0.9052734375 0.139508928125 0.8916015625 0.139508928125 0.8857421875 0.143736471875 0.884765625 0.14585024375 0.884765625 0.1923532203125 0.89453125 0.4248681 0.91796875 0.8898978625
0 0.9501953125 0.91314935 0.9755859375 0.91314935 0.978515625 0.9025804921875 0.978515625 0.8898978625 0.970703125 0.682748240625 0.939453125 0.1331676140625 0.9365234375 0.12259875468749999 0.9248046875 0.12259875468749999 0.9130859375 0.12682629843749998 0.9091796875 0.1310538421875 0.90625 0.13739515625 0.90625 0.1416227 0.947265625 0.8983529484374999 0.9501953125 0.91314935