1 0.1064453125 0.7017721859375 0.1279296875 0.6933171 0.1396484375 0.6848620125 0.146484375 0.6742931546875 0.142578125 0.6362452656250001 0.1396484375 0.6214488640625 0.1337890625 0.6214488640625 0.1005859375 0.63413149375 0.09765625 0.6404728078125 0.09765625 0.6531554390625 0.103515625 0.695430871875 0.1064453125 0.7017721859375
1 0.1611328125 0.6975446421875 0.1650390625 0.6933171 0.166015625 0.6869757843750001 0.16015625 0.6362452656250001 0.1591796875 0.63413149375 0.1513671875 0.63413149375 0.1455078125 0.6383590375 0.142578125 0.6447003515625 0.1484375 0.6912033281250001 0.1513671875 0.6975446421875 0.1611328125 0.6975446421875
1 0.2841796875 0.6975446421875 0.2998046875 0.68908955625 0.3056640625 0.6848620125 0.30859375 0.6785206984375 0.306640625 0.6531554390625 0.3017578125 0.62567640625 0.2919921875 0.62567640625 0.2744140625 0.63413149375 0.2705078125 0.6383590375 0.26953125 0.6404728078125 0.26953125 0.6531554390625 0.2763671875 0.6975446421875 0.2841796875 0.6975446421875
1 0.3212890625 0.6975446421875 0.3369140625 0.68908955625 0.34375 0.682748240625 0.345703125 0.6700656109375001 0.341796875 0.6362452656250001 0.3388671875 0.6214488640625 0.3076171875 0.63413149375 0.3046875 0.6404728078125 0.3046875 0.6447003515625 0.3115234375 0.6975446421875 0.3212890625 0.6975446421875
1 0.3798828125 0.6975446421875 0.3896484375 0.6933171 0.392578125 0.6869757843750001 0.390625 0.6362452656250001 0.3876953125 0.62990395 0.3544921875 0.6383590375 0.353515625 0.6404728078125 0.353515625 0.6742931546875 0.3564453125 0.6975446421875 0.3798828125 0.6975446421875
1 0.3974609375 0.6975446421875 0.4306640625 0.6933171 0.4482421875 0.6848620125 0.451171875 0.6785206984375 0.451171875 0.6277901781249999 0.4501953125 0.62567640625 0.3935546875 0.63413149375 0.392578125 0.6362452656250001 0.392578125 0.6700656109375001 0.39453125 0.6912033281250001 0.3974609375 0.6975446421875
1 0.4619140625 0.6933171 0.4931640625 0.6933171 0.5087890625 0.68908955625 0.509765625 0.6869757843750001 0.509765625 0.6320177218749999 0.5068359375 0.62567640625 0.4560546875 0.62990395 0.455078125 0.6320177218749999 0.455078125 0.6869757843750001 0.4560546875 0.68908955625 0.4619140625 0.6933171
1 0.5166015625 0.6933171 0.5361328125 0.6933171 0.5537109375 0.68908955625 0.564453125 0.682748240625 0.564453125 0.6277901781249999 0.5634765625 0.62567640625 0.5126953125 0.62567640625 0.51171875 0.6277901781249999 0.509765625 0.6362452656250001 0.509765625 0.6573829812499999 0.51171875 0.6869757843750001 0.5166015625 0.6933171
1 0.5927734375 0.68908955625 0.6123046875 0.6848620125 0.623046875 0.6785206984375 0.623046875 0.6235626359374999 0.6220703125 0.6214488640625 0.5673828125 0.62567640625 0.56640625 0.6277901781249999 0.56640625 0.6785206984375 0.5712890625 0.68908955625 0.5927734375 0.68908955625
1 0.6416015625 0.6848620125 0.6494140625 0.6806344703125 0.650390625 0.6785206984375 0.650390625 0.6235626359374999 0.6494140625 0.6214488640625 0.6240234375 0.6214488640625 0.623046875 0.6235626359374999 0.623046875 0.6785206984375 0.6259765625 0.6848620125 0.6416015625 0.6848620125
1 0.6904296875 0.6806344703125 0.693359375 0.6742931546875 0.693359375 0.6235626359374999 0.6923828125 0.6214488640625 0.6533203125 0.6214488640625 0.65234375 0.6235626359374999 0.65234375 0.6785206984375 0.6533203125 0.6806344703125 0.6904296875 0.6806344703125
1 0.7470703125 0.6806344703125 0.748046875 0.6785206984375 0.748046875 0.6193350921875 0.7470703125 0.6172213203125 0.7060546875 0.6214488640625 0.705078125 0.6235626359374999 0.705078125 0.6785206984375 0.7060546875 0.6806344703125 0.7470703125 0.6806344703125
1 0.8193359375 0.6806344703125 0.82421875 0.6742931546875 0.826171875 0.6489278953125 0.826171875 0.6193350921875 0.8251953125 0.6172213203125 0.7666015625 0.6172213203125 0.763671875 0.6235626359374999 0.763671875 0.6785206984375 0.7646484375 0.6806344703125 0.8193359375 0.6806344703125
1 0.8583984375 0.6806344703125 0.859375 0.6785206984375 0.861328125 0.6658380687500001 0.861328125 0.6193350921875 0.8603515625 0.6172213203125 0.8330078125 0.6172213203125 0.830078125 0.6235626359374999 0.828125 0.6447003515625 0.828125 0.6742931546875 0.8310546875 0.6806344703125 0.8583984375 0.6806344703125
1 0.8740234375 0.6679518390625 0.876953125 0.6616105250000001 0.876953125 0.6066524624999999 0.8759765625 0.604538690625 0.8681640625 0.604538690625 0.8623046875 0.608766234375 0.861328125 0.6108800046875 0.861328125 0.6658380687500001 0.8623046875 0.6679518390625 0.8740234375 0.6679518390625
1 0.8896484375 0.6679518390625 0.892578125 0.6616105250000001 0.89453125 0.6066524624999999 0.8916015625 0.600311146875 0.8857421875 0.600311146875 0.8779296875 0.604538690625 0.876953125 0.6066524624999999 0.876953125 0.6658380687500001 0.8779296875 0.6679518390625 0.8896484375 0.6679518390625
1 0.9306640625 0.6679518390625 0.93359375 0.6616105250000001 0.93359375 0.6066524624999999 0.9306640625 0.600311146875 0.8994140625 0.604538690625 0.8984375 0.6066524624999999 0.896484375 0.6447003515625 0.9052734375 0.663724296875 0.9091796875 0.6679518390625 0.9306640625 0.6679518390625
1 0.9443359375 0.6721793828125 0.9775390625 0.6721793828125 0.98046875 0.6658380687500001 0.982421875 0.6531554390625 0.982421875 0.6108800046875 0.9814453125 0.608766234375 0.9384765625 0.604538690625 0.935546875 0.6108800046875 0.935546875 0.6658380687500001 0.9365234375 0.6679518390625 0.9443359375 0.6721793828125
0 0.125 0.8814427765625 0.1298828125 0.892011634375 0.1474609375 0.892011634375 0.1572265625 0.883556546875 0.166015625 0.8687601468749999 0.166015625 0.83916734375 0.103515625 0.289586715625 0.080078125 0.0951197234375 0.0771484375 0.088778409375 0.0693359375 0.084550865625 0.0595703125 0.084550865625 0.0380859375 0.0972334953125 0.03515625 0.10357481093750001 0.037109375 0.13739515625 0.123046875 0.8729876890625 0.125 0.8814427765625
0 0.1640625 0.8222571703125 0.171875 0.8729876890625 0.1748046875 0.8793290046875001 0.1845703125 0.883556546875 0.1875 0.8772152328124999 0.240234375 0.1331676140625 0.23828125 0.112029896875 0.234375 0.0951197234375 0.2294921875 0.084550865625 0.1064453125 0 0.0869140625 0.00422754375 0.0751953125 0.012682629687499999 0.07421875 0.0147964015625 0.07421875 0.035934117187499996 0.078125 0.08243709375 0.1640625 0.8222571703125
0 0.287109375 0.7968919109375 0.296875 0.864532603125 0.298828125 0.8729876890625 0.3037109375 0.8793290046875001 0.3134765625 0.8793290046875001 0.3232421875 0.8751014609375 0.328125 0.864532603125 0.328125 0.8349398000000001 0.24609375 0.1585328734375 0.2412109375 0.147964015625 0.2333984375 0.147964015625 0.2158203125 0.1564191015625 0.2119140625 0.1606466453125 0.208984375 0.166987959375 0.208984375 0.175443046875 0.212890625 0.2092633921875 0.287109375 0.7968919109375
0 0.3349609375 0.8793290046875001 0.3388671875 0.883556546875 0.3466796875 0.883556546875 0.3583984375 0.8751014609375 0.361328125 0.8687601468749999 0.361328125 0.8476224296874999 0.345703125 0.6742931546875 0.28515625 0.1585328734375 0.2802734375 0.143736471875 0.2705078125 0.143736471875 0.2490234375 0.1521915578125 0.248046875 0.1543053296875 0.248046875 0.175443046875 0.330078125 0.8560775156249999 0.3349609375 0.8793290046875001
0 0.36328125 0.8729876890625 0.3681640625 0.883556546875 0.3876953125 0.883556546875 0.3955078125 0.8793290046875001 0.3984375 0.8729876890625 0.400390625 0.864532603125 0.400390625 0.8518499734375 0.375 0.2388561953125 0.37109375 0.175443046875 0.369140625 0.166987959375 0.3642578125 0.1606466453125 0.3466796875 0.1606466453125 0.3349609375 0.1648741890625 0.33203125 0.171215503125 0.33203125 0.1965807625 0.361328125 0.8476224296874999 0.36328125 0.8729876890625
0 0.400390625 0.8687601468749999 0.40234375 0.8772152328124999 0.4091796875 0.8877840906250001 0.4306640625 0.8877840906250001 0.4482421875 0.8793290046875001 0.4560546875 0.8708739171875 0.458984375 0.8518499734375 0.439453125 0.166987959375 0.4345703125 0.1564191015625 0.3837890625 0.1564191015625 0.3759765625 0.1648741890625 0.373046875 0.171215503125 0.373046875 0.1881256765625 0.39453125 0.746161390625 0.400390625 0.8687601468749999
0 0.4609375 0.8729876890625 0.4697265625 0.883556546875 0.5068359375 0.8793290046875001 0.509765625 0.8729876890625 0.51171875 0.8560775156249999 0.51171875 0.8053469968750001 0.50390625 0.1838981328125 0.501953125 0.13739515625 0.4931640625 0.1310538421875 0.4443359375 0.1310538421875 0.44140625 0.13739515625 0.439453125 0.1543053296875 0.439453125 0.171215503125 0.458984375 0.860305059375 0.4609375 0.8729876890625
0 0.513671875 0.860305059375 0.5185546875 0.8751014609375 0.5361328125 0.8793290046875001 0.5498046875 0.8751014609375 0.5615234375 0.866646375 0.564453125 0.860305059375 0.564453125 0.4417782734375 0.5625 0.1881256765625 0.5595703125 0.1817843609375 0.5517578125 0.17755681875 0.5146484375 0.17755681875 0.5068359375 0.1817843609375 0.505859375 0.1838981328125 0.505859375 0.24308373906249997 0.509765625 0.6573829812499999 0.513671875 0.860305059375
0 0.5712890625 0.8708739171875 0.5830078125 0.8751014609375 0.6005859375 0.8751014609375 0.6103515625 0.8708739171875 0.6201171875 0.86241883125 0.623046875 0.83916734375 0.625 0.1965807625 0.6220703125 0.1902394484375 0.6103515625 0.1860119046875 0.5693359375 0.1860119046875 0.564453125 0.1965807625 0.564453125 0.5601494859375 0.56640625 0.864532603125 0.5712890625 0.8708739171875
0 0.6435546875 0.8708739171875 0.6484375 0.860305059375 0.654296875 0.4248681 0.65625 0.2219460234375 0.65625 0.0739820078125 0.6533203125 0.06764069218749999 0.6318359375 0.06764069218749999 0.5947265625 0.1014610390625 0.5791015625 0.1183712125 0.5703125 0.1331676140625 0.568359375 0.1796705890625 0.623046875 0.860305059375 0.6259765625 0.8708739171875 0.6435546875 0.8708739171875
0 0.6787109375 0.866646375 0.6884765625 0.86241883125 0.693359375 0.8518499734375 0.701171875 0.175443046875 0.69921875 0.1627604171875 0.6962890625 0.1564191015625 0.6865234375 0.1521915578125 0.6669921875 0.1521915578125 0.6591796875 0.1564191015625 0.65625 0.1627604171875 0.654296875 0.2388561953125 0.6484375 0.750388934375 0.6484375 0.860305059375 0.6513671875 0.866646375 0.6787109375 0.866646375
0 0.7099609375 0.866646375 0.7333984375 0.866646375 0.7412109375 0.86241883125 0.744140625 0.8560775156249999 0.74609375 0.83071225625 0.759765625 0.171215503125 0.759765625 0.12471252656250001 0.7509765625 0.1183712125 0.7177734375 0.1183712125 0.6904296875 0.139508928125 0.689453125 0.1416227 0.689453125 0.1500777875 0.703125 0.8560775156249999 0.7099609375 0.866646375
0 0.7607421875 0.866646375 0.8134765625 0.8581912875000001 0.8173828125 0.8539637453125 0.822265625 0.8433948859375 0.82421875 0.809574540625 0.84765625 0.1543053296875 0.84765625 0.12048498437499999 0.8408203125 0.1056885828125 0.8369140625 0.1014610390625 0.7646484375 0.1056885828125 0.75390625 0.11625744062500001 0.74609375 0.83916734375 0.748046875 0.8518499734375 0.7529296875 0.86241883125 0.7607421875 0.866646375
0 0.8056640625 0 0.7900390625 0.008455085937499999 0.7373046875 0.050730518749999995 0.728515625 0.0697544640625 0.728515625 0.0993472671875 0.82421875 0.8433948859375 0.826171875 0.8560775156249999 0.8310546875 0.86241883125 0.8525390625 0.86241883125 0.85546875 0.8560775156249999 0.857421875 0.801119453125 0.876953125 0.052844290625 0.876953125 0.002113771875 0.8759765625 0 0.8056640625 0
0 0.8701171875 0.8455086578125 0.873046875 0.83916734375 0.88671875 0.281131628125 0.88671875 0.23040110937499997 0.8818359375 0.21983225156250003 0.8740234375 0.21983225156250003 0.87109375 0.23040110937499997 0.86328125 0.47559862031250005 0.857421875 0.725023675 0.85546875 0.8349398000000001 0.8583984375 0.8497362015625001 0.8642578125 0.8497362015625001 0.8701171875 0.8455086578125
0 0.8857421875 0.8412811140625 0.888671875 0.8349398000000001 0.904296875 0.25999391250000004 0.904296875 0.2219460234375 0.8994140625 0.2113771640625 0.8955078125 0.2113771640625 0.884765625 0.21771847968750002 0.873046875 0.750388934375 0.873046875 0.83916734375 0.8740234375 0.8412811140625 0.8857421875 0.8412811140625
0 0.8994140625 0.8497362015625001 0.9228515625 0.8497362015625001 0.927734375 0.83916734375 0.951171875 0.14585024375 0.951171875 0.10357481093750001 0.9482421875 0.0972334953125 0.9208984375 0.0972334953125 0.9091796875 0.1056885828125 0.90625 0.11625744062500001 0.904296875 0.1627604171875 0.888671875 0.7926643671875 0.888671875 0.8349398000000001 0.8916015625 0.8412811140625 0.8994140625 0.8497362015625001
0 1 0.0866646375 0.9990234375 0.084550865625 0.9755859375 0.084550865625 0.9560546875 0.093005953125 0.953125 0.0993472671875 0.935546875 0.5939698328125 0.9296875 0.77152665 0.9296875 0.8476224296874999 0.9423828125 0.86241883125 0.9697265625 0.86241883125 0.9765625 0.8433948859375 0.978515625 0.8053469968750001 0.998046875 0.293814259375 1 0.21771847968750002 1 0.0866646375