1 0.1181640625 0.68908955625 0.1396484375 0.68908955625 0.1455078125 0.6848620125 0.1484375 0.6785206984375 0.1484375 0.6277901781249999 0.1455078125 0.6214488640625 0.1142578125 0.62990395 0.11328125 0.6320177218749999 0.11328125 0.6573829812499999 0.115234375 0.682748240625 0.1181640625 0.68908955625
1 0.1689453125 0.6764069265625 0.1884765625 0.6721793828125 0.189453125 0.6700656109375001 0.189453125 0.6489278953125 0.1875 0.6193350921875 0.1845703125 0.6129937765625 0.1552734375 0.6172213203125 0.1494140625 0.6214488640625 0.1484375 0.6235626359374999 0.1484375 0.6531554390625 0.1513671875 0.6764069265625 0.1689453125 0.6764069265625
1 0.1962890625 0.6806344703125 0.2412109375 0.6806344703125 0.2548828125 0.6764069265625 0.255859375 0.6742931546875 0.255859375 0.6362452656250001 0.2509765625 0.6214488640625 0.2216796875 0.6214488640625 0.1943359375 0.62567640625 0.193359375 0.6277901781249999 0.193359375 0.6489278953125 0.1953125 0.6785206984375 0.1962890625 0.6806344703125
1 0.2763671875 0.6806344703125 0.2919921875 0.6806344703125 0.3154296875 0.6764069265625 0.3291015625 0.6721793828125 0.33203125 0.6658380687500001 0.330078125 0.6235626359374999 0.3271484375 0.6172213203125 0.2744140625 0.62567640625 0.271484375 0.6320177218749999 0.271484375 0.6489278953125 0.2734375 0.6742931546875 0.2763671875 0.6806344703125
1 0.4599609375 0.6764069265625 0.462890625 0.6700656109375001 0.462890625 0.6193350921875 0.4619140625 0.6172213203125 0.4326171875 0.6172213203125 0.431640625 0.6193350921875 0.431640625 0.6700656109375001 0.4345703125 0.6764069265625 0.4599609375 0.6764069265625
1 0.5712890625 0.6721793828125 0.576171875 0.6658380687500001 0.576171875 0.6151075484375 0.5751953125 0.6129937765625 0.5517578125 0.6172213203125 0.548828125 0.6235626359374999 0.548828125 0.6489278953125 0.5517578125 0.6721793828125 0.5712890625 0.6721793828125
1 0.6064453125 0.6806344703125 0.609375 0.6742931546875 0.609375 0.6489278953125 0.6064453125 0.62567640625 0.5791015625 0.62990395 0.578125 0.6320177218749999 0.578125 0.6785206984375 0.5791015625 0.6806344703125 0.6064453125 0.6806344703125
1 0.6376953125 0.659496753125 0.64453125 0.6489278953125 0.64453125 0.6277901781249999 0.6416015625 0.604538690625 0.6103515625 0.608766234375 0.609375 0.6108800046875 0.609375 0.6573829812499999 0.6103515625 0.659496753125 0.6376953125 0.659496753125
1 0.6748046875 0.6679518390625 0.6962890625 0.663724296875 0.69921875 0.6573829812499999 0.69921875 0.6320177218749999 0.6962890625 0.604538690625 0.6767578125 0.608766234375 0.6708984375 0.6129937765625 0.669921875 0.6151075484375 0.669921875 0.6277901781249999 0.671875 0.6616105250000001 0.6748046875 0.6679518390625
1 0.7138671875 0.6679518390625 0.7333984375 0.663724296875 0.751953125 0.6531554390625 0.751953125 0.6277901781249999 0.75 0.6066524624999999 0.7470703125 0.600311146875 0.7119140625 0.6129937765625 0.708984375 0.6193350921875 0.708984375 0.6277901781249999 0.7109375 0.6531554390625 0.7138671875 0.6679518390625
1 0.7724609375 0.6721793828125 0.7822265625 0.6721793828125 0.7919921875 0.663724296875 0.794921875 0.6573829812499999 0.791015625 0.6151075484375 0.7880859375 0.608766234375 0.7841796875 0.608766234375 0.7685546875 0.6172213203125 0.767578125 0.6193350921875 0.767578125 0.6362452656250001 0.76953125 0.6573829812499999 0.7724609375 0.6721793828125
1 0.802734375 0.6573829812499999 0.8056640625 0.663724296875 0.8212890625 0.655269209375 0.826171875 0.6489278953125 0.826171875 0.6235626359374999 0.82421875 0.6024249187499999 0.8212890625 0.5918560609375 0.8173828125 0.5918560609375 0.7998046875 0.604538690625 0.798828125 0.6066524624999999 0.798828125 0.6193350921875 0.80078125 0.6404728078125 0.802734375 0.6573829812499999
1 0.8349609375 0.659496753125 0.8427734375 0.655269209375 0.849609375 0.6447003515625 0.84765625 0.6108800046875 0.8447265625 0.5960836031250001 0.8388671875 0.5960836031250001 0.8271484375 0.604538690625 0.826171875 0.6066524624999999 0.826171875 0.6362452656250001 0.8291015625 0.659496753125 0.8349609375 0.659496753125
1 0.8583984375 0.659496753125 0.8798828125 0.6510416671875 0.8857421875 0.6468141234375 0.888671875 0.6404728078125 0.888671875 0.6277901781249999 0.8837890625 0.5876285171875 0.8759765625 0.5876285171875 0.8544921875 0.600311146875 0.8515625 0.6066524624999999 0.8515625 0.6151075484375 0.85546875 0.6531554390625 0.8583984375 0.659496753125
0 0.126953125 0.8476224296874999 0.1298828125 0.8539637453125 0.1455078125 0.8539637453125 0.1552734375 0.8497362015625001 0.158203125 0.8433948859375 0.158203125 0.8180296265625 0.12890625 0.2769040859375 0.126953125 0.25999391250000004 0.1240234375 0.25365259687499997 0.1044921875 0.25365259687499997 0.0908203125 0.25788014062500003 0.087890625 0.26422145625 0.087890625 0.281131628125 0.091796875 0.34877232187499996 0.126953125 0.8476224296874999
0 0.1630859375 0.8455086578125 0.1923828125 0.8455086578125 0.1953125 0.83916734375 0.1953125 0.7926643671875 0.173828125 0.293814259375 0.16796875 0.1923532203125 0.1669921875 0.1902394484375 0.1279296875 0.1902394484375 0.1240234375 0.194466990625 0.123046875 0.1965807625 0.123046875 0.2092633921875 0.158203125 0.8349398000000001 0.1630859375 0.8455086578125
0 0.1982421875 0.8455086578125 0.2060546875 0.8497362015625001 0.2314453125 0.8497362015625001 0.2607421875 0.8412811140625 0.263671875 0.83071225625 0.26171875 0.71234104375 0.244140625 0.1838981328125 0.2373046875 0.173329275 0.1845703125 0.17755681875 0.1728515625 0.1817843609375 0.16796875 0.1923532203125 0.16796875 0.20080830624999998 0.1953125 0.83916734375 0.1982421875 0.8455086578125
0 0.263671875 0.8138020828125001 0.265625 0.83916734375 0.2705078125 0.8497362015625001 0.2763671875 0.8539637453125 0.3564453125 0.8539637453125 0.359375 0.8476224296874999 0.361328125 0.8349398000000001 0.361328125 0.7842092796875 0.349609375 0.1923532203125 0.3427734375 0.17755681875 0.2490234375 0.17755681875 0.244140625 0.1881256765625 0.244140625 0.1965807625 0.2578125 0.6404728078125 0.263671875 0.8138020828125001
0 0.36328125 0.8433948859375 0.3701171875 0.8497362015625001 0.3935546875 0.8497362015625001 0.4208984375 0.8455086578125 0.4287109375 0.8412811140625 0.431640625 0.8349398000000001 0.4296875 0.37413758124999996 0.427734375 0.2388561953125 0.42578125 0.1881256765625 0.4248046875 0.1860119046875 0.3525390625 0.1860119046875 0.349609375 0.1923532203125 0.349609375 0.226173565625 0.359375 0.7081135015625 0.36328125 0.8433948859375
0 0.43359375 0.8349398000000001 0.4384765625 0.8412811140625 0.4560546875 0.8412811140625 0.4609375 0.8349398000000001 0.46484375 0.8138020828125001 0.474609375 0.1923532203125 0.470703125 0.1543053296875 0.4638671875 0.139508928125 0.4580078125 0.1310538421875 0.4287109375 0.1310538421875 0.427734375 0.1331676140625 0.42578125 0.1416227 0.42578125 0.1881256765625 0.4296875 0.6320177218749999 0.43359375 0.8349398000000001
0 0.4833984375 0.8412811140625 0.5419921875 0.8412811140625 0.5478515625 0.8370535718750001 0.55078125 0.83071225625 0.544921875 0.31917951875 0.54296875 0.23040110937499997 0.5400390625 0.21983225156250003 0.4697265625 0.22405979375 0.46875 0.226173565625 0.466796875 0.234628653125 0.466796875 0.24308373906249997 0.478515625 0.8264847124999999 0.4833984375 0.8412811140625
0 0.5673828125 0.8412811140625 0.578125 0.83071225625 0.578125 0.6320177218749999 0.57421875 0.2473112828125 0.572265625 0.1965807625 0.5693359375 0.1902394484375 0.5556640625 0.1902394484375 0.5478515625 0.194466990625 0.5419921875 0.202922078125 0.5390625 0.2092633921875 0.55078125 0.83071225625 0.5537109375 0.8370535718750001 0.5673828125 0.8412811140625
0 0.5830078125 0.832826028125 0.6064453125 0.832826028125 0.609375 0.8264847124999999 0.609375 0.5855147453125 0.60546875 0.1923532203125 0.6005859375 0.173329275 0.5751953125 0.173329275 0.572265625 0.1796705890625 0.572265625 0.20080830624999998 0.578125 0.8180296265625 0.5830078125 0.832826028125
0 0.611328125 0.8264847124999999 0.6142578125 0.832826028125 0.6259765625 0.832826028125 0.6416015625 0.828598484375 0.646484375 0.8138020828125001 0.642578125 0.2092633921875 0.6396484375 0.1860119046875 0.6123046875 0.1860119046875 0.6083984375 0.1902394484375 0.607421875 0.1923532203125 0.607421875 0.4798261640625 0.609375 0.8053469968750001 0.611328125 0.8264847124999999
0 0.6484375 0.7334787609375 0.66015625 0.77152665 0.6806640625 0.828598484375 0.7041015625 0.828598484375 0.70703125 0.8222571703125 0.70703125 0.7672991078125 0.67578125 0.20503585000000002 0.6708984375 0.16910173125 0.6533203125 0.16910173125 0.6455078125 0.173329275 0.642578125 0.1796705890625 0.640625 0.1965807625 0.64453125 0.6658380687500001 0.646484375 0.72079613125 0.6484375 0.7334787609375
0 0.712890625 0.809574540625 0.7216796875 0.828598484375 0.7255859375 0.832826028125 0.7373046875 0.8370535718750001 0.7568359375 0.828598484375 0.7607421875 0.8243709421875 0.763671875 0.8138020828125001 0.763671875 0.7884368234375 0.72265625 0.1838981328125 0.7197265625 0.17755681875 0.7099609375 0.17755681875 0.6884765625 0.1902394484375 0.6787109375 0.198694534375 0.67578125 0.20503585000000002 0.67578125 0.226173565625 0.708984375 0.7926643671875 0.712890625 0.809574540625
0 0.7578125 0.725023675 0.763671875 0.7926643671875 0.7861328125 0.828598484375 0.7919921875 0.832826028125 0.8037109375 0.828598484375 0.80859375 0.8138020828125001 0.8046875 0.7630715640625 0.751953125 0.1796705890625 0.7470703125 0.1648741890625 0.7294921875 0.16910173125 0.7236328125 0.173329275 0.72265625 0.175443046875 0.72265625 0.1965807625 0.724609375 0.234628653125 0.7578125 0.725023675
0 0.806640625 0.7968919109375 0.8095703125 0.8116883109374999 0.8173828125 0.8201433984375001 0.8232421875 0.8243709421875 0.8271484375 0.8243709421875 0.8388671875 0.8159158546875 0.841796875 0.809574540625 0.841796875 0.7926643671875 0.79296875 0.25999391250000004 0.7880859375 0.2409699671875 0.7685546875 0.2409699671875 0.759765625 0.25999391250000004 0.759765625 0.27267654218750004 0.779296875 0.5009638796875 0.806640625 0.7968919109375
0 0.841796875 0.8053469968750001 0.8486328125 0.8159158546875 0.8525390625 0.8159158546875 0.8583984375 0.8116883109374999 0.86328125 0.801119453125 0.86328125 0.7884368234375 0.814453125 0.2219460234375 0.8125 0.20503585000000002 0.8095703125 0.198694534375 0.7978515625 0.20714962187500002 0.79296875 0.21771847968750002 0.791015625 0.2473112828125 0.794921875 0.29804180156250004 0.837890625 0.7672991078125 0.841796875 0.8053469968750001
0 0.8681640625 0.8116883109374999 0.8720703125 0.8159158546875 0.8837890625 0.8159158546875 0.8974609375 0.8074607687500001 0.900390625 0.801119453125 0.900390625 0.750388934375 0.849609375 0.1796705890625 0.8427734375 0.1564191015625 0.8369140625 0.1564191015625 0.8154296875 0.16910173125 0.810546875 0.1796705890625 0.810546875 0.1881256765625 0.86328125 0.801119453125 0.8681640625 0.8116883109374999