1 0.12890625 0.6362452656250001 0.12890625 0.581287203125 0.1279296875 0.57917343125 0.0888671875 0.57917343125 0.087890625 0.581287203125 0.0859375 0.6320177218749999 0.0888671875 0.6383590375 0.1279296875 0.6383590375 0.12890625 0.6362452656250001
1 0.1533203125 0.63413149375 0.15625 0.6277901781249999 0.15625 0.581287203125 0.1552734375 0.57917343125 0.1318359375 0.57917343125 0.130859375 0.581287203125 0.130859375 0.6320177218749999 0.1318359375 0.63413149375 0.1533203125 0.63413149375
1 0.1728515625 0.6468141234375 0.173828125 0.6447003515625 0.173828125 0.5939698328125 0.1728515625 0.5918560609375 0.1572265625 0.5918560609375 0.15625 0.5939698328125 0.15625 0.6447003515625 0.1572265625 0.6468141234375 0.1728515625 0.6468141234375
1 0.1962890625 0.6468141234375 0.19921875 0.6404728078125 0.19921875 0.5939698328125 0.1982421875 0.5918560609375 0.1748046875 0.5918560609375 0.173828125 0.5939698328125 0.173828125 0.6447003515625 0.1748046875 0.6468141234375 0.1962890625 0.6468141234375
1 0.2314453125 0.63413149375 0.232421875 0.6320177218749999 0.232421875 0.5770596593749999 0.2314453125 0.5749458875 0.2177734375 0.5749458875 0.2021484375 0.57917343125 0.201171875 0.581287203125 0.201171875 0.6320177218749999 0.2021484375 0.63413149375 0.2314453125 0.63413149375
1 0.2431640625 0.655269209375 0.2587890625 0.655269209375 0.26171875 0.6489278953125 0.26171875 0.6024249187499999 0.2587890625 0.5960836031250001 0.2333984375 0.5960836031250001 0.232421875 0.598197375 0.232421875 0.6489278953125 0.2333984375 0.6510416671875 0.2431640625 0.655269209375
1 0.2685546875 0.6383590375 0.2978515625 0.6383590375 0.298828125 0.6362452656250001 0.30078125 0.6277901781249999 0.30078125 0.581287203125 0.2998046875 0.57917343125 0.2666015625 0.57917343125 0.26171875 0.5897422890625 0.263671875 0.6320177218749999 0.2646484375 0.63413149375 0.2685546875 0.6383590375
1 0.3173828125 0.6383590375 0.3203125 0.6320177218749999 0.3203125 0.581287203125 0.3193359375 0.57917343125 0.3017578125 0.57917343125 0.30078125 0.581287203125 0.30078125 0.6362452656250001 0.3017578125 0.6383590375 0.3173828125 0.6383590375
1 0.3544921875 0.62990395 0.35546875 0.6277901781249999 0.35546875 0.581287203125 0.3525390625 0.5749458875 0.3232421875 0.5749458875 0.322265625 0.5770596593749999 0.3203125 0.6024249187499999 0.3203125 0.6277901781249999 0.3212890625 0.62990395 0.3544921875 0.62990395
1 0.3759765625 0.63413149375 0.37890625 0.6277901781249999 0.37890625 0.5770596593749999 0.3779296875 0.5749458875 0.3564453125 0.5749458875 0.35546875 0.5770596593749999 0.35546875 0.6277901781249999 0.3583984375 0.63413149375 0.3759765625 0.63413149375
1 0.42578125 0.6277901781249999 0.42578125 0.598197375 0.4228515625 0.57917343125 0.4130859375 0.5749458875 0.3876953125 0.5749458875 0.3828125 0.581287203125 0.380859375 0.6193350921875 0.3857421875 0.63413149375 0.4228515625 0.63413149375 0.42578125 0.6277901781249999
1 0.4521484375 0.6383590375 0.4658203125 0.63413149375 0.46875 0.6277901781249999 0.46875 0.5855147453125 0.4658203125 0.57917343125 0.4267578125 0.57917343125 0.42578125 0.581287203125 0.42578125 0.6320177218749999 0.4287109375 0.6383590375 0.4521484375 0.6383590375
1 0.4990234375 0.63413149375 0.5 0.6320177218749999 0.5 0.581287203125 0.4990234375 0.57917343125 0.4697265625 0.57917343125 0.46875 0.581287203125 0.46875 0.6320177218749999 0.4697265625 0.63413149375 0.4990234375 0.63413149375
1 0.5244140625 0.6425865796875 0.525390625 0.6404728078125 0.525390625 0.5855147453125 0.5244140625 0.5834009734375 0.5029296875 0.5834009734375 0.5 0.5897422890625 0.5 0.6320177218749999 0.5029296875 0.6383590375 0.5244140625 0.6425865796875
1 0.5771484375 0.63413149375 0.578125 0.6320177218749999 0.578125 0.5770596593749999 0.5771484375 0.5749458875 0.5380859375 0.5749458875 0.537109375 0.5770596593749999 0.537109375 0.6362452656250001 0.5380859375 0.6383590375 0.5771484375 0.63413149375
1 0.6259765625 0.6383590375 0.6416015625 0.63413149375 0.64453125 0.6277901781249999 0.642578125 0.581287203125 0.6416015625 0.57917343125 0.5908203125 0.57917343125 0.587890625 0.5855147453125 0.587890625 0.6320177218749999 0.5927734375 0.6383590375 0.6259765625 0.6383590375
1 0.6533203125 0.62990395 0.6669921875 0.63413149375 0.6845703125 0.62990395 0.685546875 0.6277901781249999 0.685546875 0.581287203125 0.6826171875 0.5749458875 0.6513671875 0.57917343125 0.650390625 0.581287203125 0.650390625 0.5939698328125 0.65234375 0.6277901781249999 0.6533203125 0.62990395
1 0.7197265625 0.63413149375 0.720703125 0.6320177218749999 0.720703125 0.581287203125 0.7197265625 0.57917343125 0.6904296875 0.57917343125 0.689453125 0.581287203125 0.689453125 0.6320177218749999 0.6904296875 0.63413149375 0.7197265625 0.63413149375
1 0.7646484375 0.6425865796875 0.767578125 0.6362452656250001 0.765625 0.5939698328125 0.7626953125 0.5876285171875 0.7353515625 0.5918560609375 0.734375 0.5939698328125 0.734375 0.6404728078125 0.7373046875 0.6468141234375 0.7646484375 0.6425865796875
1 0.7978515625 0.63413149375 0.8232421875 0.63413149375 0.82421875 0.6320177218749999 0.82421875 0.5770596593749999 0.8232421875 0.5749458875 0.7783203125 0.5749458875 0.775390625 0.581287203125 0.775390625 0.6235626359374999 0.7783203125 0.62990395 0.7978515625 0.63413149375
1 0.8720703125 0.63413149375 0.873046875 0.6320177218749999 0.873046875 0.5770596593749999 0.8720703125 0.5749458875 0.8564453125 0.5749458875 0.8525390625 0.57917343125 0.8515625 0.581287203125 0.8515625 0.6277901781249999 0.8544921875 0.63413149375 0.8720703125 0.63413149375
1 0.9228515625 0.62567640625 0.92578125 0.6193350921875 0.923828125 0.568604571875 0.9228515625 0.5664908015625 0.9072265625 0.5664908015625 0.8994140625 0.5707183437500001 0.8984375 0.572832115625 0.8984375 0.6108800046875 0.9013671875 0.62567640625 0.9228515625 0.62567640625
1 0.8759765625 0.62990395 0.8955078125 0.62990395 0.8984375 0.6235626359374999 0.8984375 0.5770596593749999 0.8955078125 0.5707183437500001 0.8759765625 0.5707183437500001 0.873046875 0.5770596593749999 0.873046875 0.598197375 0.875 0.6277901781249999 0.8759765625 0.62990395
0 0.1181640625 0.8116883109374999 0.1240234375 0.8074607687500001 0.126953125 0.801119453125 0.12890625 0.7081135015625 0.1328125 0.2219460234375 0.130859375 0.20080830624999998 0.1279296875 0.194466990625 0.0947265625 0.194466990625 0.0869140625 0.202922078125 0.083984375 0.2092633921875 0.0859375 0.8053469968750001 0.0888671875 0.8116883109374999 0.1181640625 0.8116883109374999
0 0.1513671875 0.8074607687500001 0.154296875 0.801119453125 0.15625 0.6489278953125 0.158203125 0.1543053296875 0.1513671875 0.143736471875 0.1376953125 0.143736471875 0.1328125 0.1543053296875 0.12890625 0.6573829812499999 0.12890625 0.8053469968750001 0.1298828125 0.8074607687500001 0.1513671875 0.8074607687500001
0 0.171875 0.8053469968750001 0.20703125 0.1585328734375 0.1806640625 0.1183712125 0.1748046875 0.11414366875 0.1630859375 0.11414366875 0.158203125 0.12048498437499999 0.154296875 0.8053469968750001 0.1572265625 0.8116883109374999 0.1689453125 0.8116883109374999 0.171875 0.8053469968750001
0 0.19921875 0.8053469968750001 0.203125 0.2769040859375 0.203125 0.171215503125 0.2021484375 0.16910173125 0.1962890625 0.1648741890625 0.1884765625 0.1648741890625 0.177734375 0.171215503125 0.17578125 0.27267654218750004 0.171875 0.8053469968750001 0.1748046875 0.8116883109374999 0.1962890625 0.8116883109374999 0.19921875 0.8053469968750001
0 0.2255859375 0.8116883109374999 0.23046875 0.8053469968750001 0.232421875 0.6912033281250001 0.234375 0.5559219421875 0.236328125 0.1796705890625 0.2333984375 0.173329275 0.2060546875 0.173329275 0.203125 0.1796705890625 0.19921875 0.6108800046875 0.19921875 0.8053469968750001 0.2021484375 0.8116883109374999 0.2255859375 0.8116883109374999
0 0.26171875 0.8053469968750001 0.267578125 0.1585328734375 0.2626953125 0.147964015625 0.2373046875 0.147964015625 0.236328125 0.1500777875 0.23046875 0.801119453125 0.2353515625 0.8116883109374999 0.2568359375 0.8116883109374999 0.26171875 0.8053469968750001
0 0.298828125 0.7968919109375 0.310546875 0.1838981328125 0.3017578125 0.1648741890625 0.2900390625 0.1606466453125 0.2783203125 0.1606466453125 0.265625 0.166987959375 0.263671875 0.378365125 0.26171875 0.8053469968750001 0.2646484375 0.8116883109374999 0.2958984375 0.8116883109374999 0.298828125 0.7968919109375
0 0.3173828125 0.8116883109374999 0.322265625 0.801119453125 0.326171875 0.344544778125 0.326171875 0.1965807625 0.3251953125 0.194466990625 0.3076171875 0.194466990625 0.3046875 0.20080830624999998 0.302734375 0.226173565625 0.298828125 0.6700656109375001 0.298828125 0.8053469968750001 0.3037109375 0.8116883109374999 0.3173828125 0.8116883109374999
0 0.3427734375 0.8116883109374999 0.3505859375 0.8074607687500001 0.353515625 0.801119453125 0.35546875 0.7672991078125 0.357421875 0.1585328734375 0.3544921875 0.1521915578125 0.3349609375 0.147964015625 0.3310546875 0.147964015625 0.326171875 0.1585328734375 0.322265625 0.5855147453125 0.322265625 0.8053469968750001 0.3271484375 0.8116883109374999 0.3427734375 0.8116883109374999
0 0.37890625 0.7968919109375 0.38671875 0.14585024375 0.384765625 0.13739515625 0.3779296875 0.12259875468749999 0.3583984375 0.12259875468749999 0.357421875 0.12471252656250001 0.35546875 0.3572274078125 0.353515625 0.7968919109375 0.3564453125 0.8074607687500001 0.3759765625 0.8074607687500001 0.37890625 0.7968919109375
0 0.3837890625 0.8074607687500001 0.3916015625 0.8116883109374999 0.4169921875 0.8116883109374999 0.4228515625 0.8074607687500001 0.42578125 0.801119453125 0.427734375 0.166987959375 0.42578125 0.1585328734375 0.4208984375 0.1521915578125 0.4013671875 0.1521915578125 0.3837890625 0.1564191015625 0.380859375 0.166987959375 0.37890625 0.6320177218749999 0.37890625 0.6996584140625 0.380859375 0.801119453125 0.3837890625 0.8074607687500001
0 0.4326171875 0.8116883109374999 0.4599609375 0.8116883109374999 0.4658203125 0.8074607687500001 0.46875 0.801119453125 0.46875 0.1838981328125 0.4658203125 0.17755681875 0.4287109375 0.17755681875 0.427734375 0.1796705890625 0.42578125 0.2219460234375 0.42578125 0.77575419375 0.427734375 0.8053469968750001 0.4326171875 0.8116883109374999
0 0.4990234375 0.8074607687500001 0.501953125 0.7968919109375 0.501953125 0.175443046875 0.5009765625 0.173329275 0.4833984375 0.16910173125 0.4755859375 0.16910173125 0.4716796875 0.173329275 0.46875 0.1796705890625 0.46875 0.8053469968750001 0.4697265625 0.8074607687500001 0.4990234375 0.8074607687500001
0 0.5205078125 0.5834009734375 0.5234375 0.5770596593749999 0.525390625 0.4206405578125 0.525390625 0.2219460234375 0.5224609375 0.2156047078125 0.5068359375 0.2113771640625 0.501953125 0.2219460234375 0.501953125 0.5770596593749999 0.5048828125 0.5834009734375 0.5205078125 0.5834009734375
0 0.5498046875 0.8159158546875 0.5595703125 0.8159158546875 0.5732421875 0.8116883109374999 0.578125 0.8053469968750001 0.578125 0.4967363359375 0.57421875 0.11625744062500001 0.5712890625 0.109916125 0.5341796875 0.109916125 0.529296875 0.12471252656250001 0.52734375 0.23040110937499997 0.53515625 0.801119453125 0.5400390625 0.8116883109374999 0.5498046875 0.8159158546875
0 0.5849609375 0.8032332249999999 0.5888671875 0.8074607687500001 0.6416015625 0.8074607687500001 0.6484375 0.801119453125 0.6484375 0.6996584140625 0.642578125 0.21771847968750002 0.6396484375 0.2113771640625 0.6279296875 0.20714962187500002 0.5771484375 0.20714962187500002 0.576171875 0.2092633921875 0.57421875 0.226173565625 0.578125 0.6912033281250001 0.580078125 0.7926643671875 0.5849609375 0.8032332249999999
0 0.6591796875 0.8074607687500001 0.6767578125 0.8074607687500001 0.6875 0.801119453125 0.6875 0.695430871875 0.681640625 0.1500777875 0.6787109375 0.143736471875 0.6474609375 0.143736471875 0.6435546875 0.147964015625 0.63671875 0.1627604171875 0.626953125 0.1923532203125 0.625 0.20080830624999998 0.6484375 0.7926643671875 0.6533203125 0.8032332249999999 0.6591796875 0.8074607687500001
0 0.6875 0.750388934375 0.689453125 0.801119453125 0.6904296875 0.8032332249999999 0.7197265625 0.8032332249999999 0.72265625 0.7968919109375 0.72265625 0.6066524624999999 0.71875 0.166987959375 0.7138671875 0.1564191015625 0.6865234375 0.1564191015625 0.681640625 0.166987959375 0.681640625 0.171215503125 0.68359375 0.48828125 0.6875 0.750388934375
0 0.7431640625 0.8032332249999999 0.7509765625 0.8032332249999999 0.7666015625 0.7990056812499999 0.76953125 0.77575419375 0.763671875 0.25576636875 0.76171875 0.1627604171875 0.7490234375 0.1564191015625 0.7333984375 0.1564191015625 0.7275390625 0.1606466453125 0.720703125 0.175443046875 0.720703125 0.20080830624999998 0.736328125 0.7968919109375 0.7431640625 0.8032332249999999
0 0.7802734375 0.8032332249999999 0.8212890625 0.8032332249999999 0.826171875 0.7926643671875 0.82421875 0.112029896875 0.8232421875 0.109916125 0.8095703125 0.109916125 0.7705078125 0.11414366875 0.7626953125 0.12259875468749999 0.7548828125 0.1352813859375 0.748046875 0.1500777875 0.76953125 0.7842092796875 0.7724609375 0.7990056812499999 0.7802734375 0.8032332249999999
0 0.8369140625 0.7990056812499999 0.8447265625 0.8032332249999999 0.8603515625 0.8074607687500001 0.8720703125 0.8074607687500001 0.876953125 0.801119453125 0.876953125 0.746161390625 0.869140625 0.12471252656250001 0.8662109375 0.11414366875 0.8408203125 0.11414366875 0.8291015625 0.12682629843749998 0.82421875 0.13739515625 0.82421875 0.1585328734375 0.833984375 0.7884368234375 0.8369140625 0.7990056812499999
0 0.876953125 0.7926643671875 0.8798828125 0.7990056812499999 0.8974609375 0.7990056812499999 0.900390625 0.7926643671875 0.900390625 0.6742931546875 0.892578125 0.1796705890625 0.8896484375 0.173329275 0.8740234375 0.16910173125 0.869140625 0.1796705890625 0.869140625 0.2219460234375 0.875 0.7081135015625 0.876953125 0.7926643671875
0 0.9033203125 0.7947781390624999 0.9267578125 0.7947781390624999 0.927734375 0.7926643671875 0.927734375 0.695430871875 0.91796875 0.175443046875 0.9091796875 0.16910173125 0.8994140625 0.16910173125 0.8955078125 0.173329275 0.892578125 0.1796705890625 0.892578125 0.226173565625 0.900390625 0.7842092796875 0.9033203125 0.7947781390624999