1 0 0.72079613125 0.001953125 0.750388934375 0.0048828125 0.7609577921875 0.0361328125 0.7609577921875 0.0390625 0.7546164765625 0.0390625 0.725023675 0.0361328125 0.6975446421875 0.0029296875 0.6975446421875 0 0.7038859578125 0 0.72079613125
1 0.0810546875 0.769412878125 0.1162109375 0.769412878125 0.119140625 0.7630715640625 0.1171875 0.71234104375 0.1142578125 0.7059997296875 0.0771484375 0.7059997296875 0.076171875 0.7081135015625 0.076171875 0.7419338468750001 0.078125 0.7630715640625 0.0810546875 0.769412878125
1 0.0439453125 0.7609577921875 0.0693359375 0.7609577921875 0.076171875 0.7546164765625 0.076171875 0.7038859578125 0.0732421875 0.6975446421875 0.0400390625 0.6975446421875 0.0390625 0.6996584140625 0.0390625 0.7419338468750001 0.041015625 0.7546164765625 0.0439453125 0.7609577921875
1 0.1220703125 0.769412878125 0.1357421875 0.7736404218749999 0.1611328125 0.7736404218749999 0.169921875 0.7672991078125 0.169921875 0.71234104375 0.1669921875 0.7059997296875 0.1181640625 0.7059997296875 0.1171875 0.7081135015625 0.1171875 0.72079613125 0.119140625 0.7630715640625 0.1220703125 0.769412878125
1 0.1884765625 0.7778679656249999 0.2041015625 0.7778679656249999 0.205078125 0.77575419375 0.205078125 0.7165685875000001 0.2041015625 0.714454815625 0.1708984375 0.714454815625 0.169921875 0.7165685875000001 0.169921875 0.746161390625 0.1728515625 0.7736404218749999 0.1884765625 0.7778679656249999
1 0.2236328125 0.769412878125 0.2265625 0.7630715640625 0.224609375 0.7081135015625 0.2236328125 0.7059997296875 0.2060546875 0.7059997296875 0.205078125 0.7081135015625 0.205078125 0.7630715640625 0.2080078125 0.769412878125 0.2236328125 0.769412878125
1 0.2548828125 0.7736404218749999 0.2578125 0.7672991078125 0.2578125 0.71234104375 0.2548828125 0.7059997296875 0.2275390625 0.7059997296875 0.224609375 0.71234104375 0.2265625 0.7672991078125 0.2353515625 0.7736404218749999 0.2548828125 0.7736404218749999
1 0.2802734375 0.7736404218749999 0.283203125 0.7630715640625 0.283203125 0.7165685875000001 0.2802734375 0.7102272734375 0.2607421875 0.7059997296875 0.2578125 0.71234104375 0.2578125 0.7672991078125 0.2607421875 0.7736404218749999 0.2802734375 0.7736404218749999
1 0.3095703125 0.7947781390624999 0.310546875 0.7926643671875 0.310546875 0.7334787609375 0.3095703125 0.7313649890625 0.2958984375 0.7271374453125 0.2861328125 0.7271374453125 0.28515625 0.7292512171875 0.28515625 0.7842092796875 0.2880859375 0.7905505953125 0.3095703125 0.7947781390624999
1 0.3447265625 0.7863230515625 0.3720703125 0.7863230515625 0.373046875 0.7842092796875 0.373046875 0.725023675 0.3720703125 0.7229099031249999 0.3427734375 0.7229099031249999 0.33984375 0.7292512171875 0.33984375 0.7546164765625 0.341796875 0.7799817375 0.3447265625 0.7863230515625
1 0.3251953125 0.7990056812499999 0.3349609375 0.7990056812499999 0.341796875 0.7926643671875 0.341796875 0.77152665 0.33984375 0.7377063046875 0.3388671875 0.7355925328125 0.3134765625 0.7355925328125 0.3125 0.7377063046875 0.3125 0.7926643671875 0.3134765625 0.7947781390624999 0.3251953125 0.7990056812499999
1 0.4384765625 0.782095509375 0.44140625 0.77575419375 0.44140625 0.7165685875000001 0.4404296875 0.714454815625 0.3837890625 0.714454815625 0.376953125 0.7292512171875 0.375 0.7630715640625 0.3779296875 0.7778679656249999 0.3857421875 0.782095509375 0.4384765625 0.782095509375
1 0.4814453125 0.7905505953125 0.482421875 0.7884368234375 0.484375 0.7799817375 0.484375 0.7334787609375 0.4814453125 0.7271374453125 0.4541015625 0.7229099031249999 0.4501953125 0.7229099031249999 0.44921875 0.725023675 0.447265625 0.7799817375 0.4501953125 0.7863230515625 0.4658203125 0.7905505953125 0.4814453125 0.7905505953125
1 0.5205078125 0.7905505953125 0.5322265625 0.7905505953125 0.537109375 0.7842092796875 0.5390625 0.7630715640625 0.5390625 0.7292512171875 0.5361328125 0.7102272734375 0.5107421875 0.7017721859375 0.4892578125 0.7017721859375 0.48828125 0.7038859578125 0.486328125 0.725023675 0.486328125 0.7799817375 0.4873046875 0.782095509375 0.5205078125 0.7905505953125
1 0.5576171875 0.7990056812499999 0.5654296875 0.7947781390624999 0.56640625 0.7926643671875 0.568359375 0.7419338468750001 0.5634765625 0.7313649890625 0.5419921875 0.7313649890625 0.541015625 0.7334787609375 0.541015625 0.7926643671875 0.5419921875 0.7947781390624999 0.5576171875 0.7990056812499999
1 0.5849609375 0.7863230515625 0.587890625 0.7799817375 0.587890625 0.72079613125 0.5869140625 0.718682359375 0.5712890625 0.718682359375 0.5703125 0.72079613125 0.568359375 0.7419338468750001 0.568359375 0.7842092796875 0.5693359375 0.7863230515625 0.5849609375 0.7863230515625
1 0.6142578125 0.7990056812499999 0.6396484375 0.7990056812499999 0.642578125 0.7926643671875 0.64453125 0.7377063046875 0.6416015625 0.7313649890625 0.5947265625 0.7313649890625 0.59375 0.7334787609375 0.59375 0.7926643671875 0.5947265625 0.7947781390624999 0.6142578125 0.7990056812499999
1 0.6591796875 0.7990056812499999 0.7001953125 0.7990056812499999 0.701171875 0.7968919109375 0.703125 0.7884368234375 0.703125 0.7377063046875 0.7021484375 0.7355925328125 0.6708984375 0.7313649890625 0.6474609375 0.7313649890625 0.646484375 0.7334787609375 0.646484375 0.7926643671875 0.6474609375 0.7947781390624999 0.6591796875 0.7990056812499999
1 0.7119140625 0.7863230515625 0.7353515625 0.7905505953125 0.7607421875 0.7905505953125 0.76171875 0.7884368234375 0.763671875 0.7799817375 0.763671875 0.7292512171875 0.7626953125 0.7271374453125 0.7314453125 0.7229099031249999 0.7080078125 0.7229099031249999 0.705078125 0.7292512171875 0.705078125 0.7799817375 0.7060546875 0.782095509375 0.7119140625 0.7863230515625
1 0.8076171875 0.7778679656249999 0.8154296875 0.7736404218749999 0.818359375 0.7672991078125 0.8203125 0.746161390625 0.8203125 0.7081135015625 0.8193359375 0.7059997296875 0.7685546875 0.7017721859375 0.765625 0.7081135015625 0.763671875 0.7672991078125 0.7666015625 0.7736404218749999 0.7861328125 0.7778679656249999 0.8076171875 0.7778679656249999
1 0.8310546875 0.7905505953125 0.8369140625 0.7905505953125 0.83984375 0.7842092796875 0.841796875 0.725023675 0.8388671875 0.718682359375 0.8232421875 0.718682359375 0.822265625 0.72079613125 0.8203125 0.7419338468750001 0.8203125 0.77575419375 0.8232421875 0.7863230515625 0.8310546875 0.7905505953125
1 0.8935546875 0.7651853359375 0.896484375 0.7588440203125 0.8984375 0.7334787609375 0.8984375 0.6996584140625 0.8974609375 0.6975446421875 0.8779296875 0.6933171 0.8759765625 0.6933171 0.87109375 0.6996584140625 0.869140625 0.7292512171875 0.869140625 0.7588440203125 0.8720703125 0.7651853359375 0.8935546875 0.7651853359375
1 0.865234375 0.7926643671875 0.8671875 0.7630715640625 0.8671875 0.7292512171875 0.8583984375 0.7229099031249999 0.8427734375 0.7229099031249999 0.841796875 0.725023675 0.83984375 0.7884368234375 0.8427734375 0.7947781390624999 0.8642578125 0.7947781390624999 0.865234375 0.7926643671875
0 0 0.7377063046875 0.009765625 0.9279457515624999 0.01171875 0.9406283828124999 0.0146484375 0.946969696875 0.0419921875 0.946969696875 0.046875 0.9406283828124999 0.046875 0.8898978625 0.03125 0.5347842265625 0.017578125 0.27267654218750004 0.015625 0.24308373906249997 0.0126953125 0.236742425 0.0009765625 0.236742425 0 0.2388561953125 0 0.7377063046875
0 0.0390625 0.6912033281250001 0.0419921875 0.6975446421875 0.0712890625 0.6933171 0.07421875 0.6869757843750001 0.07421875 0.6658380687500001 0.0625 0.24308373906249997 0.0595703125 0.236742425 0.0185546875 0.236742425 0.015625 0.24308373906249997 0.015625 0.251538825 0.037109375 0.6785206984375 0.0390625 0.6912033281250001
0 0.083984375 0.9490834687499999 0.0888671875 0.9554247828125 0.0986328125 0.9596523265625001 0.1181640625 0.9554247828125 0.1220703125 0.9511972406250001 0.125 0.9406283828124999 0.1171875 0.251538825 0.1142578125 0.24519751093750003 0.0673828125 0.2409699671875 0.0634765625 0.24519751093750003 0.05859375 0.25576636875 0.05859375 0.26422145625 0.08203125 0.9321732953125 0.083984375 0.9490834687499999
0 0.1298828125 0.9554247828125 0.1435546875 0.9596523265625001 0.1708984375 0.9596523265625001 0.173828125 0.9533110125 0.173828125 0.8856703187500001 0.162109375 0.38682021093749996 0.158203125 0.27267654218750004 0.1552734375 0.26633522656249997 0.1044921875 0.26633522656249997 0.103515625 0.2684489984375 0.1015625 0.2769040859375 0.103515625 0.3529998640625 0.125 0.944855925 0.1298828125 0.9554247828125
0 0.17578125 0.9533110125 0.1787109375 0.9596523265625001 0.2041015625 0.9596523265625001 0.208984375 0.9490834687499999 0.3046875 0.175443046875 0.3046875 0.166987959375 0.2998046875 0.1606466453125 0.2861328125 0.1521915578125 0.2021484375 0.1183712125 0.1884765625 0.11414366875 0.1572265625 0.1183712125 0.15625 0.12048498437499999 0.15625 0.20080830624999998 0.16015625 0.378365125 0.17578125 0.9533110125
0 0.2109375 0.9490834687499999 0.2158203125 0.9596523265625001 0.2197265625 0.9638798703125 0.2255859375 0.9638798703125 0.228515625 0.9575385546874999 0.228515625 0.8264847124999999 0.21875 0.2769040859375 0.2158203125 0.2705627703125 0.2099609375 0.26633522656249997 0.2001953125 0.26633522656249997 0.197265625 0.27267654218750004 0.197265625 0.3572274078125 0.20703125 0.8476224296874999 0.2109375 0.9490834687499999
0 0.23046875 0.9575385546874999 0.2353515625 0.9681074140625 0.2548828125 0.9681074140625 0.259765625 0.9575385546874999 0.259765625 0.864532603125 0.255859375 0.5305566828125 0.25 0.226173565625 0.2451171875 0.21983225156250003 0.2236328125 0.22405979375 0.21875 0.234628653125 0.21875 0.31917951875 0.228515625 0.9406283828124999 0.23046875 0.9575385546874999
0 0.26171875 0.9490834687499999 0.2646484375 0.9596523265625001 0.2822265625 0.9596523265625001 0.28515625 0.9490834687499999 0.28515625 0.9194906656249999 0.28125 0.4460058171875 0.279296875 0.289586715625 0.27734375 0.2219460234375 0.2763671875 0.21983225156250003 0.2529296875 0.21983225156250003 0.251953125 0.2219460234375 0.25 0.23040110937499997 0.25 0.251538825 0.259765625 0.8983529484374999 0.26171875 0.9490834687499999
0 0.2880859375 0.9638798703125 0.2939453125 0.9681074140625 0.3095703125 0.9681074140625 0.3125 0.9617660984375 0.3125 0.746161390625 0.306640625 0.2219460234375 0.3037109375 0.2156047078125 0.2978515625 0.2113771640625 0.2802734375 0.2156047078125 0.279296875 0.21771847968750002 0.27734375 0.226173565625 0.27734375 0.24308373906249997 0.28515625 0.9406283828124999 0.2880859375 0.9638798703125
0 0.3173828125 0.9638798703125 0.3212890625 0.9681074140625 0.3408203125 0.9681074140625 0.34375 0.9617660984375 0.34375 0.47559862031250005 0.341796875 0.1965807625 0.33984375 0.1838981328125 0.3349609375 0.17755681875 0.3154296875 0.17755681875 0.3076171875 0.1817843609375 0.306640625 0.1838981328125 0.306640625 0.344544778125 0.3125 0.9533110125 0.3173828125 0.9638798703125
0 0.3505859375 0.9723349562499999 0.3701171875 0.9723349562499999 0.373046875 0.9659936421875001 0.375 0.7842092796875 0.373046875 0.1796705890625 0.3701171875 0.173329275 0.3427734375 0.173329275 0.341796875 0.175443046875 0.341796875 0.77575419375 0.345703125 0.9659936421875001 0.3505859375 0.9723349562499999
0 0.3818359375 0.9723349562499999 0.3876953125 0.9765625 0.4326171875 0.9765625 0.4365234375 0.9723349562499999 0.44140625 0.9617660984375 0.443359375 0.9321732953125 0.451171875 0.166987959375 0.4482421875 0.1606466453125 0.4326171875 0.1564191015625 0.3759765625 0.1564191015625 0.375 0.1585328734375 0.375 0.9406283828124999 0.376953125 0.9617660984375 0.3818359375 0.9723349562499999
0 0.4755859375 0.9723349562499999 0.4794921875 0.9681074140625 0.482421875 0.9575385546874999 0.53125 0.29804180156250004 0.533203125 0.25999391250000004 0.533203125 0.20503585000000002 0.5302734375 0.198694534375 0.4892578125 0.16910173125 0.4541015625 0.16910173125 0.451171875 0.175443046875 0.44921875 0.226173565625 0.4453125 0.7968919109375 0.4453125 0.9617660984375 0.4521484375 0.9681074140625 0.4755859375 0.9723349562499999
0 0.5048828125 0.9765625 0.5341796875 0.9765625 0.537109375 0.9575385546874999 0.541015625 0.6912033281250001 0.54296875 0.48828125 0.54296875 0.31917951875 0.5419921875 0.317065746875 0.5361328125 0.312838203125 0.4951171875 0.312838203125 0.4921875 0.31917951875 0.48828125 0.47559862031250005 0.484375 0.746161390625 0.484375 0.9659936421875001 0.4873046875 0.9723349562499999 0.5048828125 0.9765625
0 0.5615234375 0.9850175859375 0.564453125 0.978676271875 0.580078125 0.20080830624999998 0.580078125 0.171215503125 0.5751953125 0.1606466453125 0.5673828125 0.1564191015625 0.5517578125 0.1564191015625 0.548828125 0.1627604171875 0.546875 0.1881256765625 0.544921875 0.314951975 0.537109375 0.974448728125 0.5400390625 0.9807900437500001 0.5498046875 0.9850175859375 0.5615234375 0.9850175859375
0 0.5830078125 0.9807900437500001 0.5859375 0.974448728125 0.587890625 0.9321732953125 0.595703125 0.34877232187499996 0.595703125 0.2684489984375 0.5947265625 0.26633522656249997 0.5791015625 0.26633522656249997 0.578125 0.2684489984375 0.576171875 0.289586715625 0.57421875 0.37413758124999996 0.56640625 0.8264847124999999 0.56640625 0.978676271875 0.5673828125 0.9807900437500001 0.5830078125 0.9807900437500001
0 0.6298828125 0.9977002171875 0.6357421875 0.9934726734374999 0.638671875 0.978676271875 0.64453125 0.77152665 0.66015625 0.11625744062500001 0.66015625 0.0993472671875 0.6552734375 0.088778409375 0.6083984375 0.088778409375 0.6044921875 0.093005953125 0.599609375 0.10357481093750001 0.59375 0.458688446875 0.587890625 0.974448728125 0.5908203125 0.9850175859375 0.5986328125 0.9892451296875 0.6298828125 0.9977002171875
0 0.6943359375 0.9977002171875 0.697265625 0.9913589015625 0.701171875 0.9110355796875 0.720703125 0.175443046875 0.720703125 0.1331676140625 0.7177734375 0.12682629843749998 0.6611328125 0.12682629843749998 0.66015625 0.12894007031250002 0.658203125 0.1500777875 0.642578125 0.83071225625 0.640625 0.9829038156250001 0.6435546875 0.9892451296875 0.6513671875 0.9934726734374999 0.6943359375 0.9977002171875
0 0.7578125 0.974448728125 0.759765625 0.9364008390624999 0.783203125 0.226173565625 0.78515625 0.12471252656250001 0.7802734375 0.11414366875 0.7236328125 0.11414366875 0.720703125 0.12048498437499999 0.703125 0.7672991078125 0.69921875 0.978676271875 0.7060546875 0.9850175859375 0.7548828125 0.9850175859375 0.7578125 0.974448728125
0 0.7978515625 0.9850175859375 0.8037109375 0.9807900437500001 0.80859375 0.9659936421875001 0.8203125 0.7546164765625 0.841796875 0.251538825 0.841796875 0.2219460234375 0.8388671875 0.2156047078125 0.8056640625 0.2113771640625 0.7841796875 0.2113771640625 0.783203125 0.2134909359375 0.78125 0.234628653125 0.765625 0.695430871875 0.7578125 0.9702211843749999 0.7646484375 0.9807900437500001 0.7744140625 0.9850175859375 0.7978515625 0.9850175859375
0 0.8154296875 0.9807900437500001 0.8212890625 0.9850175859375 0.8271484375 0.9850175859375 0.83203125 0.9702211843749999 0.8671875 0.1838981328125 0.8671875 0.12471252656250001 0.8662109375 0.12259875468749999 0.8447265625 0.12259875468749999 0.8134765625 0.143736471875 0.7880859375 0.1648741890625 0.78515625 0.171215503125 0.783203125 0.1796705890625 0.783203125 0.20080830624999998 0.810546875 0.9659936421875001 0.8154296875 0.9807900437500001
0 0.8486328125 0.9850175859375 0.8544921875 0.9807900437500001 0.857421875 0.974448728125 0.890625 0.251538825 0.892578125 0.1923532203125 0.892578125 0.166987959375 0.8916015625 0.1648741890625 0.8681640625 0.1648741890625 0.8671875 0.166987959375 0.86328125 0.226173565625 0.837890625 0.801119453125 0.83203125 0.944855925 0.83203125 0.978676271875 0.8330078125 0.9807900437500001 0.8486328125 0.9850175859375
0 0.8837890625 0.9638798703125 0.888671875 0.9533110125 0.892578125 0.8772152328124999 0.90234375 0.6700656109375001 0.919921875 0.2473112828125 0.921875 0.166987959375 0.9169921875 0.1564191015625 0.8994140625 0.1564191015625 0.89453125 0.1627604171875 0.892578125 0.175443046875 0.876953125 0.4967363359375 0.86328125 0.8138020828125001 0.859375 0.915263121875 0.859375 0.9575385546874999 0.8623046875 0.9638798703125 0.8837890625 0.9638798703125