1 0.2587890625 0.8201433984375001 0.3037109375 0.8243709421875 0.306640625 0.8180296265625 0.306640625 0.801119453125 0.3046875 0.7672991078125 0.3037109375 0.7651853359375 0.2958984375 0.7609577921875 0.2568359375 0.7609577921875 0.255859375 0.7630715640625 0.255859375 0.7884368234375 0.2578125 0.8180296265625 0.2587890625 0.8201433984375001
1 0.3603515625 0.828598484375 0.365234375 0.8180296265625 0.365234375 0.7968919109375 0.36328125 0.7672991078125 0.3623046875 0.7651853359375 0.3134765625 0.769412878125 0.3125 0.77152665 0.3125 0.8222571703125 0.3154296875 0.828598484375 0.3603515625 0.828598484375
1 0.4169921875 0.832826028125 0.419921875 0.8264847124999999 0.419921875 0.7968919109375 0.4169921875 0.769412878125 0.3681640625 0.7778679656249999 0.365234375 0.7842092796875 0.365234375 0.8264847124999999 0.3681640625 0.8412811140625 0.4169921875 0.832826028125
1 0.4599609375 0.828598484375 0.4736328125 0.828598484375 0.474609375 0.8264847124999999 0.474609375 0.77152665 0.4736328125 0.769412878125 0.4677734375 0.7651853359375 0.4248046875 0.7651853359375 0.423828125 0.7672991078125 0.423828125 0.7968919109375 0.4267578125 0.8243709421875 0.4599609375 0.828598484375
1 0.5302734375 0.8412811140625 0.533203125 0.8349398000000001 0.533203125 0.7799817375 0.5322265625 0.7778679656249999 0.4873046875 0.7778679656249999 0.4775390625 0.782095509375 0.4765625 0.7842092796875 0.4765625 0.83916734375 0.4775390625 0.8412811140625 0.5302734375 0.8412811140625
1 0.5400390625 0.8497362015625001 0.5751953125 0.8412811140625 0.5888671875 0.8370535718750001 0.58984375 0.8349398000000001 0.58984375 0.77575419375 0.5888671875 0.7736404218749999 0.5791015625 0.7736404218749999 0.5400390625 0.782095509375 0.5361328125 0.7863230515625 0.53515625 0.7884368234375 0.53515625 0.83071225625 0.537109375 0.8433948859375 0.5400390625 0.8497362015625001
1 0.5966796875 0.8497362015625001 0.6474609375 0.8497362015625001 0.65234375 0.83916734375 0.65234375 0.7884368234375 0.6513671875 0.7863230515625 0.5947265625 0.7863230515625 0.591796875 0.7926643671875 0.591796875 0.8053469968750001 0.59375 0.8433948859375 0.5966796875 0.8497362015625001
1 0.7314453125 0.8412811140625 0.734375 0.8349398000000001 0.734375 0.7799817375 0.7314453125 0.7736404218749999 0.6708984375 0.7778679656249999 0.666015625 0.7884368234375 0.666015625 0.83071225625 0.6689453125 0.8412811140625 0.7314453125 0.8412811140625
1 0.8427734375 0.866646375 0.8623046875 0.86241883125 0.8671875 0.8560775156249999 0.8671875 0.801119453125 0.8662109375 0.7990056812499999 0.8427734375 0.7990056812499999 0.8251953125 0.8032332249999999 0.82421875 0.8053469968750001 0.82421875 0.860305059375 0.8271484375 0.866646375 0.8427734375 0.866646375
1 0.8935546875 0.86241883125 0.896484375 0.8560775156249999 0.896484375 0.7968919109375 0.8955078125 0.7947781390624999 0.8837890625 0.7947781390624999 0.8701171875 0.7990056812499999 0.8671875 0.8053469968750001 0.869140625 0.860305059375 0.8701171875 0.86241883125 0.8935546875 0.86241883125
1 0.9404296875 0.8581912875000001 0.94140625 0.8560775156249999 0.94140625 0.7968919109375 0.9404296875 0.7947781390624999 0.9111328125 0.7947781390624999 0.904296875 0.8053469968750001 0.90234375 0.8560775156249999 0.9052734375 0.86241883125 0.9189453125 0.86241883125 0.9404296875 0.8581912875000001
1 0.9462890625 0.866646375 0.9521484375 0.8708739171875 0.9853515625 0.86241883125 0.986328125 0.860305059375 0.986328125 0.801119453125 0.9853515625 0.7990056812499999 0.9443359375 0.7990056812499999 0.943359375 0.801119453125 0.94140625 0.8222571703125 0.94140625 0.8433948859375 0.943359375 0.860305059375 0.9462890625 0.866646375
0 0.263671875 0.9702211843749999 0.2685546875 0.9850175859375 0.2978515625 0.9934726734374999 0.3076171875 0.9934726734374999 0.3115234375 0.9892451296875 0.31640625 0.978676271875 0.31640625 0.9194906656249999 0.294921875 0.166987959375 0.2900390625 0.1606466453125 0.2783203125 0.1606466453125 0.2451171875 0.1648741890625 0.2353515625 0.16910173125 0.234375 0.171215503125 0.234375 0.2134909359375 0.259765625 0.8983529484374999 0.263671875 0.9702211843749999
0 0.31640625 0.9575385546874999 0.318359375 0.9829038156250001 0.3203125 0.9913589015625 0.3251953125 0.9977002171875 0.3642578125 0.9977002171875 0.3671875 0.9913589015625 0.3671875 0.8560775156249999 0.3515625 0.1838981328125 0.349609375 0.171215503125 0.3466796875 0.1648741890625 0.3232421875 0.1648741890625 0.2998046875 0.16910173125 0.294921875 0.1796705890625 0.29296875 0.1881256765625 0.29296875 0.1965807625 0.296875 0.340317234375 0.31640625 0.9575385546874999
0 0.3720703125 0.9977002171875 0.4208984375 0.9977002171875 0.423828125 0.9913589015625 0.42578125 0.978676271875 0.42578125 0.83916734375 0.41015625 0.166987959375 0.4072265625 0.1606466453125 0.4013671875 0.1564191015625 0.3564453125 0.1606466453125 0.3515625 0.171215503125 0.3515625 0.2134909359375 0.369140625 0.9913589015625 0.3720703125 0.9977002171875
0 0.4296875 0.9871313578124999 0.4365234375 0.9977002171875 0.4736328125 0.9977002171875 0.4765625 0.9913589015625 0.4765625 0.8560775156249999 0.46484375 0.1796705890625 0.462890625 0.1627604171875 0.4599609375 0.1564191015625 0.4189453125 0.1606466453125 0.412109375 0.166987959375 0.41015625 0.175443046875 0.412109375 0.281131628125 0.423828125 0.8053469968750001 0.4296875 0.9871313578124999
0 0.478515625 0.9533110125 0.48046875 0.9955864453125001 0.4814453125 0.9977002171875 0.5302734375 0.9977002171875 0.533203125 0.9702211843749999 0.53515625 0.915263121875 0.53515625 0.8222571703125 0.525390625 0.1543053296875 0.5224609375 0.147964015625 0.4951171875 0.147964015625 0.4697265625 0.1521915578125 0.466796875 0.1585328734375 0.46484375 0.166987959375 0.46484375 0.175443046875 0.470703125 0.5516943999999999 0.478515625 0.9533110125
0 0.5390625 0.9955864453125001 0.5400390625 0.9977002171875 0.5908203125 0.9977002171875 0.591796875 0.9955864453125001 0.591796875 0.7842092796875 0.5859375 0.1585328734375 0.5810546875 0.143736471875 0.5556640625 0.143736471875 0.5302734375 0.147964015625 0.52734375 0.1543053296875 0.52734375 0.20503585000000002 0.53515625 0.8433948859375 0.5390625 0.9955864453125001
0 0.5966796875 0.9977002171875 0.6474609375 0.9977002171875 0.650390625 0.9871313578124999 0.654296875 0.9110355796875 0.6484375 0.1416227 0.6455078125 0.1352813859375 0.6337890625 0.1352813859375 0.6005859375 0.139508928125 0.5888671875 0.143736471875 0.5859375 0.1500777875 0.5859375 0.281131628125 0.59375 0.9913589015625 0.5966796875 0.9977002171875
0 0.662109375 0.9913589015625 0.6650390625 0.9977002171875 0.7373046875 0.9977002171875 0.7421875 0.978676271875 0.7421875 0.89412540625 0.734375 0.281131628125 0.7294921875 0.2747903140625 0.6923828125 0.2747903140625 0.6533203125 0.2790178578125 0.650390625 0.28535917187500004 0.650390625 0.4206405578125 0.66015625 0.9659936421875001 0.662109375 0.9913589015625
0 0.744140625 0.9829038156250001 0.7470703125 0.9977002171875 0.8173828125 0.9977002171875 0.818359375 0.9955864453125001 0.818359375 0.8053469968750001 0.814453125 0.289586715625 0.8115234375 0.2790178578125 0.7958984375 0.2790178578125 0.7373046875 0.28747294375 0.736328125 0.289586715625 0.734375 0.29804180156250004 0.734375 0.4248681 0.740234375 0.83071225625 0.744140625 0.9829038156250001
0 0.8203125 0.9913589015625 0.8232421875 0.9977002171875 0.8662109375 0.9977002171875 0.8671875 0.9955864453125001 0.8671875 0.7630715640625 0.865234375 0.281131628125 0.8623046875 0.2705627703125 0.8173828125 0.2747903140625 0.814453125 0.281131628125 0.814453125 0.29804180156250004 0.81640625 0.682748240625 0.8203125 0.9913589015625
0 0.8701171875 0.9977002171875 0.8955078125 0.9977002171875 0.896484375 0.9955864453125001 0.8984375 0.8349398000000001 0.896484375 0.27267654218750004 0.8935546875 0.26633522656249997 0.8740234375 0.26633522656249997 0.8662109375 0.2705627703125 0.865234375 0.27267654218750004 0.865234375 0.6616105250000001 0.8671875 0.9913589015625 0.8701171875 0.9977002171875
0 0.9404296875 0.9977002171875 0.943359375 0.978676271875 0.947265625 0.2092633921875 0.9443359375 0.202922078125 0.9189453125 0.202922078125 0.9052734375 0.20714962187500002 0.900390625 0.2219460234375 0.8984375 0.2388561953125 0.896484375 0.26422145625 0.8984375 0.9913589015625 0.9013671875 0.9977002171875 0.9404296875 0.9977002171875
0 0.9482421875 0.9977002171875 0.9833984375 0.9977002171875 0.986328125 0.978676271875 0.99609375 0.2219460234375 0.99609375 0.2092633921875 0.9931640625 0.198694534375 0.9873046875 0.194466990625 0.9599609375 0.198694534375 0.9541015625 0.202922078125 0.94921875 0.21771847968750002 0.947265625 0.23040110937499997 0.9453125 0.281131628125 0.943359375 0.49250879375 0.94140625 0.83071225625 0.943359375 0.974448728125 0.9453125 0.9913589015625 0.9482421875 0.9977002171875