1 0.099609375 0.598197375 0.1044921875 0.608766234375 0.1240234375 0.604538690625 0.134765625 0.598197375 0.134765625 0.5855147453125 0.1298828125 0.549580628125 0.0966796875 0.5538081703125 0.095703125 0.5559219421875 0.095703125 0.5643770296875 0.09765625 0.5855147453125 0.099609375 0.598197375
1 0.1708984375 0.604538690625 0.1826171875 0.600311146875 0.19140625 0.5939698328125 0.19140625 0.568604571875 0.189453125 0.5516943999999999 0.1865234375 0.5453530843750001 0.1318359375 0.5538081703125 0.130859375 0.5559219421875 0.134765625 0.598197375 0.1376953125 0.604538690625 0.1708984375 0.604538690625
1 0.2001953125 0.5876285171875 0.2119140625 0.5876285171875 0.22265625 0.581287203125 0.22265625 0.5643770296875 0.220703125 0.53901176875 0.2177734375 0.5326704546875 0.1962890625 0.5368979984375 0.1953125 0.53901176875 0.1953125 0.5516943999999999 0.197265625 0.5770596593749999 0.2001953125 0.5876285171875
1 0.2763671875 0.5834009734375 0.3017578125 0.5834009734375 0.3095703125 0.57917343125 0.3125 0.572832115625 0.310546875 0.5347842265625 0.3076171875 0.5284429109375 0.2724609375 0.5368979984375 0.271484375 0.53901176875 0.271484375 0.5516943999999999 0.2734375 0.5770596593749999 0.2763671875 0.5834009734375
1 0.2431640625 0.600311146875 0.2666015625 0.5960836031250001 0.275390625 0.5897422890625 0.2734375 0.5559219421875 0.2705078125 0.5453530843750001 0.2392578125 0.549580628125 0.23828125 0.5516943999999999 0.23828125 0.568604571875 0.240234375 0.5939698328125 0.2431640625 0.600311146875
1 0.3154296875 0.57917343125 0.3544921875 0.57917343125 0.357421875 0.572832115625 0.35546875 0.5305566828125 0.3544921875 0.5284429109375 0.3115234375 0.5284429109375 0.310546875 0.5305566828125 0.310546875 0.5559219421875 0.3125 0.572832115625 0.3154296875 0.57917343125
1 0.3603515625 0.5834009734375 0.3779296875 0.5834009734375 0.38671875 0.5770596593749999 0.388671875 0.568604571875 0.38671875 0.5305566828125 0.3857421875 0.5284429109375 0.3583984375 0.5368979984375 0.357421875 0.53901176875 0.357421875 0.5516943999999999 0.359375 0.581287203125 0.3603515625 0.5834009734375
1 0.4033203125 0.5749458875 0.404296875 0.572832115625 0.404296875 0.5305566828125 0.4033203125 0.5284429109375 0.3896484375 0.5284429109375 0.388671875 0.5305566828125 0.388671875 0.572832115625 0.3935546875 0.57917343125 0.4033203125 0.5749458875
1 0.4384765625 0.5749458875 0.44140625 0.568604571875 0.44140625 0.54746685625 0.4384765625 0.5242153671875001 0.4150390625 0.5242153671875001 0.4052734375 0.5284429109375 0.404296875 0.5305566828125 0.404296875 0.5516943999999999 0.4072265625 0.5749458875 0.4384765625 0.5749458875
1 0.4501953125 0.5707183437500001 0.4560546875 0.5707183437500001 0.4638671875 0.5664908015625 0.46484375 0.5643770296875 0.46484375 0.517874053125 0.4638671875 0.5157602812500001 0.4580078125 0.5157602812500001 0.4482421875 0.5199878250000001 0.447265625 0.522101596875 0.447265625 0.5432393125 0.44921875 0.568604571875 0.4501953125 0.5707183437500001
1 0.4912109375 0.57917343125 0.5009765625 0.5749458875 0.50390625 0.568604571875 0.50390625 0.5263291390625 0.5029296875 0.5242153671875001 0.4716796875 0.5284429109375 0.4677734375 0.5326704546875 0.466796875 0.5347842265625 0.466796875 0.5770596593749999 0.4677734375 0.57917343125 0.4912109375 0.57917343125
1 0.5205078125 0.5580357140625 0.5263671875 0.5538081703125 0.529296875 0.54746685625 0.529296875 0.5094189671875 0.5263671875 0.5030776515625 0.5185546875 0.5030776515625 0.5068359375 0.5073051953125 0.505859375 0.5094189671875 0.505859375 0.5516943999999999 0.5068359375 0.5538081703125 0.5205078125 0.5580357140625
1 0.5615234375 0.5580357140625 0.564453125 0.5516943999999999 0.564453125 0.513646509375 0.5634765625 0.5115327375 0.5341796875 0.5073051953125 0.53125 0.513646509375 0.53125 0.5559219421875 0.5322265625 0.5580357140625 0.5615234375 0.5580357140625
1 0.6318359375 0.5664908015625 0.6328125 0.5643770296875 0.6328125 0.517874053125 0.6318359375 0.5157602812500001 0.5771484375 0.5157602812500001 0.576171875 0.517874053125 0.57421875 0.5559219421875 0.5771484375 0.5622632578125 0.5908203125 0.5664908015625 0.6318359375 0.5664908015625
1 0.6767578125 0.5538081703125 0.6796875 0.54746685625 0.6796875 0.5009638796875 0.6787109375 0.4988501078125 0.6474609375 0.4988501078125 0.64453125 0.5051914234375 0.642578125 0.5305566828125 0.642578125 0.54746685625 0.6455078125 0.5538081703125 0.6767578125 0.5538081703125
1 0.7587890625 0.549580628125 0.763671875 0.5432393125 0.765625 0.5305566828125 0.765625 0.4967363359375 0.7646484375 0.494622565625 0.7294921875 0.4988501078125 0.728515625 0.5009638796875 0.7265625 0.513646509375 0.7265625 0.54746685625 0.7275390625 0.549580628125 0.7587890625 0.549580628125
1 0.8857421875 0.5199878250000001 0.8916015625 0.5157602812500001 0.89453125 0.5094189671875 0.896484375 0.4967363359375 0.896484375 0.4671435328125 0.8955078125 0.46502976250000005 0.8916015625 0.46502976250000005 0.8798828125 0.46925730468750004 0.876953125 0.47559862031250005 0.875 0.49250879375 0.875 0.513646509375 0.8779296875 0.5199878250000001 0.8857421875 0.5199878250000001
0 0.1181640625 0.75250270625 0.1357421875 0.75250270625 0.1455078125 0.7482751624999999 0.1484375 0.7419338468750001 0.15234375 0.11625744062500001 0.150390625 0.10357481093750001 0.1455078125 0.0972334953125 0.1240234375 0.0972334953125 0.0498046875 0.12259875468749999 0.046875 0.12894007031250002 0.048828125 0.1796705890625 0.11328125 0.7292512171875 0.1181640625 0.75250270625
0 0.150390625 0.746161390625 0.1552734375 0.7567302484375 0.1787109375 0.7567302484375 0.2021484375 0.74404761875 0.20703125 0.7377063046875 0.208984375 0.7292512171875 0.208984375 0.72079613125 0.19921875 0.598197375 0.162109375 0.1965807625 0.15625 0.1543053296875 0.1533203125 0.147964015625 0.1279296875 0.1521915578125 0.1201171875 0.1564191015625 0.0908203125 0.1817843609375 0.0859375 0.1923532203125 0.0859375 0.2134909359375 0.1484375 0.7377063046875 0.150390625 0.746161390625
0 0.2294921875 0.7355925328125 0.2333984375 0.7313649890625 0.236328125 0.725023675 0.236328125 0.72079613125 0.18359375 0.0993472671875 0.1806640625 0.093005953125 0.1650390625 0.093005953125 0.1552734375 0.0972334953125 0.15234375 0.10357481093750001 0.2109375 0.725023675 0.2138671875 0.7355925328125 0.2294921875 0.7355925328125
0 0.236328125 0.725023675 0.2431640625 0.7355925328125 0.2626953125 0.7355925328125 0.2763671875 0.7313649890625 0.2822265625 0.7271374453125 0.28515625 0.72079613125 0.28125 0.0697544640625 0.2783203125 0.06764069218749999 0.2392578125 0.0718682359375 0.2021484375 0.084550865625 0.1884765625 0.093005953125 0.18359375 0.10357481093750001 0.1875 0.166987959375 0.234375 0.71234104375 0.236328125 0.725023675
0 0.28515625 0.72079613125 0.2900390625 0.7313649890625 0.3115234375 0.7313649890625 0.3193359375 0.7271374453125 0.322265625 0.72079613125 0.322265625 0.7081135015625 0.283203125 0.12471252656250001 0.28125 0.112029896875 0.2783203125 0.1056885828125 0.2548828125 0.1183712125 0.2451171875 0.12682629843749998 0.244140625 0.12894007031250002 0.244140625 0.166987959375 0.2734375 0.5770596593749999 0.28515625 0.72079613125
0 0.3251953125 0.7313649890625 0.3603515625 0.7313649890625 0.365234375 0.72079613125 0.365234375 0.71234104375 0.345703125 0.0697544640625 0.3251953125 0.0549580625 0.2841796875 0.084550865625 0.28125 0.09089218125000001 0.28125 0.11625744062500001 0.322265625 0.725023675 0.3251953125 0.7313649890625
0 0.365234375 0.6996584140625 0.3681640625 0.7229099031249999 0.3896484375 0.7229099031249999 0.392578125 0.7165685875000001 0.392578125 0.6912033281250001 0.38671875 0.5305566828125 0.3671875 0.0866646375 0.3623046875 0.08032332187499999 0.3408203125 0.084550865625 0.3359375 0.0951197234375 0.337890625 0.1543053296875 0.359375 0.6024249187499999 0.365234375 0.6996584140625
0 0.39453125 0.7081135015625 0.3955078125 0.7102272734375 0.4072265625 0.7102272734375 0.41015625 0.7038859578125 0.41015625 0.695430871875 0.388671875 0.0866646375 0.3857421875 0.0760957796875 0.3818359375 0.0760957796875 0.3759765625 0.08032332187499999 0.37109375 0.09089218125000001 0.37109375 0.11625744062500001 0.390625 0.6404728078125 0.39453125 0.7081135015625
0 0.41015625 0.7081135015625 0.4130859375 0.714454815625 0.4306640625 0.714454815625 0.4443359375 0.7102272734375 0.4453125 0.7081135015625 0.4453125 0.6785206984375 0.44140625 0.5094189671875 0.4296875 0.11625744062500001 0.427734375 0.09089218125000001 0.4248046875 0.0718682359375 0.4150390625 0.06764069218749999 0.4052734375 0.06764069218749999 0.3916015625 0.093005953125 0.388671875 0.0993472671875 0.388671875 0.13739515625 0.408203125 0.682748240625 0.41015625 0.7081135015625
0 0.4501953125 0.714454815625 0.4560546875 0.7229099031249999 0.4619140625 0.7271374453125 0.4658203125 0.7229099031249999 0.46875 0.71234104375 0.45703125 0.11625744062500001 0.455078125 0.0739820078125 0.4423828125 0.06341315 0.4404296875 0.06341315 0.435546875 0.0697544640625 0.4296875 0.09089218125000001 0.4296875 0.12048498437499999 0.4453125 0.6996584140625 0.4501953125 0.714454815625
0 0.4716796875 0.714454815625 0.4775390625 0.718682359375 0.4912109375 0.718682359375 0.4990234375 0.714454815625 0.505859375 0.7038859578125 0.5 0.0697544640625 0.4970703125 0.06341315 0.4931640625 0.06341315 0.4580078125 0.0718682359375 0.455078125 0.07820955156250001 0.455078125 0.09089218125000001 0.46875 0.7081135015625 0.4716796875 0.714454815625
0 0.5263671875 0.7017721859375 0.529296875 0.695430871875 0.52734375 0.0655269203125 0.525390625 0.057071834375 0.5185546875 0.0422754328125 0.5087890625 0.033820346875000004 0.5 0.052844290625 0.505859375 0.6869757843750001 0.5107421875 0.7017721859375 0.5263671875 0.7017721859375
0 0.5322265625 0.6975446421875 0.5654296875 0.6975446421875 0.568359375 0.6869757843750001 0.568359375 0.09089218125000001 0.56640625 0.0655269203125 0.5576171875 0.050730518749999995 0.5302734375 0.06341315 0.52734375 0.0697544640625 0.52734375 0.3360896921875 0.529296875 0.6869757843750001 0.5322265625 0.6975446421875
0 0.5810546875 0.7059997296875 0.6318359375 0.7059997296875 0.634765625 0.6996584140625 0.63671875 0.6531554390625 0.638671875 0.407957928125 0.6357421875 0.39738906875 0.5732421875 0.40161661249999997 0.5703125 0.407957928125 0.568359375 0.4248681 0.568359375 0.6912033281250001 0.5732421875 0.7017721859375 0.5810546875 0.7059997296875
0 0.6689453125 0.7059997296875 0.6728515625 0.7017721859375 0.67578125 0.6912033281250001 0.703125 0.07820955156250001 0.697265625 0.052844290625 0.6923828125 0.0380478890625 0.6884765625 0.033820346875000004 0.6787109375 0.033820346875000004 0.6494140625 0.0422754328125 0.6484375 0.0443892046875 0.646484375 0.052844290625 0.64453125 0.1585328734375 0.63671875 0.6996584140625 0.6396484375 0.7059997296875 0.6513671875 0.7102272734375 0.6689453125 0.7059997296875
0 0.6826171875 0.6975446421875 0.6923828125 0.7017721859375 0.7041015625 0.6975446421875 0.70703125 0.6912033281250001 0.708984375 0.6658380687500001 0.734375 0.0655269203125 0.734375 0.052844290625 0.7275390625 0.0465029765625 0.7177734375 0.0465029765625 0.7060546875 0.0549580625 0.703125 0.061299378125000005 0.693359375 0.12471252656250001 0.677734375 0.5855147453125 0.67578125 0.6658380687500001 0.67578125 0.682748240625 0.677734375 0.6912033281250001 0.6826171875 0.6975446421875
0 0.7431640625 0 0.7255859375 0.008455085937499999 0.720703125 0.0232514875 0.712890625 0.682748240625 0.7177734375 0.6933171 0.7275390625 0.6933171 0.7490234375 0.68908955625 0.7568359375 0.6848620125 0.759765625 0.6742931546875 0.7734375 0.41218547031249997 0.791015625 0.0147964015625 0.7880859375 0 0.7431640625 0
0 0.8779296875 0.663724296875 0.8818359375 0.659496753125 0.884765625 0.6489278953125 0.93359375 0.0443892046875 0.93359375 0.02747903125 0.9306640625 0.0211377171875 0.9130859375 0.0211377171875 0.91015625 0.02747903125 0.90234375 0.107802353125 0.86328125 0.598197375 0.861328125 0.6235626359374999 0.861328125 0.6573829812499999 0.8662109375 0.663724296875 0.8779296875 0.663724296875