1 0.1279296875 0.663724296875 0.1435546875 0.663724296875 0.1552734375 0.659496753125 0.1650390625 0.655269209375 0.16796875 0.6489278953125 0.166015625 0.6024249187499999 0.1630859375 0.5876285171875 0.1279296875 0.5960836031250001 0.1220703125 0.600311146875 0.12109375 0.6024249187499999 0.12109375 0.6193350921875 0.125 0.6573829812499999 0.1279296875 0.663724296875
1 0.1708984375 0.6510416671875 0.1904296875 0.6510416671875 0.2060546875 0.6468141234375 0.208984375 0.6404728078125 0.208984375 0.6193350921875 0.2041015625 0.5876285171875 0.1748046875 0.5876285171875 0.1669921875 0.5918560609375 0.166015625 0.5939698328125 0.166015625 0.6066524624999999 0.16796875 0.6320177218749999 0.1708984375 0.6510416671875
1 0.2138671875 0.663724296875 0.2392578125 0.659496753125 0.2490234375 0.6510416671875 0.251953125 0.6447003515625 0.25 0.6066524624999999 0.2470703125 0.5876285171875 0.2099609375 0.5960836031250001 0.20703125 0.6024249187499999 0.20703125 0.6066524624999999 0.2109375 0.6573829812499999 0.2138671875 0.663724296875
1 0.2666015625 0.6933171 0.2705078125 0.6933171 0.279296875 0.682748240625 0.279296875 0.6573829812499999 0.27734375 0.6193350921875 0.275390625 0.6066524624999999 0.2744140625 0.604538690625 0.2646484375 0.604538690625 0.2568359375 0.608766234375 0.25390625 0.6151075484375 0.25390625 0.6277901781249999 0.259765625 0.682748240625 0.2666015625 0.6933171
1 0.2978515625 0.6848620125 0.3369140625 0.6764069265625 0.33984375 0.6700656109375001 0.33984375 0.6404728078125 0.337890625 0.6151075484375 0.3330078125 0.604538690625 0.2919921875 0.6129937765625 0.291015625 0.6151075484375 0.291015625 0.6362452656250001 0.294921875 0.6785206984375 0.2978515625 0.6848620125
1 0.3427734375 0.6721793828125 0.3583984375 0.6721793828125 0.365234375 0.6658380687500001 0.365234375 0.6447003515625 0.36328125 0.6151075484375 0.3603515625 0.608766234375 0.3388671875 0.6129937765625 0.337890625 0.6151075484375 0.337890625 0.6320177218749999 0.33984375 0.6616105250000001 0.3427734375 0.6721793828125
1 0.3671875 0.6700656109375001 0.3701171875 0.6764069265625 0.3974609375 0.6679518390625 0.3984375 0.6658380687500001 0.3984375 0.6404728078125 0.396484375 0.6066524624999999 0.3955078125 0.604538690625 0.3857421875 0.604538690625 0.3642578125 0.6129937765625 0.36328125 0.6151075484375 0.36328125 0.6320177218749999 0.365234375 0.6573829812499999 0.3671875 0.6700656109375001
1 0.4033203125 0.68908955625 0.4189453125 0.68908955625 0.4306640625 0.6848620125 0.4375 0.6785206984375 0.4375 0.6531554390625 0.435546875 0.6235626359374999 0.4345703125 0.6214488640625 0.3994140625 0.62567640625 0.3984375 0.6277901781249999 0.3984375 0.6531554390625 0.400390625 0.682748240625 0.4033203125 0.68908955625
1 0.4462890625 0.6975446421875 0.4775390625 0.6933171 0.48828125 0.6869757843750001 0.48828125 0.6362452656250001 0.4853515625 0.62990395 0.4716796875 0.62990395 0.4521484375 0.63413149375 0.4443359375 0.6383590375 0.44140625 0.6447003515625 0.44140625 0.6489278953125 0.443359375 0.6869757843750001 0.4462890625 0.6975446421875
1 0.5302734375 0.6721793828125 0.5390625 0.6658380687500001 0.5390625 0.6151075484375 0.5361328125 0.608766234375 0.4912109375 0.6172213203125 0.48828125 0.6235626359374999 0.48828125 0.6531554390625 0.4912109375 0.6806344703125 0.5302734375 0.6721793828125
1 0.5458984375 0.6848620125 0.5615234375 0.6848620125 0.5771484375 0.6806344703125 0.591796875 0.6700656109375001 0.591796875 0.6151075484375 0.5908203125 0.6129937765625 0.5810546875 0.6129937765625 0.5439453125 0.6214488640625 0.541015625 0.6277901781249999 0.541015625 0.6362452656250001 0.54296875 0.6785206984375 0.5458984375 0.6848620125
1 0.6220703125 0.7017721859375 0.6396484375 0.6975446421875 0.646484375 0.6869757843750001 0.646484375 0.6404728078125 0.6455078125 0.6383590375 0.6083984375 0.6425865796875 0.6025390625 0.6468141234375 0.6015625 0.6489278953125 0.6015625 0.695430871875 0.6044921875 0.7017721859375 0.6220703125 0.7017721859375
1 0.7060546875 0.7059997296875 0.70703125 0.7038859578125 0.708984375 0.6742931546875 0.708984375 0.6531554390625 0.7060546875 0.6468141234375 0.6591796875 0.6510416671875 0.654296875 0.6616105250000001 0.654296875 0.7038859578125 0.6572265625 0.7102272734375 0.7060546875 0.7059997296875
1 0.732421875 0.6912033281250001 0.734375 0.6404728078125 0.7314453125 0.63413149375 0.7138671875 0.63413149375 0.7109375 0.6404728078125 0.708984375 0.6869757843750001 0.7119140625 0.6933171 0.7314453125 0.6933171 0.732421875 0.6912033281250001
1 0.7705078125 0.7102272734375 0.7734375 0.7038859578125 0.7734375 0.6616105250000001 0.7724609375 0.659496753125 0.7666015625 0.655269209375 0.7451171875 0.655269209375 0.7421875 0.6616105250000001 0.7421875 0.7038859578125 0.7431640625 0.7059997296875 0.7705078125 0.7102272734375
1 0.8291015625 0.7059997296875 0.83203125 0.682748240625 0.83203125 0.6531554390625 0.8310546875 0.6510416671875 0.7939453125 0.6510416671875 0.787109375 0.6658380687500001 0.783203125 0.6785206984375 0.779296875 0.695430871875 0.779296875 0.7038859578125 0.7802734375 0.7059997296875 0.8291015625 0.7059997296875
1 0.9208984375 0.718682359375 0.923828125 0.71234104375 0.923828125 0.6658380687500001 0.9228515625 0.663724296875 0.9091796875 0.659496753125 0.8896484375 0.659496753125 0.888671875 0.6616105250000001 0.88671875 0.682748240625 0.88671875 0.71234104375 0.8876953125 0.714454815625 0.9208984375 0.718682359375
1 0.8662109375 0.714454815625 0.869140625 0.7081135015625 0.87109375 0.6573829812499999 0.8701171875 0.655269209375 0.8505859375 0.6510416671875 0.8447265625 0.6510416671875 0.84375 0.6531554390625 0.841796875 0.7038859578125 0.8447265625 0.7102272734375 0.8505859375 0.714454815625 0.8662109375 0.714454815625
1 0.9716796875 0.714454815625 0.974609375 0.7081135015625 0.9765625 0.6700656109375001 0.9765625 0.6616105250000001 0.9755859375 0.659496753125 0.9716796875 0.655269209375 0.9638671875 0.655269209375 0.9482421875 0.659496753125 0.9453125 0.6658380687500001 0.943359375 0.695430871875 0.943359375 0.71234104375 0.9443359375 0.714454815625 0.9716796875 0.714454815625
0 0.12109375 0.6235626359374999 0.140625 0.8349398000000001 0.1435546875 0.8497362015625001 0.1689453125 0.8497362015625001 0.1748046875 0.8455086578125 0.177734375 0.83916734375 0.1796875 0.8264847124999999 0.1796875 0.801119453125 0.166015625 0.598197375 0.134765625 0.1923532203125 0.1328125 0.1838981328125 0.1259765625 0.173329275 0.1005859375 0.17755681875 0.0908203125 0.1817843609375 0.0869140625 0.1860119046875 0.0859375 0.1881256765625 0.0859375 0.2092633921875 0.087890625 0.2388561953125 0.12109375 0.6235626359374999
0 0.18359375 0.8349398000000001 0.185546875 0.8433948859375 0.1904296875 0.8539637453125 0.2041015625 0.8539637453125 0.2177734375 0.8497362015625001 0.220703125 0.8433948859375 0.220703125 0.83071225625 0.208984375 0.6193350921875 0.177734375 0.20503585000000002 0.1748046875 0.198694534375 0.1416015625 0.198694534375 0.138671875 0.20503585000000002 0.138671875 0.234628653125 0.177734375 0.77152665 0.18359375 0.8349398000000001
0 0.189453125 0.378365125 0.224609375 0.8433948859375 0.2275390625 0.8581912875000001 0.2470703125 0.8581912875000001 0.2568359375 0.8539637453125 0.259765625 0.8476224296874999 0.259765625 0.8138020828125001 0.25390625 0.6658380687500001 0.22265625 0.107802353125 0.2197265625 0.1014610390625 0.2080078125 0.088778409375 0.1923828125 0.088778409375 0.1767578125 0.093005953125 0.173828125 0.0993472671875 0.173828125 0.13739515625 0.1796875 0.234628653125 0.189453125 0.378365125
0 0.2578125 0.6996584140625 0.271484375 0.83916734375 0.2763671875 0.8539637453125 0.2880859375 0.8539637453125 0.29296875 0.8476224296874999 0.294921875 0.83071225625 0.271484375 0.1585328734375 0.2529296875 0.1352813859375 0.2255859375 0.12259875468749999 0.2158203125 0.12259875468749999 0.212890625 0.12894007031250002 0.212890625 0.1500777875 0.21484375 0.175443046875 0.2578125 0.6996584140625
0 0.3134765625 0.8581912875000001 0.3212890625 0.86241883125 0.3427734375 0.8581912875000001 0.3515625 0.8476224296874999 0.3515625 0.8053469968750001 0.33984375 0.6362452656250001 0.3046875 0.175443046875 0.2998046875 0.1606466453125 0.2763671875 0.1648741890625 0.2548828125 0.173329275 0.251953125 0.1796705890625 0.306640625 0.8349398000000001 0.310546875 0.8518499734375 0.3134765625 0.8581912875000001
0 0.353515625 0.8518499734375 0.3583984375 0.86241883125 0.3623046875 0.86241883125 0.3720703125 0.8581912875000001 0.376953125 0.8476224296874999 0.376953125 0.8222571703125 0.33203125 0.11625744062500001 0.3271484375 0.1014610390625 0.3037109375 0.1014610390625 0.30078125 0.107802353125 0.302734375 0.1627604171875 0.3515625 0.8264847124999999 0.353515625 0.8518499734375
0 0.37890625 0.8518499734375 0.3837890625 0.86241883125 0.3916015625 0.86241883125 0.4072265625 0.8539637453125 0.41015625 0.8476224296874999 0.41015625 0.8180296265625 0.37109375 0.1500777875 0.369140625 0.12894007031250002 0.3662109375 0.12259875468749999 0.3388671875 0.12682629843749998 0.3330078125 0.1310538421875 0.330078125 0.13739515625 0.330078125 0.1543053296875 0.376953125 0.8349398000000001 0.37890625 0.8518499734375
0 0.41015625 0.8476224296874999 0.412109375 0.860305059375 0.4169921875 0.866646375 0.4404296875 0.86241883125 0.447265625 0.8518499734375 0.447265625 0.83071225625 0.4140625 0.1543053296875 0.41015625 0.13739515625 0.4072265625 0.1310538421875 0.3876953125 0.1310538421875 0.3740234375 0.1352813859375 0.37109375 0.1416227 0.37109375 0.1838981328125 0.3984375 0.6616105250000001 0.41015625 0.8476224296874999
0 0.4375 0.6616105250000001 0.44921875 0.8560775156249999 0.4541015625 0.8708739171875 0.4716796875 0.8708739171875 0.4931640625 0.86241883125 0.49609375 0.8560775156249999 0.49609375 0.8180296265625 0.470703125 0.1585328734375 0.46875 0.14585024375 0.4658203125 0.139508928125 0.4287109375 0.1521915578125 0.423828125 0.1585328734375 0.421875 0.166987959375 0.421875 0.2684489984375 0.4296875 0.5009638796875 0.4375 0.6616105250000001
0 0.49609375 0.8518499734375 0.5009765625 0.86241883125 0.5322265625 0.86241883125 0.5380859375 0.8581912875000001 0.54296875 0.8476224296874999 0.54296875 0.7630715640625 0.53125 0.21771847968750002 0.529296875 0.2092633921875 0.5244140625 0.198694534375 0.4912109375 0.198694534375 0.4814453125 0.202922078125 0.4765625 0.2134909359375 0.4765625 0.234628653125 0.486328125 0.5939698328125 0.49609375 0.8518499734375
0 0.57421875 0.5305566828125 0.57421875 0.522101596875 0.5712890625 0.5199878250000001 0.568359375 0.5263291390625 0.5712890625 0.5326704546875 0.5732421875 0.5326704546875 0.57421875 0.5305566828125
0 0.6005859375 0.8751014609375 0.6357421875 0.8751014609375 0.6396484375 0.8708739171875 0.64453125 0.860305059375 0.650390625 0.293814259375 0.650390625 0.20503585000000002 0.6474609375 0.198694534375 0.6083984375 0.194466990625 0.5986328125 0.194466990625 0.5947265625 0.198694534375 0.59375 0.20080830624999998 0.59375 0.8433948859375 0.595703125 0.860305059375 0.6005859375 0.8751014609375
0 0.6572265625 0.8708739171875 0.7001953125 0.8708739171875 0.703125 0.864532603125 0.70703125 0.77152665 0.71875 0.20503585000000002 0.716796875 0.1965807625 0.7119140625 0.1902394484375 0.6572265625 0.1902394484375 0.65234375 0.20080830624999998 0.646484375 0.746161390625 0.646484375 0.860305059375 0.6494140625 0.866646375 0.6572265625 0.8708739171875
0 0.7255859375 0.8708739171875 0.728515625 0.864532603125 0.73046875 0.8518499734375 0.7421875 0.3318621484375 0.7421875 0.2769040859375 0.7392578125 0.2705627703125 0.7275390625 0.26633522656249997 0.7197265625 0.26633522656249997 0.716796875 0.27267654218750004 0.708984375 0.6447003515625 0.70703125 0.7588440203125 0.70703125 0.864532603125 0.7099609375 0.8708739171875 0.7255859375 0.8708739171875
0 0.7666015625 0.8751014609375 0.76953125 0.8687601468749999 0.7734375 0.7672991078125 0.787109375 0.171215503125 0.7841796875 0.1648741890625 0.7783203125 0.1606466453125 0.7373046875 0.1606466453125 0.7001953125 0.173329275 0.6865234375 0.1817843609375 0.685546875 0.1881256765625 0.73046875 0.8687601468749999 0.7392578125 0.8751014609375 0.7666015625 0.8751014609375
0 0.7919921875 0.8751014609375 0.8232421875 0.8708739171875 0.830078125 0.860305059375 0.83203125 0.8433948859375 0.853515625 0.2473112828125 0.853515625 0.234628653125 0.8486328125 0.22405979375 0.8017578125 0.22405979375 0.7939453125 0.2282873375 0.787109375 0.2388561953125 0.78515625 0.25576636875 0.779296875 0.45023336093750005 0.771484375 0.7546164765625 0.771484375 0.864532603125 0.7744140625 0.8708739171875 0.7919921875 0.8751014609375
0 0.8447265625 0.8793290046875001 0.8583984375 0.8793290046875001 0.86328125 0.8729876890625 0.865234375 0.8433948859375 0.8828125 0.2769040859375 0.8828125 0.2134909359375 0.8798828125 0.20714962187500002 0.8310546875 0.20714962187500002 0.8134765625 0.2113771640625 0.8076171875 0.2156047078125 0.806640625 0.21771847968750002 0.83203125 0.864532603125 0.8369140625 0.8751014609375 0.8447265625 0.8793290046875001
0 0.8662109375 0.866646375 0.9130859375 0.866646375 0.9169921875 0.86241883125 0.919921875 0.8518499734375 0.921875 0.8264847124999999 0.947265625 0.1965807625 0.94921875 0.12048498437499999 0.94921875 0.0697544640625 0.9462890625 0.06341315 0.9384765625 0.05918560625 0.8955078125 0.0549580625 0.7529296875 0.1014610390625 0.7392578125 0.109916125 0.736328125 0.11625744062500001 0.734375 0.12471252656250001 0.734375 0.14585024375 0.865234375 0.864532603125 0.8662109375 0.866646375
0 1 0.08243709375 0.9912109375 0.0760957796875 0.9794921875 0.0718682359375 0.9599609375 0.0718682359375 0.955078125 0.08243709375 0.951171875 0.14585024375 0.92578125 0.7630715640625 0.923828125 0.8138020828125001 0.923828125 0.8560775156249999 0.9267578125 0.86241883125 0.9384765625 0.866646375 0.9658203125 0.866646375 0.9794921875 0.8581912875000001 0.984375 0.8476224296874999 1 0.5347842265625 1 0.08243709375