1 0.0908203125 0.7482751624999999 0.1142578125 0.74404761875 0.115234375 0.7419338468750001 0.115234375 0.72079613125 0.11328125 0.682748240625 0.1103515625 0.6764069265625 0.0869140625 0.6806344703125 0.0859375 0.682748240625 0.0859375 0.7165685875000001 0.087890625 0.7419338468750001 0.0908203125 0.7482751624999999
1 0.1181640625 0.74404761875 0.1455078125 0.74404761875 0.15234375 0.7377063046875 0.150390625 0.6912033281250001 0.1474609375 0.6764069265625 0.1162109375 0.6806344703125 0.11328125 0.6869757843750001 0.11328125 0.6912033281250001 0.115234375 0.7334787609375 0.1181640625 0.74404761875
1 0.1748046875 0.7482751624999999 0.1904296875 0.74404761875 0.1953125 0.7377063046875 0.193359375 0.682748240625 0.1904296875 0.6764069265625 0.1533203125 0.6848620125 0.150390625 0.6912033281250001 0.15234375 0.725023675 0.1552734375 0.7482751624999999 0.1748046875 0.7482751624999999
1 0.2021484375 0.739820075 0.2333984375 0.7355925328125 0.2451171875 0.7313649890625 0.248046875 0.725023675 0.248046875 0.6700656109375001 0.2451171875 0.663724296875 0.1982421875 0.6721793828125 0.1943359375 0.6764069265625 0.193359375 0.6785206984375 0.193359375 0.6869757843750001 0.197265625 0.7334787609375 0.2021484375 0.739820075
1 0.2529296875 0.739820075 0.2666015625 0.739820075 0.2841796875 0.7355925328125 0.2890625 0.7292512171875 0.2890625 0.682748240625 0.2861328125 0.6679518390625 0.2587890625 0.6721793828125 0.2490234375 0.6764069265625 0.248046875 0.6785206984375 0.248046875 0.6996584140625 0.25 0.7334787609375 0.2529296875 0.739820075
1 0.2919921875 0.7313649890625 0.3251953125 0.7313649890625 0.3525390625 0.7271374453125 0.353515625 0.725023675 0.353515625 0.6700656109375001 0.3505859375 0.663724296875 0.2919921875 0.6679518390625 0.2890625 0.6742931546875 0.2890625 0.6996584140625 0.291015625 0.7292512171875 0.2919921875 0.7313649890625
1 0.3974609375 0.7271374453125 0.400390625 0.72079613125 0.400390625 0.6658380687500001 0.3974609375 0.659496753125 0.3837890625 0.659496753125 0.380859375 0.6658380687500001 0.380859375 0.72079613125 0.3837890625 0.7271374453125 0.3974609375 0.7271374453125
1 0.4287109375 0.7229099031249999 0.431640625 0.7165685875000001 0.431640625 0.6616105250000001 0.4306640625 0.659496753125 0.4013671875 0.659496753125 0.400390625 0.6616105250000001 0.400390625 0.72079613125 0.4013671875 0.7229099031249999 0.4287109375 0.7229099031249999
1 0.4462890625 0.7229099031249999 0.451171875 0.7165685875000001 0.451171875 0.6742931546875 0.44921875 0.6573829812499999 0.4482421875 0.655269209375 0.4345703125 0.655269209375 0.43359375 0.6573829812499999 0.431640625 0.6658380687500001 0.43359375 0.7165685875000001 0.4365234375 0.7229099031249999 0.4462890625 0.7229099031249999
1 0.4833984375 0.7229099031249999 0.486328125 0.7165685875000001 0.486328125 0.6573829812499999 0.4853515625 0.655269209375 0.4521484375 0.659496753125 0.451171875 0.6616105250000001 0.451171875 0.7165685875000001 0.4541015625 0.7229099031249999 0.4833984375 0.7229099031249999
1 0.5126953125 0.718682359375 0.5263671875 0.714454815625 0.52734375 0.71234104375 0.52734375 0.6531554390625 0.5263671875 0.6510416671875 0.4892578125 0.655269209375 0.48828125 0.6573829812499999 0.48828125 0.71234104375 0.4912109375 0.718682359375 0.5126953125 0.718682359375
1 0.5341796875 0.718682359375 0.5712890625 0.714454815625 0.57421875 0.7081135015625 0.57421875 0.6531554390625 0.5732421875 0.6510416671875 0.5322265625 0.6510416671875 0.529296875 0.6573829812499999 0.529296875 0.71234104375 0.5302734375 0.714454815625 0.5341796875 0.718682359375
1 0.6044921875 0.714454815625 0.607421875 0.7081135015625 0.609375 0.6785206984375 0.609375 0.6531554390625 0.6064453125 0.6468141234375 0.5771484375 0.6468141234375 0.57421875 0.6531554390625 0.57421875 0.7081135015625 0.5771484375 0.714454815625 0.6044921875 0.714454815625
1 0.646484375 0.6996584140625 0.646484375 0.6404728078125 0.6455078125 0.6383590375 0.6103515625 0.6425865796875 0.609375 0.6447003515625 0.607421875 0.6996584140625 0.6103515625 0.7059997296875 0.6435546875 0.7059997296875 0.646484375 0.6996584140625
1 0.7177734375 0.7017721859375 0.71875 0.6996584140625 0.720703125 0.6869757843750001 0.720703125 0.6404728078125 0.7197265625 0.6383590375 0.6689453125 0.6383590375 0.66796875 0.6404728078125 0.66796875 0.6996584140625 0.6689453125 0.7017721859375 0.7177734375 0.7017721859375
1 0.6650390625 0.7017721859375 0.666015625 0.6996584140625 0.666015625 0.6404728078125 0.6650390625 0.6383590375 0.6494140625 0.6383590375 0.646484375 0.6447003515625 0.646484375 0.6996584140625 0.6474609375 0.7017721859375 0.6650390625 0.7017721859375
1 0.7509765625 0.6933171 0.75390625 0.6869757843750001 0.755859375 0.6320177218749999 0.7529296875 0.62567640625 0.7236328125 0.62567640625 0.720703125 0.6320177218749999 0.720703125 0.6869757843750001 0.7236328125 0.6933171 0.7509765625 0.6933171
1 0.7724609375 0.6933171 0.775390625 0.6869757843750001 0.775390625 0.6277901781249999 0.7744140625 0.62567640625 0.7568359375 0.62567640625 0.755859375 0.6277901781249999 0.75390625 0.6573829812499999 0.75390625 0.6869757843750001 0.7568359375 0.6933171 0.7724609375 0.6933171
1 0.8037109375 0.68908955625 0.806640625 0.682748240625 0.80859375 0.6531554390625 0.80859375 0.6320177218749999 0.806640625 0.6235626359374999 0.8056640625 0.6214488640625 0.7783203125 0.6214488640625 0.77734375 0.6235626359374999 0.775390625 0.6700656109375001 0.77734375 0.682748240625 0.7841796875 0.68908955625 0.8037109375 0.68908955625
1 0.8447265625 0.6848620125 0.845703125 0.682748240625 0.84765625 0.6531554390625 0.84765625 0.6235626359374999 0.8466796875 0.6214488640625 0.8095703125 0.6214488640625 0.80859375 0.6235626359374999 0.80859375 0.6785206984375 0.8115234375 0.6848620125 0.8447265625 0.6848620125
1 0.8662109375 0.6848620125 0.869140625 0.6785206984375 0.869140625 0.6235626359374999 0.8681640625 0.6214488640625 0.8486328125 0.6214488640625 0.84765625 0.6235626359374999 0.84765625 0.682748240625 0.8486328125 0.6848620125 0.8662109375 0.6848620125
0 0.099609375 0.9279457515624999 0.1044921875 0.9385146109375 0.1201171875 0.9385146109375 0.125 0.9279457515624999 0.125 0.8983529484374999 0.087890625 0.1923532203125 0.0830078125 0.17755681875 0.0634765625 0.17755681875 0.0595703125 0.1817843609375 0.056640625 0.1881256765625 0.056640625 0.20080830624999998 0.09765625 0.915263121875 0.099609375 0.9279457515624999
0 0.125 0.923718209375 0.126953125 0.9364008390624999 0.1318359375 0.942742153125 0.1416015625 0.942742153125 0.1552734375 0.9385146109375 0.16015625 0.9321732953125 0.16015625 0.8856703187500001 0.15625 0.7842092796875 0.126953125 0.1923532203125 0.125 0.1796705890625 0.1220703125 0.173329275 0.1005859375 0.173329275 0.0927734375 0.17755681875 0.087890625 0.1881256765625 0.087890625 0.20503585000000002 0.1171875 0.7926643671875 0.125 0.923718209375
0 0.162109375 0.9279457515624999 0.1689453125 0.942742153125 0.1943359375 0.942742153125 0.1982421875 0.9385146109375 0.203125 0.9279457515624999 0.201171875 0.801119453125 0.169921875 0.171215503125 0.1669921875 0.1648741890625 0.1318359375 0.1648741890625 0.12890625 0.171215503125 0.126953125 0.1881256765625 0.12890625 0.289586715625 0.16015625 0.9068080359374999 0.162109375 0.9279457515624999
0 0.19140625 0.6447003515625 0.205078125 0.9110355796875 0.20703125 0.9321732953125 0.2099609375 0.9385146109375 0.2373046875 0.9385146109375 0.2490234375 0.9342870671875 0.255859375 0.923718209375 0.255859375 0.9025804921875 0.232421875 0.1796705890625 0.2294921875 0.173329275 0.2158203125 0.16910173125 0.1748046875 0.173329275 0.173828125 0.175443046875 0.171875 0.1838981328125 0.171875 0.23040110937499997 0.173828125 0.281131628125 0.19140625 0.6447003515625
0 0.2607421875 0.9342870671875 0.2763671875 0.9342870671875 0.2880859375 0.9300595234375001 0.2919921875 0.92583198125 0.294921875 0.915263121875 0.294921875 0.9068080359374999 0.275390625 0.1796705890625 0.2724609375 0.173329275 0.2373046875 0.173329275 0.234375 0.1796705890625 0.232421875 0.1881256765625 0.232421875 0.20080830624999998 0.255859375 0.9194906656249999 0.2607421875 0.9342870671875
0 0.3427734375 0.92583198125 0.3544921875 0.9216044374999999 0.357421875 0.915263121875 0.375 0.2134909359375 0.3720703125 0.202922078125 0.3564453125 0.1860119046875 0.3466796875 0.17755681875 0.3330078125 0.173329275 0.2958984375 0.173329275 0.2841796875 0.17755681875 0.2783203125 0.1817843609375 0.275390625 0.1881256765625 0.2734375 0.20080830624999998 0.294921875 0.915263121875 0.2998046875 0.92583198125 0.3427734375 0.92583198125
0 0.384765625 0.915263121875 0.3857421875 0.91737689375 0.4013671875 0.91737689375 0.404296875 0.9110355796875 0.404296875 0.860305059375 0.392578125 0.251538825 0.3896484375 0.2409699671875 0.3740234375 0.2409699671875 0.373046875 0.24308373906249997 0.37109375 0.25576636875 0.373046875 0.395275296875 0.3828125 0.8856703187500001 0.384765625 0.915263121875
0 0.4052734375 0.91314935 0.4326171875 0.91314935 0.435546875 0.9068080359374999 0.435546875 0.8138020828125001 0.4296875 0.5009638796875 0.4248046875 0.49039502187500006 0.3994140625 0.494622565625 0.396484375 0.5009638796875 0.396484375 0.513646509375 0.404296875 0.9110355796875 0.4052734375 0.91314935
0 0.4375 0.9110355796875 0.4384765625 0.91314935 0.4521484375 0.91314935 0.455078125 0.9068080359374999 0.453125 0.746161390625 0.443359375 0.27267654218750004 0.4404296875 0.262107684375 0.4306640625 0.262107684375 0.427734375 0.2684489984375 0.427734375 0.3910477546875 0.435546875 0.8518499734375 0.4375 0.9110355796875
0 0.4619140625 0.91314935 0.4814453125 0.91314935 0.48828125 0.9068080359374999 0.48828125 0.6658380687500001 0.484375 0.1838981328125 0.482421875 0.171215503125 0.4794921875 0.1648741890625 0.4501953125 0.1648741890625 0.4453125 0.171215503125 0.443359375 0.1796705890625 0.443359375 0.2684489984375 0.455078125 0.9068080359374999 0.4619140625 0.91314935
0 0.490234375 0.8983529484374999 0.4921875 0.9110355796875 0.4990234375 0.91737689375 0.5244140625 0.91737689375 0.52734375 0.9068080359374999 0.52734375 0.1881256765625 0.5244140625 0.1817843609375 0.4892578125 0.1817843609375 0.484375 0.1923532203125 0.484375 0.3910477546875 0.48828125 0.801119453125 0.490234375 0.8983529484374999
0 0.5322265625 0.9089218078125001 0.5537109375 0.9089218078125001 0.5673828125 0.9046942640625 0.5712890625 0.9004667203125001 0.57421875 0.8898978625 0.578125 0.13739515625 0.5732421875 0.12682629843749998 0.5380859375 0.12259875468749999 0.5341796875 0.12259875468749999 0.52734375 0.1331676140625 0.525390625 0.1416227 0.525390625 0.1585328734375 0.529296875 0.9025804921875 0.5322265625 0.9089218078125001
0 0.5947265625 0.9046942640625 0.6025390625 0.9004667203125001 0.60546875 0.89412540625 0.607421875 0.8814427765625 0.61328125 0.40373038437500003 0.61328125 0.166987959375 0.6103515625 0.1606466453125 0.6044921875 0.1564191015625 0.5810546875 0.1564191015625 0.578125 0.1627604171875 0.576171875 0.2092633921875 0.57421875 0.89412540625 0.5771484375 0.9004667203125001 0.5849609375 0.9046942640625 0.5947265625 0.9046942640625
0 0.6376953125 0.896239178125 0.6416015625 0.892011634375 0.64453125 0.8814427765625 0.650390625 0.4798261640625 0.65234375 0.1965807625 0.6513671875 0.194466990625 0.6337890625 0.1902394484375 0.6162109375 0.194466990625 0.61328125 0.20080830624999998 0.607421875 0.695430871875 0.607421875 0.8898978625 0.6103515625 0.896239178125 0.6376953125 0.896239178125
0 0.6640625 0.8856703187500001 0.666015625 0.750388934375 0.66796875 0.5559219421875 0.66796875 0.48405370625 0.6669921875 0.481939934375 0.6513671875 0.481939934375 0.650390625 0.48405370625 0.6484375 0.5347842265625 0.646484375 0.6616105250000001 0.64453125 0.8898978625 0.6474609375 0.896239178125 0.6611328125 0.896239178125 0.6640625 0.8856703187500001
0 0.6708984375 0 0.6630859375 0.008455085937499999 0.6455078125 0.033820346875000004 0.623046875 0.0697544640625 0.62109375 0.07820955156250001 0.62109375 0.12894007031250002 0.6640625 0.8856703187500001 0.6689453125 0.896239178125 0.6728515625 0.9004667203125001 0.7099609375 0.9004667203125001 0.71484375 0.89412540625 0.716796875 0.8814427765625 0.736328125 0.0105688578125 0.7333984375 0 0.6708984375 0
0 0.75 0.8729876890625 0.767578125 0.20503585000000002 0.767578125 0.1416227 0.7626953125 0.1352813859375 0.7353515625 0.1352813859375 0.732421875 0.1416227 0.7265625 0.340317234375 0.71875 0.72079613125 0.716796875 0.8772152328124999 0.7197265625 0.883556546875 0.7451171875 0.883556546875 0.75 0.8729876890625
0 0.7666015625 0.883556546875 0.76953125 0.8772152328124999 0.771484375 0.8518499734375 0.7734375 0.7799817375 0.787109375 0.24308373906249997 0.787109375 0.1585328734375 0.7861328125 0.1564191015625 0.7705078125 0.1564191015625 0.767578125 0.1627604171875 0.75390625 0.6616105250000001 0.75 0.8264847124999999 0.75 0.8772152328124999 0.7548828125 0.883556546875 0.7666015625 0.883556546875
0 0.7822265625 0.883556546875 0.7978515625 0.883556546875 0.8017578125 0.8793290046875001 0.8046875 0.8687601468749999 0.80859375 0.682748240625 0.814453125 0.25576636875 0.814453125 0.1500777875 0.8115234375 0.1352813859375 0.7822265625 0.1352813859375 0.7763671875 0.139508928125 0.7734375 0.14585024375 0.7734375 0.8687601468749999 0.7783203125 0.8793290046875001 0.7822265625 0.883556546875
0 0.8115234375 0.8793290046875001 0.8408203125 0.8793290046875001 0.84375 0.8729876890625 0.845703125 0.8560775156249999 0.853515625 0.2769040859375 0.853515625 0.1585328734375 0.8505859375 0.1521915578125 0.8291015625 0.1521915578125 0.8173828125 0.1564191015625 0.81640625 0.1585328734375 0.814453125 0.21771847968750002 0.8046875 0.809574540625 0.8046875 0.864532603125 0.806640625 0.8729876890625 0.8115234375 0.8793290046875001
0 0.8642578125 0.8751014609375 0.8671875 0.864532603125 0.869140625 0.7799817375 0.876953125 0.2134909359375 0.876953125 0.1543053296875 0.8740234375 0.147964015625 0.8603515625 0.147964015625 0.85546875 0.1543053296875 0.853515625 0.1796705890625 0.849609375 0.45446090312500004 0.845703125 0.7546164765625 0.845703125 0.8729876890625 0.8466796875 0.8751014609375 0.8642578125 0.8751014609375