1 0.1298828125 0.5664908015625 0.130859375 0.5643770296875 0.130859375 0.5094189671875 0.1298828125 0.5073051953125 0.0771484375 0.5073051953125 0.07421875 0.513646509375 0.07421875 0.5643770296875 0.0751953125 0.5664908015625 0.1298828125 0.5664908015625
1 0.1591796875 0.5707183437500001 0.1845703125 0.5664908015625 0.185546875 0.5643770296875 0.185546875 0.513646509375 0.1845703125 0.5115327375 0.1357421875 0.5115327375 0.1328125 0.517874053125 0.1328125 0.568604571875 0.1337890625 0.5707183437500001 0.1591796875 0.5707183437500001
1 0.2392578125 0.5707183437500001 0.2421875 0.5643770296875 0.2421875 0.517874053125 0.2392578125 0.5115327375 0.2158203125 0.5115327375 0.1865234375 0.5157602812500001 0.185546875 0.517874053125 0.185546875 0.572832115625 0.1865234375 0.5749458875 0.2392578125 0.5707183437500001
1 0.3310546875 0.5749458875 0.33203125 0.572832115625 0.33203125 0.517874053125 0.3310546875 0.5157602812500001 0.2880859375 0.5157602812500001 0.28515625 0.522101596875 0.28515625 0.572832115625 0.2861328125 0.5749458875 0.3310546875 0.5749458875
1 0.2841796875 0.5707183437500001 0.28515625 0.568604571875 0.28515625 0.517874053125 0.2822265625 0.5115327375 0.2431640625 0.5157602812500001 0.2421875 0.517874053125 0.2421875 0.568604571875 0.2451171875 0.5749458875 0.2841796875 0.5707183437500001
1 0.3759765625 0.5749458875 0.376953125 0.572832115625 0.37890625 0.54746685625 0.37890625 0.522101596875 0.3759765625 0.5157602812500001 0.3349609375 0.5157602812500001 0.33203125 0.522101596875 0.33203125 0.572832115625 0.3330078125 0.5749458875 0.3759765625 0.5749458875
1 0.4130859375 0.5749458875 0.4140625 0.572832115625 0.4140625 0.522101596875 0.4130859375 0.5199878250000001 0.3798828125 0.5157602812500001 0.37890625 0.517874053125 0.37890625 0.572832115625 0.3798828125 0.5749458875 0.4130859375 0.5749458875
1 0.4482421875 0.57917343125 0.451171875 0.572832115625 0.451171875 0.5305566828125 0.4482421875 0.5199878250000001 0.4169921875 0.5199878250000001 0.4140625 0.5263291390625 0.4140625 0.572832115625 0.4169921875 0.57917343125 0.4482421875 0.57917343125
1 0.4990234375 0.5749458875 0.5 0.572832115625 0.5 0.522101596875 0.4970703125 0.5157602812500001 0.4658203125 0.5157602812500001 0.4521484375 0.5199878250000001 0.451171875 0.522101596875 0.451171875 0.5770596593749999 0.4521484375 0.57917343125 0.4990234375 0.5749458875
1 0.5517578125 0.57917343125 0.5546875 0.572832115625 0.5546875 0.5263291390625 0.5517578125 0.5199878250000001 0.5009765625 0.5199878250000001 0.5 0.522101596875 0.5 0.572832115625 0.5029296875 0.57917343125 0.5517578125 0.57917343125
1 0.5830078125 0.5749458875 0.583984375 0.572832115625 0.583984375 0.522101596875 0.5810546875 0.5157602812500001 0.5595703125 0.5157602812500001 0.5556640625 0.5199878250000001 0.5546875 0.522101596875 0.5546875 0.572832115625 0.5576171875 0.57917343125 0.5830078125 0.5749458875
1 0.6123046875 0.5749458875 0.6416015625 0.5707183437500001 0.642578125 0.568604571875 0.642578125 0.517874053125 0.6396484375 0.5115327375 0.6181640625 0.5115327375 0.6083984375 0.5157602812500001 0.607421875 0.517874053125 0.607421875 0.5263291390625 0.609375 0.568604571875 0.6123046875 0.5749458875
1 0.6064453125 0.5749458875 0.609375 0.568604571875 0.609375 0.5347842265625 0.607421875 0.517874053125 0.6064453125 0.5157602812500001 0.5849609375 0.5157602812500001 0.583984375 0.517874053125 0.583984375 0.572832115625 0.5849609375 0.5749458875 0.6064453125 0.5749458875
1 0.6748046875 0.5707183437500001 0.677734375 0.5643770296875 0.67578125 0.513646509375 0.6748046875 0.5115327375 0.6435546875 0.5115327375 0.642578125 0.513646509375 0.642578125 0.568604571875 0.6435546875 0.5707183437500001 0.6748046875 0.5707183437500001
1 0.6943359375 0.5749458875 0.7119140625 0.5707183437500001 0.712890625 0.568604571875 0.712890625 0.517874053125 0.7119140625 0.5157602812500001 0.7080078125 0.5115327375 0.6923828125 0.5115327375 0.6767578125 0.5157602812500001 0.67578125 0.517874053125 0.67578125 0.54746685625 0.6787109375 0.5749458875 0.6943359375 0.5749458875
1 0.7255859375 0.5749458875 0.7470703125 0.5707183437500001 0.748046875 0.568604571875 0.748046875 0.513646509375 0.7470703125 0.5115327375 0.7216796875 0.5115327375 0.7138671875 0.5157602812500001 0.712890625 0.517874053125 0.712890625 0.568604571875 0.7158203125 0.5749458875 0.7255859375 0.5749458875
1 0.7529296875 0.5707183437500001 0.8017578125 0.5664908015625 0.8046875 0.5601494859375 0.8046875 0.53901176875 0.802734375 0.5094189671875 0.7998046875 0.5030776515625 0.7548828125 0.5073051953125 0.7490234375 0.5115327375 0.748046875 0.513646509375 0.748046875 0.5432393125 0.75 0.5643770296875 0.7529296875 0.5707183437500001
1 0.8115234375 0.5664908015625 0.8525390625 0.5622632578125 0.86328125 0.5559219421875 0.86328125 0.517874053125 0.8603515625 0.4988501078125 0.8466796875 0.4988501078125 0.8076171875 0.5073051953125 0.806640625 0.5094189671875 0.806640625 0.53901176875 0.80859375 0.5601494859375 0.8115234375 0.5664908015625
0 0.0751953125 0.7567302484375 0.1005859375 0.7567302484375 0.1240234375 0.75250270625 0.126953125 0.7419338468750001 0.12890625 0.6742931546875 0.140625 0.1331676140625 0.140625 0.12471252656250001 0.1337890625 0.109916125 0.1259765625 0.1056885828125 0.0830078125 0.1056885828125 0.078125 0.112029896875 0.07421875 0.39950284062499997 0.0703125 0.71234104375 0.0703125 0.7292512171875 0.072265625 0.750388934375 0.0751953125 0.7567302484375
0 0.181640625 0.746161390625 0.18359375 0.7165685875000001 0.189453125 0.293814259375 0.189453125 0.12894007031250002 0.1865234375 0.12259875468749999 0.1787109375 0.1183712125 0.1611328125 0.1183712125 0.1435546875 0.12259875468749999 0.140625 0.12894007031250002 0.138671875 0.1416227 0.1328125 0.43755073125 0.12890625 0.746161390625 0.1357421875 0.7567302484375 0.1748046875 0.7567302484375 0.181640625 0.746161390625
0 0.2158203125 0.7651853359375 0.2294921875 0.7609577921875 0.2333984375 0.7567302484375 0.23828125 0.746161390625 0.2421875 0.5897422890625 0.244140625 0.344544778125 0.244140625 0.112029896875 0.2412109375 0.1056885828125 0.2353515625 0.1014610390625 0.1982421875 0.1014610390625 0.19140625 0.112029896875 0.1875 0.34877232187499996 0.185546875 0.5263291390625 0.185546875 0.7546164765625 0.1923828125 0.7651853359375 0.2158203125 0.7651853359375
0 0.2763671875 0.7567302484375 0.283203125 0.746161390625 0.291015625 0.10357481093750001 0.2880859375 0.0972334953125 0.2705078125 0.093005953125 0.2490234375 0.093005953125 0.244140625 0.107802353125 0.240234375 0.598197375 0.240234375 0.750388934375 0.2431640625 0.7567302484375 0.2763671875 0.7567302484375
0 0.3173828125 0.7609577921875 0.3271484375 0.7567302484375 0.330078125 0.750388934375 0.33203125 0.682748240625 0.333984375 0.4206405578125 0.333984375 0.12471252656250001 0.3310546875 0.1183712125 0.2998046875 0.11414366875 0.291015625 0.12048498437499999 0.2890625 0.12894007031250002 0.287109375 0.29804180156250004 0.283203125 0.7419338468750001 0.2861328125 0.7567302484375 0.2939453125 0.7609577921875 0.3173828125 0.7609577921875
0 0.3720703125 0.7609577921875 0.376953125 0.750388934375 0.380859375 0.1331676140625 0.3779296875 0.12682629843749998 0.3408203125 0.12682629843749998 0.3359375 0.1331676140625 0.333984375 0.1543053296875 0.33203125 0.48828125 0.33203125 0.7546164765625 0.3349609375 0.7609577921875 0.3720703125 0.7609577921875
0 0.4111328125 0.7567302484375 0.4140625 0.750388934375 0.416015625 0.3656824953125 0.416015625 0.112029896875 0.4150390625 0.109916125 0.4091796875 0.1056885828125 0.3837890625 0.1056885828125 0.380859375 0.112029896875 0.37890625 0.3064968890625 0.376953125 0.7546164765625 0.3798828125 0.7609577921875 0.4052734375 0.7609577921875 0.4111328125 0.7567302484375
0 0.4306640625 0.7609577921875 0.4501953125 0.7567302484375 0.451171875 0.7546164765625 0.451171875 0.5305566828125 0.447265625 0.12048498437499999 0.4462890625 0.1183712125 0.4208984375 0.11414366875 0.416015625 0.12471252656250001 0.4140625 0.5009638796875 0.4140625 0.750388934375 0.4208984375 0.7609577921875 0.4306640625 0.7609577921875
0 0.453125 0.750388934375 0.455078125 0.7588440203125 0.4599609375 0.7651853359375 0.4970703125 0.7609577921875 0.5 0.746161390625 0.5 0.42909564375000003 0.49609375 0.107802353125 0.4931640625 0.1014610390625 0.4521484375 0.1014610390625 0.44921875 0.107802353125 0.447265625 0.12894007031250002 0.44921875 0.4967363359375 0.451171875 0.6785206984375 0.453125 0.750388934375
0 0.5478515625 0.769412878125 0.5537109375 0.7651853359375 0.556640625 0.7588440203125 0.556640625 0.6320177218749999 0.548828125 0.107802353125 0.5439453125 0.0972334953125 0.5009765625 0.0972334953125 0.49609375 0.107802353125 0.5 0.7546164765625 0.5048828125 0.7651853359375 0.5478515625 0.769412878125
0 0.55859375 0.7546164765625 0.5615234375 0.7609577921875 0.5810546875 0.7609577921875 0.5849609375 0.7567302484375 0.587890625 0.750388934375 0.587890625 0.746161390625 0.578125 0.107802353125 0.576171875 0.0951197234375 0.5732421875 0.088778409375 0.5537109375 0.088778409375 0.548828125 0.0993472671875 0.548828125 0.12894007031250002 0.556640625 0.7377063046875 0.55859375 0.7546164765625
0 0.587890625 0.7546164765625 0.5908203125 0.7609577921875 0.6103515625 0.7609577921875 0.611328125 0.7588440203125 0.611328125 0.6489278953125 0.6015625 0.0993472671875 0.5966796875 0.084550865625 0.5830078125 0.084550865625 0.5791015625 0.088778409375 0.578125 0.09089218125000001 0.578125 0.2092633921875 0.5859375 0.72079613125 0.587890625 0.7546164765625
0 0.61328125 0.7546164765625 0.6162109375 0.7609577921875 0.6416015625 0.7609577921875 0.646484375 0.750388934375 0.646484375 0.6996584140625 0.634765625 0.11625744062500001 0.6298828125 0.1056885828125 0.6064453125 0.1056885828125 0.6025390625 0.109916125 0.6015625 0.112029896875 0.6015625 0.1627604171875 0.611328125 0.7377063046875 0.61328125 0.7546164765625
0 0.64453125 0.6996584140625 0.646484375 0.750388934375 0.6513671875 0.7609577921875 0.6787109375 0.7609577921875 0.681640625 0.750388934375 0.681640625 0.7334787609375 0.66796875 0.14585024375 0.6630859375 0.1310538421875 0.6435546875 0.1310538421875 0.6376953125 0.1352813859375 0.634765625 0.1416227 0.634765625 0.1838981328125 0.638671875 0.4206405578125 0.64453125 0.6996584140625
0 0.7158203125 0.7567302484375 0.71875 0.750388934375 0.71875 0.746161390625 0.703125 0.12048498437499999 0.701171875 0.0866646375 0.6982421875 0.08032332187499999 0.6689453125 0.084550865625 0.6640625 0.0951197234375 0.66015625 0.112029896875 0.658203125 0.12471252656250001 0.681640625 0.7546164765625 0.6865234375 0.7609577921875 0.7158203125 0.7567302484375
0 0.7255859375 0.7609577921875 0.7490234375 0.7609577921875 0.75390625 0.750388934375 0.75390625 0.71234104375 0.736328125 0.08243709375 0.7353515625 0.08032332187499999 0.7099609375 0.08032332187499999 0.703125 0.0951197234375 0.703125 0.175443046875 0.71875 0.750388934375 0.7255859375 0.7609577921875
0 0.75390625 0.746161390625 0.755859375 0.7546164765625 0.7607421875 0.7609577921875 0.7783203125 0.7609577921875 0.8056640625 0.7567302484375 0.810546875 0.7419338468750001 0.810546875 0.725023675 0.79296875 0.1416227 0.7900390625 0.1352813859375 0.7568359375 0.1310538421875 0.7392578125 0.1352813859375 0.73828125 0.13739515625 0.73828125 0.1923532203125 0.740234375 0.2769040859375 0.75390625 0.746161390625
0 0.8232421875 0.7609577921875 0.8583984375 0.7609577921875 0.8662109375 0.7567302484375 0.87109375 0.750388934375 0.87109375 0.72079613125 0.8515625 0.13739515625 0.849609375 0.107802353125 0.8447265625 0.0972334953125 0.8115234375 0.093005953125 0.7978515625 0.0972334953125 0.79296875 0.107802353125 0.787109375 0.12894007031250002 0.810546875 0.750388934375 0.8134765625 0.7567302484375 0.8232421875 0.7609577921875
0 0.8837890625 0.7567302484375 0.9052734375 0.7567302484375 0.908203125 0.750388934375 0.908203125 0.7081135015625 0.884765625 0.0739820078125 0.8818359375 0.06764069218749999 0.8583984375 0.06764069218749999 0.8505859375 0.0760957796875 0.84375 0.09089218125000001 0.84375 0.0951197234375 0.87109375 0.750388934375 0.8837890625 0.7567302484375
0 0.91015625 0.750388934375 0.9169921875 0.7567302484375 0.9365234375 0.7567302484375 0.939453125 0.750388934375 0.939453125 0.7038859578125 0.916015625 0.09089218125000001 0.9130859375 0.084550865625 0.8896484375 0.084550865625 0.88671875 0.09089218125000001 0.88671875 0.1500777875 0.908203125 0.7377063046875 0.91015625 0.750388934375
0 0.939453125 0.7377063046875 0.9423828125 0.7482751624999999 0.9482421875 0.75250270625 0.9541015625 0.75250270625 0.962890625 0.746161390625 0.962890625 0.7081135015625 0.939453125 0.09089218125000001 0.9345703125 0.084550865625 0.9169921875 0.088778409375 0.916015625 0.09089218125000001 0.916015625 0.12471252656250001 0.91796875 0.1881256765625 0.939453125 0.7377063046875
0 0.96484375 0.746161390625 0.9677734375 0.75250270625 0.9951171875 0.75250270625 0.998046875 0.746161390625 0.998046875 0.72079613125 0.970703125 0.07820955156250001 0.9697265625 0.0760957796875 0.9482421875 0.0760957796875 0.9423828125 0.08032332187499999 0.939453125 0.0866646375 0.939453125 0.12894007031250002 0.962890625 0.7292512171875 0.96484375 0.746161390625