1 0.1357421875 0.7482751624999999 0.158203125 0.7377063046875 0.15625 0.6996584140625 0.154296875 0.682748240625 0.1513671875 0.6764069265625 0.1123046875 0.68908955625 0.1083984375 0.6933171 0.107421875 0.6996584140625 0.111328125 0.746161390625 0.1142578125 0.75250270625 0.1357421875 0.7482751624999999
1 0.1611328125 0.74404761875 0.1748046875 0.74404761875 0.1865234375 0.739820075 0.193359375 0.7334787609375 0.193359375 0.7038859578125 0.19140625 0.6869757843750001 0.1884765625 0.6806344703125 0.1572265625 0.6848620125 0.15625 0.6869757843750001 0.15625 0.7165685875000001 0.158203125 0.7377063046875 0.1611328125 0.74404761875
1 0.1982421875 0.7567302484375 0.2158203125 0.7567302484375 0.2314453125 0.75250270625 0.2392578125 0.7482751624999999 0.2421875 0.7419338468750001 0.2421875 0.725023675 0.23828125 0.695430871875 0.2353515625 0.68908955625 0.1943359375 0.6975446421875 0.193359375 0.6996584140625 0.193359375 0.72079613125 0.1953125 0.746161390625 0.1982421875 0.7567302484375
1 0.2490234375 0.7567302484375 0.2666015625 0.7567302484375 0.2822265625 0.75250270625 0.298828125 0.7419338468750001 0.296875 0.6869757843750001 0.2958984375 0.6848620125 0.2763671875 0.6679518390625 0.2685546875 0.6679518390625 0.2451171875 0.6764069265625 0.244140625 0.6785206984375 0.244140625 0.7292512171875 0.24609375 0.750388934375 0.2490234375 0.7567302484375
1 0.3134765625 0.7482751624999999 0.3349609375 0.739820075 0.341796875 0.7334787609375 0.33984375 0.695430871875 0.337890625 0.682748240625 0.3349609375 0.6764069265625 0.3017578125 0.6848620125 0.296875 0.695430871875 0.298828125 0.7419338468750001 0.3017578125 0.7482751624999999 0.3134765625 0.7482751624999999
1 0.3466796875 0.7482751624999999 0.3564453125 0.7482751624999999 0.4013671875 0.7355925328125 0.404296875 0.7292512171875 0.40234375 0.6912033281250001 0.3994140625 0.6764069265625 0.3720703125 0.6806344703125 0.3447265625 0.68908955625 0.3408203125 0.6933171 0.33984375 0.695430871875 0.33984375 0.7038859578125 0.341796875 0.7334787609375 0.3466796875 0.7482751624999999
1 0.4072265625 0.739820075 0.4189453125 0.739820075 0.4248046875 0.7355925328125 0.42578125 0.7334787609375 0.42578125 0.72079613125 0.423828125 0.682748240625 0.4208984375 0.6764069265625 0.4033203125 0.6764069265625 0.400390625 0.682748240625 0.400390625 0.6869757843750001 0.404296875 0.7334787609375 0.4072265625 0.739820075
1 0.4287109375 0.739820075 0.4384765625 0.739820075 0.4482421875 0.7355925328125 0.451171875 0.7292512171875 0.451171875 0.71234104375 0.44921875 0.682748240625 0.447265625 0.6742931546875 0.4443359375 0.6721793828125 0.4248046875 0.6764069265625 0.423828125 0.6785206984375 0.423828125 0.71234104375 0.42578125 0.7334787609375 0.4287109375 0.739820075
1 0.4736328125 0.739820075 0.4873046875 0.7355925328125 0.4970703125 0.7313649890625 0.5 0.725023675 0.498046875 0.6742931546875 0.4951171875 0.6679518390625 0.4521484375 0.6806344703125 0.451171875 0.682748240625 0.451171875 0.72079613125 0.4541015625 0.739820075 0.4736328125 0.739820075
1 0.5048828125 0.739820075 0.5224609375 0.739820075 0.5419921875 0.7355925328125 0.548828125 0.7292512171875 0.548828125 0.71234104375 0.546875 0.6742931546875 0.5458984375 0.6721793828125 0.4990234375 0.6764069265625 0.498046875 0.6785206984375 0.498046875 0.7081135015625 0.5 0.7334787609375 0.5048828125 0.739820075
1 0.5673828125 0.7355925328125 0.5986328125 0.7271374453125 0.6015625 0.72079613125 0.599609375 0.6700656109375001 0.5986328125 0.6679518390625 0.5869140625 0.6679518390625 0.5537109375 0.6764069265625 0.552734375 0.6785206984375 0.552734375 0.7081135015625 0.5556640625 0.7355925328125 0.5673828125 0.7355925328125
1 0.6064453125 0.739820075 0.6201171875 0.739820075 0.6357421875 0.7355925328125 0.6474609375 0.7313649890625 0.650390625 0.725023675 0.6484375 0.6742931546875 0.6455078125 0.6679518390625 0.6044921875 0.6764069265625 0.6015625 0.682748240625 0.6015625 0.7165685875000001 0.603515625 0.7334787609375 0.6064453125 0.739820075
1 0.6845703125 0.7313649890625 0.7060546875 0.7271374453125 0.71875 0.72079613125 0.71875 0.6869757843750001 0.7158203125 0.663724296875 0.6572265625 0.6721793828125 0.654296875 0.6785206984375 0.654296875 0.7038859578125 0.6572265625 0.7313649890625 0.6845703125 0.7313649890625
1 0.7783203125 0.7229099031249999 0.7919921875 0.718682359375 0.79296875 0.7165685875000001 0.79296875 0.6616105250000001 0.7900390625 0.655269209375 0.7373046875 0.663724296875 0.734375 0.6700656109375001 0.732421875 0.6785206984375 0.732421875 0.7165685875000001 0.7353515625 0.7229099031249999 0.7783203125 0.7229099031249999
1 0.8544921875 0.718682359375 0.8701171875 0.714454815625 0.87109375 0.71234104375 0.87109375 0.6531554390625 0.8701171875 0.6510416671875 0.8291015625 0.655269209375 0.8154296875 0.659496753125 0.8125 0.6658380687500001 0.814453125 0.7165685875000001 0.8154296875 0.718682359375 0.8544921875 0.718682359375
0 0.125 0.9068080359374999 0.1298828125 0.91737689375 0.1337890625 0.9216044374999999 0.1533203125 0.9216044374999999 0.1611328125 0.91737689375 0.1669921875 0.91314935 0.169921875 0.9068080359374999 0.169921875 0.8772152328124999 0.134765625 0.2769040859375 0.1318359375 0.2705627703125 0.1240234375 0.262107684375 0.1025390625 0.262107684375 0.0771484375 0.2705627703125 0.07421875 0.2769040859375 0.07421875 0.31072443125000004 0.1171875 0.83071225625 0.125 0.9068080359374999
0 0.1767578125 0.9216044374999999 0.2001953125 0.9216044374999999 0.20703125 0.9110355796875 0.20703125 0.8772152328124999 0.1640625 0.2769040859375 0.1630859375 0.2747903140625 0.1416015625 0.2747903140625 0.1298828125 0.2790178578125 0.1259765625 0.2832454 0.123046875 0.289586715625 0.123046875 0.31917951875 0.171875 0.9110355796875 0.1767578125 0.9216044374999999
0 0.2109375 0.9321732953125 0.2158203125 0.9385146109375 0.2431640625 0.9342870671875 0.2470703125 0.9300595234375001 0.25390625 0.915263121875 0.25390625 0.89412540625 0.2265625 0.5094189671875 0.208984375 0.31072443125000004 0.205078125 0.2769040859375 0.2041015625 0.2747903140625 0.1845703125 0.2747903140625 0.1611328125 0.2832454 0.16015625 0.28535917187500004 0.16015625 0.3064968890625 0.1953125 0.750388934375 0.2109375 0.9321732953125
0 0.2587890625 0.92583198125 0.2724609375 0.9385146109375 0.2802734375 0.9385146109375 0.3017578125 0.9300595234375001 0.3076171875 0.92583198125 0.310546875 0.9194906656249999 0.310546875 0.864532603125 0.279296875 0.20503585000000002 0.267578125 0.0951197234375 0.2607421875 0.088778409375 0.2509765625 0.088778409375 0.2060546875 0.093005953125 0.1943359375 0.1014610390625 0.19140625 0.107802353125 0.19140625 0.112029896875 0.25390625 0.9110355796875 0.2587890625 0.92583198125
0 0.3125 0.915263121875 0.3154296875 0.9216044374999999 0.3369140625 0.9216044374999999 0.3466796875 0.91737689375 0.3515625 0.9110355796875 0.3515625 0.8772152328124999 0.3203125 0.378365125 0.30859375 0.2219460234375 0.3037109375 0.2156047078125 0.2841796875 0.2156047078125 0.2724609375 0.22405979375 0.267578125 0.234628653125 0.267578125 0.251538825 0.298828125 0.7377063046875 0.3125 0.915263121875
0 0.3583984375 0.9300595234375001 0.3681640625 0.9300595234375001 0.4091796875 0.91737689375 0.4140625 0.9110355796875 0.4140625 0.8772152328124999 0.373046875 0.0697544640625 0.37109375 0.061299378125000005 0.3662109375 0.0549580625 0.3037109375 0.06341315 0.30078125 0.0697544640625 0.30078125 0.08243709375 0.353515625 0.9194906656249999 0.3583984375 0.9300595234375001
0 0.4140625 0.8772152328124999 0.416015625 0.8983529484374999 0.4189453125 0.91314935 0.4345703125 0.91314935 0.435546875 0.9110355796875 0.435546875 0.8814427765625 0.400390625 0.20503585000000002 0.3974609375 0.198694534375 0.3896484375 0.194466990625 0.3779296875 0.198694534375 0.375 0.20503585000000002 0.375 0.2473112828125 0.400390625 0.6785206984375 0.4140625 0.8772152328124999
0 0.4404296875 0.91737689375 0.4599609375 0.91737689375 0.462890625 0.9110355796875 0.462890625 0.9025804921875 0.42578125 0.23040110937499997 0.4228515625 0.21983225156250003 0.4013671875 0.21983225156250003 0.396484375 0.23040110937499997 0.396484375 0.24308373906249997 0.435546875 0.9110355796875 0.4404296875 0.91737689375
0 0.462890625 0.9110355796875 0.4697265625 0.9216044374999999 0.4892578125 0.9216044374999999 0.5009765625 0.91737689375 0.5078125 0.9110355796875 0.5078125 0.8856703187500001 0.494140625 0.5855147453125 0.4765625 0.2473112828125 0.4736328125 0.236742425 0.4619140625 0.236742425 0.4306640625 0.24519751093750003 0.42578125 0.25576636875 0.4296875 0.34877232187499996 0.458984375 0.860305059375 0.462890625 0.9110355796875
0 0.5458984375 0.91737689375 0.5517578125 0.91314935 0.5546875 0.9068080359374999 0.5546875 0.8814427765625 0.529296875 0.226173565625 0.5263671875 0.21983225156250003 0.5244140625 0.21983225156250003 0.4794921875 0.23251488125000003 0.474609375 0.24308373906249997 0.5078125 0.9068080359374999 0.5146484375 0.91737689375 0.5458984375 0.91737689375
0 0.556640625 0.9068080359374999 0.5634765625 0.9216044374999999 0.5908203125 0.9216044374999999 0.6025390625 0.91314935 0.607421875 0.9025804921875 0.607421875 0.8856703187500001 0.5859375 0.23040110937499997 0.5810546875 0.21983225156250003 0.5771484375 0.2156047078125 0.5595703125 0.2156047078125 0.5380859375 0.21983225156250003 0.5322265625 0.22405979375 0.53125 0.226173565625 0.53125 0.281131628125 0.5546875 0.8898978625 0.556640625 0.9068080359374999
0 0.609375 0.9110355796875 0.6162109375 0.91737689375 0.6455078125 0.91737689375 0.6513671875 0.91314935 0.65625 0.9025804921875 0.65625 0.8856703187500001 0.6328125 0.2388561953125 0.6298828125 0.22405979375 0.6005859375 0.22405979375 0.5869140625 0.23251488125000003 0.5859375 0.234628653125 0.5859375 0.289586715625 0.607421875 0.8983529484374999 0.609375 0.9110355796875
0 0.6650390625 0.91314935 0.6962890625 0.91314935 0.7138671875 0.9089218078125001 0.7255859375 0.896239178125 0.728515625 0.8898978625 0.728515625 0.8349398000000001 0.712890625 0.1500777875 0.7099609375 0.143736471875 0.6982421875 0.143736471875 0.6337890625 0.1564191015625 0.630859375 0.1627604171875 0.62890625 0.171215503125 0.65625 0.89412540625 0.658203125 0.9025804921875 0.6650390625 0.91314935
0 0.728515625 0.864532603125 0.73046875 0.8898978625 0.7333984375 0.896239178125 0.7509765625 0.9004667203125001 0.7919921875 0.892011634375 0.7998046875 0.883556546875 0.802734375 0.8772152328124999 0.802734375 0.83071225625 0.791015625 0.14585024375 0.7900390625 0.143736471875 0.7451171875 0.143736471875 0.7197265625 0.147964015625 0.7158203125 0.1521915578125 0.71484375 0.1543053296875 0.71484375 0.251538825 0.716796875 0.39950284062499997 0.728515625 0.864532603125
0 0.8046875 0.8814427765625 0.8154296875 0.892011634375 0.8427734375 0.892011634375 0.8564453125 0.8877840906250001 0.8720703125 0.8793290046875001 0.875 0.8729876890625 0.876953125 0.8518499734375 0.873046875 0.1416227 0.8701171875 0.1310538421875 0.8369140625 0.1310538421875 0.7978515625 0.1352813859375 0.79296875 0.14585024375 0.79296875 0.166987959375 0.802734375 0.8476224296874999 0.8046875 0.8814427765625