1 0.1474609375 0.7567302484375 0.1572265625 0.7567302484375 0.1923828125 0.7482751624999999 0.193359375 0.746161390625 0.193359375 0.6912033281250001 0.1923828125 0.68908955625 0.1689453125 0.68908955625 0.1435546875 0.6933171 0.142578125 0.695430871875 0.142578125 0.7292512171875 0.14453125 0.750388934375 0.1474609375 0.7567302484375
1 0.1982421875 0.7567302484375 0.2255859375 0.7567302484375 0.228515625 0.750388934375 0.2265625 0.6996584140625 0.2255859375 0.6975446421875 0.1943359375 0.6975446421875 0.193359375 0.6996584140625 0.193359375 0.7081135015625 0.1953125 0.750388934375 0.1982421875 0.7567302484375
1 0.2607421875 0.7609577921875 0.27734375 0.750388934375 0.27734375 0.6996584140625 0.2763671875 0.6975446421875 0.2490234375 0.6975446421875 0.2392578125 0.7017721859375 0.236328125 0.7081135015625 0.236328125 0.7546164765625 0.2373046875 0.7567302484375 0.2607421875 0.7609577921875
1 0.3271484375 0.7482751624999999 0.33984375 0.7419338468750001 0.33984375 0.6869757843750001 0.3388671875 0.6848620125 0.2861328125 0.68908955625 0.28515625 0.6912033281250001 0.28515625 0.7377063046875 0.2880859375 0.7482751624999999 0.3271484375 0.7482751624999999
1 0.3681640625 0.7482751624999999 0.3916015625 0.74404761875 0.396484375 0.7377063046875 0.396484375 0.6912033281250001 0.3935546875 0.6806344703125 0.3427734375 0.6848620125 0.33984375 0.6912033281250001 0.341796875 0.7377063046875 0.3447265625 0.74404761875 0.3681640625 0.7482751624999999
1 0.4423828125 0.7355925328125 0.4501953125 0.7313649890625 0.453125 0.725023675 0.453125 0.7038859578125 0.451171875 0.6742931546875 0.4501953125 0.6721793828125 0.4130859375 0.6764069265625 0.412109375 0.6785206984375 0.412109375 0.71234104375 0.4150390625 0.7355925328125 0.4423828125 0.7355925328125
1 0.4580078125 0.7355925328125 0.4931640625 0.7313649890625 0.50390625 0.725023675 0.50390625 0.695430871875 0.5009765625 0.6679518390625 0.4560546875 0.6721793828125 0.453125 0.6785206984375 0.453125 0.6996584140625 0.455078125 0.7292512171875 0.4580078125 0.7355925328125
1 0.5078125 0.746161390625 0.5126953125 0.75250270625 0.5205078125 0.7482751624999999 0.521484375 0.746161390625 0.521484375 0.6996584140625 0.51953125 0.6700656109375001 0.5185546875 0.6679518390625 0.5087890625 0.6679518390625 0.5048828125 0.6721793828125 0.50390625 0.6742931546875 0.50390625 0.72079613125 0.505859375 0.7377063046875 0.5078125 0.746161390625
1 0.5224609375 0.7313649890625 0.5458984375 0.7313649890625 0.5615234375 0.7271374453125 0.572265625 0.72079613125 0.5703125 0.6658380687500001 0.5693359375 0.663724296875 0.5576171875 0.663724296875 0.5205078125 0.6721793828125 0.51953125 0.6742931546875 0.51953125 0.6912033281250001 0.521484375 0.7292512171875 0.5224609375 0.7313649890625
1 0.6064453125 0.7229099031249999 0.6162109375 0.718682359375 0.619140625 0.71234104375 0.6171875 0.6616105250000001 0.6162109375 0.659496753125 0.5732421875 0.663724296875 0.5703125 0.6700656109375001 0.572265625 0.72079613125 0.5732421875 0.7229099031249999 0.6064453125 0.7229099031249999
1 0.6435546875 0.718682359375 0.64453125 0.7165685875000001 0.64453125 0.6658380687500001 0.642578125 0.6573829812499999 0.6416015625 0.655269209375 0.6201171875 0.659496753125 0.6171875 0.6658380687500001 0.619140625 0.7165685875000001 0.6220703125 0.7229099031249999 0.6435546875 0.718682359375
1 0.6728515625 0.7229099031249999 0.6904296875 0.718682359375 0.6953125 0.71234104375 0.6953125 0.6573829812499999 0.6923828125 0.6510416671875 0.6455078125 0.663724296875 0.64453125 0.6658380687500001 0.64453125 0.695430871875 0.6474609375 0.7229099031249999 0.6728515625 0.7229099031249999
1 0.7216796875 0.7102272734375 0.7373046875 0.7059997296875 0.73828125 0.7038859578125 0.73828125 0.6658380687500001 0.7353515625 0.6425865796875 0.6982421875 0.6510416671875 0.6953125 0.6573829812499999 0.6953125 0.6912033281250001 0.6982421875 0.714454815625 0.7216796875 0.7102272734375
1 0.7412109375 0.7059997296875 0.7451171875 0.7059997296875 0.7568359375 0.6975446421875 0.7578125 0.695430871875 0.7578125 0.6573829812499999 0.755859375 0.6404728078125 0.7548828125 0.6383590375 0.7431640625 0.6383590375 0.7392578125 0.6425865796875 0.73828125 0.6447003515625 0.73828125 0.695430871875 0.740234375 0.7038859578125 0.7412109375 0.7059997296875
1 0.7607421875 0.6975446421875 0.7685546875 0.6975446421875 0.771484375 0.6912033281250001 0.771484375 0.6616105250000001 0.76953125 0.6362452656250001 0.7685546875 0.63413149375 0.7587890625 0.63413149375 0.755859375 0.6404728078125 0.755859375 0.6616105250000001 0.7578125 0.6912033281250001 0.7607421875 0.6975446421875
1 0.7998046875 0.7313649890625 0.8125 0.725023675 0.8125 0.6742931546875 0.8095703125 0.6679518390625 0.7822265625 0.6721793828125 0.78125 0.6742931546875 0.78125 0.725023675 0.7841796875 0.7313649890625 0.7998046875 0.7313649890625
1 0.8408203125 0.7017721859375 0.8564453125 0.6975446421875 0.859375 0.6912033281250001 0.859375 0.6489278953125 0.8564453125 0.63413149375 0.8134765625 0.6425865796875 0.8125 0.6447003515625 0.8125 0.695430871875 0.8154296875 0.7017721859375 0.8408203125 0.7017721859375
1 0.8857421875 0.68908955625 0.88671875 0.6869757843750001 0.88671875 0.6320177218749999 0.8857421875 0.62990395 0.8603515625 0.62990395 0.859375 0.6320177218749999 0.859375 0.6869757843750001 0.8603515625 0.68908955625 0.8857421875 0.68908955625
1 0.9111328125 0.6848620125 0.9306640625 0.6806344703125 0.931640625 0.6785206984375 0.931640625 0.6235626359374999 0.9306640625 0.6214488640625 0.8896484375 0.62567640625 0.888671875 0.6277901781249999 0.888671875 0.682748240625 0.8896484375 0.6848620125 0.9111328125 0.6848620125
1 0.9482421875 0.6848620125 0.9580078125 0.6806344703125 0.96484375 0.6700656109375001 0.96484375 0.6277901781249999 0.9619140625 0.6172213203125 0.9345703125 0.6214488640625 0.931640625 0.6277901781249999 0.931640625 0.6700656109375001 0.9365234375 0.6848620125 0.9482421875 0.6848620125
0 0.1552734375 0.9385146109375 0.1806640625 0.9385146109375 0.1982421875 0.9342870671875 0.201171875 0.9279457515624999 0.201171875 0.8729876890625 0.173828125 0.25576636875 0.1708984375 0.2494250546875 0.1220703125 0.2494250546875 0.119140625 0.25576636875 0.119140625 0.2684489984375 0.150390625 0.9279457515624999 0.1552734375 0.9385146109375
0 0.2080078125 0.9342870671875 0.2314453125 0.9342870671875 0.234375 0.9279457515624999 0.234375 0.8983529484374999 0.220703125 0.24308373906249997 0.2119140625 0.236742425 0.1845703125 0.236742425 0.1767578125 0.2409699671875 0.173828125 0.2473112828125 0.173828125 0.25576636875 0.203125 0.9194906656249999 0.2080078125 0.9342870671875
0 0.23828125 0.9279457515624999 0.2451171875 0.942742153125 0.2763671875 0.9385146109375 0.287109375 0.9194906656249999 0.287109375 0.8729876890625 0.2734375 0.26422145625 0.2705078125 0.25788014062500003 0.2236328125 0.25788014062500003 0.2138671875 0.262107684375 0.2109375 0.2684489984375 0.2109375 0.28535917187500004 0.236328125 0.9110355796875 0.23828125 0.9279457515624999
0 0.2890625 0.915263121875 0.2939453125 0.92583198125 0.3330078125 0.92583198125 0.3369140625 0.9216044374999999 0.341796875 0.9110355796875 0.341796875 0.7842092796875 0.33203125 0.36145495156249996 0.330078125 0.293814259375 0.328125 0.2684489984375 0.3251953125 0.262107684375 0.2783203125 0.262107684375 0.2734375 0.27267654218750004 0.2734375 0.314951975 0.287109375 0.8772152328124999 0.2890625 0.915263121875
0 0.34765625 0.923718209375 0.3583984375 0.9300595234375001 0.3876953125 0.9300595234375001 0.3935546875 0.92583198125 0.400390625 0.9110355796875 0.40234375 0.8772152328124999 0.388671875 0.24308373906249997 0.3857421875 0.236742425 0.3740234375 0.23251488125000003 0.3369140625 0.236742425 0.33203125 0.24308373906249997 0.330078125 0.251538825 0.33203125 0.4248681 0.34375 0.83916734375 0.34765625 0.923718209375
0 0.423828125 0.9025804921875 0.4267578125 0.91314935 0.4560546875 0.91314935 0.4609375 0.9025804921875 0.4609375 0.89412540625 0.44140625 0.4417782734375 0.43359375 0.281131628125 0.431640625 0.25999391250000004 0.4267578125 0.2494250546875 0.4013671875 0.2494250546875 0.392578125 0.25576636875 0.390625 0.26422145625 0.392578125 0.31072443125000004 0.412109375 0.71234104375 0.423828125 0.9025804921875
0 0.4609375 0.8729876890625 0.462890625 0.89412540625 0.4677734375 0.9089218078125001 0.5068359375 0.9089218078125001 0.509765625 0.9025804921875 0.509765625 0.83071225625 0.490234375 0.3234070609375 0.486328125 0.25576636875 0.4833984375 0.2494250546875 0.4404296875 0.2494250546875 0.4345703125 0.25365259687499997 0.431640625 0.25999391250000004 0.431640625 0.2684489984375 0.453125 0.72079613125 0.4609375 0.8729876890625
0 0.5126953125 0.9046942640625 0.5244140625 0.9046942640625 0.52734375 0.8983529484374999 0.52734375 0.8476224296874999 0.515625 0.2219460234375 0.5009765625 0.2113771640625 0.4892578125 0.2156047078125 0.486328125 0.2219460234375 0.486328125 0.25576636875 0.51171875 0.9025804921875 0.5126953125 0.9046942640625
0 0.529296875 0.9068080359374999 0.5341796875 0.91314935 0.5595703125 0.91314935 0.5693359375 0.9089218078125001 0.576171875 0.8983529484374999 0.576171875 0.8560775156249999 0.572265625 0.695430871875 0.55859375 0.281131628125 0.556640625 0.25576636875 0.5517578125 0.2494250546875 0.5498046875 0.2494250546875 0.5107421875 0.25365259687499997 0.5068359375 0.25788014062500003 0.50390625 0.26422145625 0.50390625 0.29804180156250004 0.52734375 0.8983529484374999 0.529296875 0.9068080359374999
0 0.578125 0.8983529484374999 0.5810546875 0.9046942640625 0.6142578125 0.9046942640625 0.6201171875 0.9004667203125001 0.623046875 0.89412540625 0.623046875 0.8433948859375 0.607421875 0.27267654218750004 0.60546875 0.251538825 0.6025390625 0.24519751093750003 0.5615234375 0.2494250546875 0.55859375 0.25576636875 0.55859375 0.293814259375 0.576171875 0.8856703187500001 0.578125 0.8983529484374999
0 0.623046875 0.89412540625 0.6279296875 0.9046942640625 0.6474609375 0.9046942640625 0.650390625 0.8983529484374999 0.650390625 0.864532603125 0.634765625 0.2388561953125 0.6298828125 0.22405979375 0.6181640625 0.22405979375 0.6083984375 0.23251488125000003 0.60546875 0.2388561953125 0.60546875 0.251538825 0.6171875 0.71234104375 0.623046875 0.89412540625
0 0.650390625 0.8772152328124999 0.65234375 0.89412540625 0.6591796875 0.9046942640625 0.6884765625 0.9046942640625 0.6943359375 0.9004667203125001 0.69921875 0.8856703187500001 0.689453125 0.24308373906249997 0.6865234375 0.236742425 0.6708984375 0.236742425 0.6376953125 0.24519751093750003 0.63671875 0.2473112828125 0.634765625 0.25576636875 0.634765625 0.34877232187499996 0.638671875 0.517874053125 0.650390625 0.8772152328124999
0 0.69921875 0.8814427765625 0.7041015625 0.892011634375 0.7294921875 0.892011634375 0.7373046875 0.883556546875 0.740234375 0.8772152328124999 0.740234375 0.746161390625 0.732421875 0.25576636875 0.73046875 0.23040110937499997 0.7255859375 0.21983225156250003 0.6943359375 0.22405979375 0.689453125 0.234628653125 0.689453125 0.28535917187500004 0.697265625 0.8264847124999999 0.69921875 0.8814427765625
0 0.7421875 0.8729876890625 0.7451171875 0.8793290046875001 0.7548828125 0.8793290046875001 0.759765625 0.8729876890625 0.759765625 0.7546164765625 0.751953125 0.234628653125 0.75 0.2092633921875 0.7470703125 0.202922078125 0.7333984375 0.202922078125 0.7197265625 0.20714962187500002 0.716796875 0.2134909359375 0.716796875 0.21771847968750002 0.740234375 0.860305059375 0.7421875 0.8729876890625
0 0.759765625 0.864532603125 0.7626953125 0.8708739171875 0.7705078125 0.8708739171875 0.7734375 0.864532603125 0.7734375 0.7630715640625 0.765625 0.25576636875 0.763671875 0.226173565625 0.7607421875 0.21983225156250003 0.7529296875 0.21983225156250003 0.751953125 0.2219460234375 0.751953125 0.38682021093749996 0.7578125 0.7926643671875 0.759765625 0.864532603125
0 0.7822265625 0.883556546875 0.7900390625 0.8877840906250001 0.7978515625 0.8877840906250001 0.8095703125 0.883556546875 0.814453125 0.8729876890625 0.814453125 0.8138020828125001 0.80859375 0.28535917187500004 0.806640625 0.1923532203125 0.8037109375 0.1817843609375 0.7978515625 0.17755681875 0.7880859375 0.17755681875 0.7490234375 0.1860119046875 0.74609375 0.1923532203125 0.74609375 0.1965807625 0.775390625 0.8729876890625 0.7822265625 0.883556546875
0 0.8173828125 0.8793290046875001 0.8232421875 0.883556546875 0.8330078125 0.883556546875 0.8603515625 0.8751014609375 0.86328125 0.8687601468749999 0.857421875 0.1838981328125 0.8544921875 0.173329275 0.8291015625 0.173329275 0.8134765625 0.17755681875 0.8095703125 0.1817843609375 0.806640625 0.1881256765625 0.806640625 0.2219460234375 0.814453125 0.8687601468749999 0.8173828125 0.8793290046875001
0 0.8935546875 0.866646375 0.9208984375 0.866646375 0.9306640625 0.86241883125 0.931640625 0.860305059375 0.931640625 0.1838981328125 0.9287109375 0.173329275 0.8994140625 0.173329275 0.8662109375 0.1817843609375 0.8603515625 0.1860119046875 0.859375 0.1881256765625 0.859375 0.1965807625 0.890625 0.860305059375 0.8935546875 0.866646375
0 0.935546875 0.860305059375 0.9443359375 0.866646375 0.9541015625 0.866646375 0.962890625 0.860305059375 0.966796875 0.517874053125 0.96875 0.171215503125 0.9658203125 0.1564191015625 0.9443359375 0.1564191015625 0.9326171875 0.1648741890625 0.931640625 0.166987959375 0.931640625 0.1923532203125 0.93359375 0.801119453125 0.935546875 0.860305059375
0 1 0.166987959375 0.9990234375 0.1648741890625 0.9716796875 0.1648741890625 0.96875 0.171215503125 0.96484375 0.5897422890625 0.96484375 0.8476224296874999 0.9697265625 0.8581912875000001 0.9912109375 0.8581912875000001 1 0.8518499734375 1 0.166987959375