1 0.0947265625 0.6468141234375 0.095703125 0.6447003515625 0.09765625 0.6362452656250001 0.09765625 0.572832115625 0.0966796875 0.5707183437500001 0.0478515625 0.5707183437500001 0.044921875 0.5770596593749999 0.044921875 0.6489278953125 0.0458984375 0.6510416671875 0.0947265625 0.6468141234375
1 0.2080078125 0.6679518390625 0.2109375 0.6616105250000001 0.2109375 0.5939698328125 0.2099609375 0.5918560609375 0.2001953125 0.5876285171875 0.1357421875 0.5918560609375 0.1328125 0.598197375 0.130859375 0.6573829812499999 0.1337890625 0.6679518390625 0.1787109375 0.6721793828125 0.2080078125 0.6679518390625
1 0.3564453125 0.6764069265625 0.3583984375 0.6764069265625 0.384765625 0.6489278953125 0.376953125 0.6066524624999999 0.373046875 0.5897422890625 0.3701171875 0.5834009734375 0.3662109375 0.5834009734375 0.3427734375 0.604538690625 0.341796875 0.6066524624999999 0.341796875 0.6151075484375 0.353515625 0.6700656109375001 0.3564453125 0.6764069265625
1 0.3935546875 0.6806344703125 0.3974609375 0.6806344703125 0.4150390625 0.663724296875 0.421875 0.6531554390625 0.41015625 0.598197375 0.4072265625 0.5918560609375 0.4013671875 0.5918560609375 0.3837890625 0.608766234375 0.380859375 0.6151075484375 0.380859375 0.6277901781249999 0.390625 0.6742931546875 0.3935546875 0.6806344703125
1 0.4287109375 0.6764069265625 0.4326171875 0.6764069265625 0.4638671875 0.6468141234375 0.466796875 0.6404728078125 0.466796875 0.6320177218749999 0.458984375 0.5939698328125 0.4541015625 0.57917343125 0.4482421875 0.57917343125 0.4365234375 0.5876285171875 0.4169921875 0.608766234375 0.4140625 0.6151075484375 0.4140625 0.6193350921875 0.42578125 0.6700656109375001 0.4287109375 0.6764069265625
1 0.5400390625 0.655269209375 0.5556640625 0.655269209375 0.556640625 0.6531554390625 0.55859375 0.6151075484375 0.55859375 0.5855147453125 0.5576171875 0.5834009734375 0.5478515625 0.57917343125 0.5205078125 0.57917343125 0.517578125 0.5855147453125 0.517578125 0.6489278953125 0.5185546875 0.6510416671875 0.5400390625 0.655269209375
1 0.6083984375 0.6510416671875 0.6650390625 0.6468141234375 0.66796875 0.6404728078125 0.66796875 0.5939698328125 0.6650390625 0.5707183437500001 0.6357421875 0.5664908015625 0.6103515625 0.5707183437500001 0.6064453125 0.5749458875 0.603515625 0.581287203125 0.603515625 0.5897422890625 0.60546875 0.6447003515625 0.6083984375 0.6510416671875
1 0.6708984375 0.655269209375 0.6943359375 0.655269209375 0.7255859375 0.6510416671875 0.7265625 0.6489278953125 0.7265625 0.5897422890625 0.7236328125 0.57917343125 0.6728515625 0.57917343125 0.6689453125 0.5834009734375 0.66796875 0.5855147453125 0.66796875 0.6151075484375 0.669921875 0.6531554390625 0.6708984375 0.655269209375
1 0.7314453125 0.6510416671875 0.7763671875 0.6510416671875 0.787109375 0.6447003515625 0.787109375 0.598197375 0.7841796875 0.5749458875 0.7412109375 0.5749458875 0.7294921875 0.57917343125 0.728515625 0.581287203125 0.728515625 0.6193350921875 0.73046875 0.6489278953125 0.7314453125 0.6510416671875
1 0.8310546875 0.6510416671875 0.8505859375 0.6468141234375 0.8515625 0.6447003515625 0.8515625 0.6108800046875 0.849609375 0.5770596593749999 0.8486328125 0.5749458875 0.7958984375 0.5749458875 0.7919921875 0.57917343125 0.791015625 0.581287203125 0.791015625 0.6277901781249999 0.7939453125 0.6510416671875 0.8310546875 0.6510416671875
1 0.8603515625 0.6510416671875 0.9150390625 0.6468141234375 0.916015625 0.6447003515625 0.916015625 0.6193350921875 0.9140625 0.581287203125 0.9111328125 0.5749458875 0.8544921875 0.5749458875 0.8515625 0.581287203125 0.8515625 0.6235626359374999 0.8544921875 0.6468141234375 0.8603515625 0.6510416671875
1 0.9560546875 0.6510416671875 0.95703125 0.6489278953125 0.95703125 0.6024249187499999 0.9541015625 0.57917343125 0.9189453125 0.57917343125 0.9140625 0.5897422890625 0.916015625 0.6447003515625 0.9189453125 0.655269209375 0.9560546875 0.6510416671875
0 0.0771484375 0.9046942640625 0.0869140625 0.9004667203125001 0.08984375 0.8898978625 0.09765625 0.6404728078125 0.109375 0.1838981328125 0.109375 0.12894007031250002 0.1025390625 0.1183712125 0.0849609375 0.11414366875 0.0615234375 0.11414366875 0.056640625 0.12894007031250002 0.04296875 0.6447003515625 0.0390625 0.8222571703125 0.0390625 0.9025804921875 0.0400390625 0.9046942640625 0.0771484375 0.9046942640625
0 0.2314453125 0.9004667203125001 0.2548828125 0.8877840906250001 0.2861328125 0.8581912875000001 0.296875 0.83916734375 0.30078125 0.41218547031249997 0.279296875 0.112029896875 0.263671875 0.061299378125000005 0.2548828125 0.0422754328125 0.2490234375 0.0380478890625 0.1201171875 0.029592803125 0.1162109375 0.029592803125 0.111328125 0.035934117187499996 0.08984375 0.8983529484374999 0.0947265625 0.9046942640625 0.2001953125 0.9046942640625 0.2314453125 0.9004667203125001
0 0.361328125 0.7334787609375 0.392578125 0.8729876890625 0.3984375 0.89412540625 0.4013671875 0.9004667203125001 0.4033203125 0.9004667203125001 0.4150390625 0.892011634375 0.427734375 0.8729876890625 0.427734375 0.860305059375 0.42578125 0.8433948859375 0.40625 0.72079613125 0.30078125 0.1416227 0.2802734375 0.1310538421875 0.2646484375 0.1352813859375 0.2578125 0.1416227 0.255859375 0.1500777875 0.255859375 0.166987959375 0.2578125 0.1796705890625 0.361328125 0.7334787609375
0 0.431640625 0.8729876890625 0.43359375 0.8814427765625 0.4404296875 0.896239178125 0.4482421875 0.896239178125 0.4541015625 0.892011634375 0.4619140625 0.883556546875 0.46484375 0.8772152328124999 0.46484375 0.860305059375 0.3203125 0.13739515625 0.3154296875 0.12682629843749998 0.3115234375 0.12259875468749999 0.3076171875 0.12259875468749999 0.2880859375 0.1352813859375 0.28515625 0.1416227 0.28515625 0.1500777875 0.38671875 0.6616105250000001 0.431640625 0.8729876890625
0 0.380859375 0.458688446875 0.46875 0.8814427765625 0.4716796875 0.8877840906250001 0.4814453125 0.8877840906250001 0.4990234375 0.8751014609375 0.509765625 0.860305059375 0.509765625 0.8433948859375 0.423828125 0.4206405578125 0.380859375 0.2219460234375 0.3720703125 0.198694534375 0.3544921875 0.202922078125 0.3408203125 0.2113771640625 0.337890625 0.21771847968750002 0.337890625 0.2388561953125 0.33984375 0.251538825 0.380859375 0.458688446875
0 0.5478515625 0.892011634375 0.55078125 0.8772152328124999 0.576171875 0.0655269203125 0.5732421875 0.0422754328125 0.5576171875 0.0380478890625 0.5400390625 0.0380478890625 0.53515625 0.0486167484375 0.53125 0.107802353125 0.525390625 0.281131628125 0.515625 0.6447003515625 0.51171875 0.7968919109375 0.51171875 0.8814427765625 0.5185546875 0.892011634375 0.5478515625 0.892011634375
0 0.5927734375 0 0.587890625 0.006341315625000001 0.578125 0.057071834375 0.576171875 0.0739820078125 0.576171875 0.12048498437499999 0.583984375 0.7292512171875 0.59375 0.864532603125 0.595703125 0.8729876890625 0.6064453125 0.896239178125 0.6103515625 0.9004667203125001 0.6181640625 0.9046942640625 0.6669921875 0.9046942640625 0.671875 0.8983529484374999 0.673828125 0.8856703187500001 0.6640625 0.36145495156249996 0.65625 0.0105688578125 0.6533203125 0 0.5927734375 0
0 0.6708984375 0.57917343125 0.7197265625 0.57917343125 0.724609375 0.572832115625 0.724609375 0.49250879375 0.71875 0.2219460234375 0.716796875 0.175443046875 0.7138671875 0.16910173125 0.7060546875 0.1648741890625 0.6669921875 0.1648741890625 0.6640625 0.171215503125 0.662109375 0.1796705890625 0.662109375 0.293814259375 0.66796875 0.572832115625 0.6708984375 0.57917343125
0 0.73046875 0.7081135015625 0.736328125 0.8814427765625 0.7412109375 0.896239178125 0.7939453125 0.896239178125 0.794921875 0.89412540625 0.796875 0.8560775156249999 0.77734375 0.1796705890625 0.775390625 0.171215503125 0.7705078125 0.1648741890625 0.7216796875 0.1648741890625 0.71875 0.171215503125 0.71875 0.234628653125 0.720703125 0.3318621484375 0.73046875 0.7081135015625
0 0.798828125 0.8772152328124999 0.80078125 0.8898978625 0.8056640625 0.896239178125 0.8486328125 0.896239178125 0.8544921875 0.892011634375 0.857421875 0.8856703187500001 0.859375 0.8772152328124999 0.859375 0.8518499734375 0.83984375 0.1838981328125 0.8330078125 0.16910173125 0.8154296875 0.1648741890625 0.7841796875 0.1648741890625 0.779296875 0.175443046875 0.779296875 0.226173565625 0.7890625 0.6235626359374999 0.798828125 0.8772152328124999
0 0.86328125 0.8856703187500001 0.8662109375 0.892011634375 0.9189453125 0.892011634375 0.923828125 0.8814427765625 0.923828125 0.83071225625 0.904296875 0.1923532203125 0.90234375 0.1796705890625 0.8974609375 0.173329275 0.8505859375 0.1606466453125 0.8427734375 0.1606466453125 0.83984375 0.166987959375 0.83984375 0.175443046875 0.8515625 0.6320177218749999 0.86328125 0.8856703187500001
0 0.9443359375 0.896239178125 0.9599609375 0.892011634375 0.96484375 0.8814427765625 0.96484375 0.8687601468749999 0.958984375 0.6447003515625 0.943359375 0.1543053296875 0.94140625 0.1416227 0.9345703125 0.1310538421875 0.8955078125 0.1310538421875 0.8896484375 0.1352813859375 0.8740234375 0.1564191015625 0.87109375 0.1627604171875 0.92578125 0.8772152328124999 0.9306640625 0.892011634375 0.9443359375 0.896239178125
0 1 0.0232514875 0.9990234375 0.0211377171875 0.9755859375 0.016910173437500002 0.9462890625 0.016910173437500002 0.8916015625 0.08032332187499999 0.84375 0.1416227 0.841796875 0.1500777875 0.966796875 0.8814427765625 0.96875 0.8898978625 0.9736328125 0.896239178125 0.9990234375 0.896239178125 1 0.89412540625 1 0.0232514875