1 0.1474609375 0.7229099031249999 0.1484375 0.72079613125 0.150390625 0.71234104375 0.150390625 0.6742931546875 0.1494140625 0.6721793828125 0.1220703125 0.6721793828125 0.119140625 0.6785206984375 0.1171875 0.695430871875 0.1171875 0.72079613125 0.1181640625 0.7229099031249999 0.1474609375 0.7229099031249999
1 0.1630859375 0.7313649890625 0.1806640625 0.7271374453125 0.181640625 0.725023675 0.18359375 0.7081135015625 0.18359375 0.682748240625 0.1826171875 0.6806344703125 0.1787109375 0.6764069265625 0.1708984375 0.6764069265625 0.1513671875 0.6806344703125 0.150390625 0.682748240625 0.1484375 0.7081135015625 0.1484375 0.725023675 0.1513671875 0.7313649890625 0.1630859375 0.7313649890625
1 0.216796875 0.725023675 0.216796875 0.6785206984375 0.2158203125 0.6764069265625 0.1982421875 0.6764069265625 0.1845703125 0.6806344703125 0.18359375 0.682748240625 0.181640625 0.725023675 0.1845703125 0.7313649890625 0.2158203125 0.7271374453125 0.216796875 0.725023675
1 0.2451171875 0.7271374453125 0.248046875 0.72079613125 0.248046875 0.6785206984375 0.2470703125 0.6764069265625 0.2197265625 0.6764069265625 0.216796875 0.682748240625 0.216796875 0.725023675 0.2177734375 0.7271374453125 0.2451171875 0.7271374453125
1 0.2861328125 0.7271374453125 0.2890625 0.72079613125 0.2890625 0.6785206984375 0.2880859375 0.6764069265625 0.2490234375 0.6764069265625 0.248046875 0.6785206984375 0.248046875 0.725023675 0.2490234375 0.7271374453125 0.2861328125 0.7271374453125
1 0.2978515625 0.75250270625 0.298828125 0.750388934375 0.2978515625 0.74404761875 0.2919921875 0.739820075 0.291015625 0.7419338468750001 0.291015625 0.750388934375 0.2919921875 0.75250270625 0.2978515625 0.75250270625
1 0.2978515625 0.7313649890625 0.30078125 0.725023675 0.30078125 0.6785206984375 0.2998046875 0.6764069265625 0.2900390625 0.6764069265625 0.2890625 0.6785206984375 0.2890625 0.725023675 0.2919921875 0.7313649890625 0.2978515625 0.7313649890625
1 0.3095703125 0.7313649890625 0.3271484375 0.7271374453125 0.328125 0.725023675 0.328125 0.6785206984375 0.3271484375 0.6764069265625 0.3037109375 0.6764069265625 0.30078125 0.682748240625 0.30078125 0.7292512171875 0.3017578125 0.7313649890625 0.3095703125 0.7313649890625
1 0.3349609375 0.7313649890625 0.337890625 0.725023675 0.337890625 0.6785206984375 0.3369140625 0.6764069265625 0.3291015625 0.6764069265625 0.328125 0.6785206984375 0.328125 0.725023675 0.3310546875 0.7313649890625 0.3349609375 0.7313649890625
1 0.3642578125 0.7313649890625 0.365234375 0.7292512171875 0.365234375 0.6785206984375 0.3642578125 0.6764069265625 0.3408203125 0.6764069265625 0.337890625 0.682748240625 0.337890625 0.7292512171875 0.3388671875 0.7313649890625 0.3642578125 0.7313649890625
1 0.3876953125 0.7271374453125 0.392578125 0.72079613125 0.392578125 0.6785206984375 0.3896484375 0.6721793828125 0.3740234375 0.6721793828125 0.3662109375 0.6764069265625 0.365234375 0.6785206984375 0.365234375 0.72079613125 0.3681640625 0.7271374453125 0.3876953125 0.7271374453125
1 0.4072265625 0.7271374453125 0.4248046875 0.7229099031249999 0.42578125 0.72079613125 0.42578125 0.6785206984375 0.4228515625 0.6721793828125 0.3935546875 0.6721793828125 0.390625 0.6785206984375 0.390625 0.72079613125 0.3935546875 0.7271374453125 0.4072265625 0.7271374453125
1 0.4580078125 0.7313649890625 0.458984375 0.7292512171875 0.458984375 0.682748240625 0.4580078125 0.6806344703125 0.4287109375 0.6806344703125 0.42578125 0.6869757843750001 0.42578125 0.725023675 0.4287109375 0.7313649890625 0.4580078125 0.7313649890625
1 0.4619140625 0.7271374453125 0.4931640625 0.7229099031249999 0.494140625 0.72079613125 0.494140625 0.6742931546875 0.4931640625 0.6721793828125 0.4638671875 0.6721793828125 0.4599609375 0.6764069265625 0.458984375 0.6785206984375 0.458984375 0.6869757843750001 0.4609375 0.725023675 0.4619140625 0.7271374453125
1 0.5263671875 0.7229099031249999 0.52734375 0.72079613125 0.52734375 0.6742931546875 0.5263671875 0.6721793828125 0.4951171875 0.6721793828125 0.494140625 0.6742931546875 0.494140625 0.72079613125 0.4951171875 0.7229099031249999 0.5263671875 0.7229099031249999
1 0.5576171875 0.7229099031249999 0.560546875 0.7165685875000001 0.560546875 0.6700656109375001 0.5595703125 0.6679518390625 0.5400390625 0.6679518390625 0.5283203125 0.6721793828125 0.52734375 0.6742931546875 0.52734375 0.7038859578125 0.5302734375 0.7229099031249999 0.5576171875 0.7229099031249999
1 0.6025390625 0.7229099031249999 0.60546875 0.7165685875000001 0.603515625 0.6700656109375001 0.6025390625 0.6679518390625 0.5634765625 0.6679518390625 0.560546875 0.6742931546875 0.560546875 0.7165685875000001 0.5634765625 0.7229099031249999 0.6025390625 0.7229099031249999
1 0.6396484375 0.718682359375 0.642578125 0.71234104375 0.640625 0.6700656109375001 0.6376953125 0.663724296875 0.6064453125 0.6679518390625 0.603515625 0.6742931546875 0.60546875 0.72079613125 0.6064453125 0.7229099031249999 0.6396484375 0.718682359375
1 0.6455078125 0.7229099031249999 0.6787109375 0.718682359375 0.6796875 0.7165685875000001 0.6796875 0.695430871875 0.677734375 0.6700656109375001 0.6748046875 0.663724296875 0.6435546875 0.6679518390625 0.640625 0.6742931546875 0.640625 0.682748240625 0.642578125 0.7165685875000001 0.6455078125 0.7229099031249999
1 0.7158203125 0.718682359375 0.71875 0.71234104375 0.716796875 0.6658380687500001 0.7158203125 0.663724296875 0.6806640625 0.663724296875 0.677734375 0.6700656109375001 0.6796875 0.7165685875000001 0.6806640625 0.718682359375 0.7158203125 0.718682359375
1 0.7529296875 0.718682359375 0.755859375 0.71234104375 0.75390625 0.6658380687500001 0.7529296875 0.663724296875 0.7275390625 0.663724296875 0.7177734375 0.6679518390625 0.716796875 0.6700656109375001 0.716796875 0.7038859578125 0.7197265625 0.718682359375 0.7529296875 0.718682359375
1 0.7783203125 0.714454815625 0.7978515625 0.7102272734375 0.798828125 0.7081135015625 0.798828125 0.682748240625 0.796875 0.6616105250000001 0.7939453125 0.655269209375 0.7763671875 0.655269209375 0.7568359375 0.659496753125 0.755859375 0.6616105250000001 0.755859375 0.7038859578125 0.7587890625 0.714454815625 0.7783203125 0.714454815625
1 0.8134765625 0.7102272734375 0.8349609375 0.7059997296875 0.8359375 0.7038859578125 0.8359375 0.6616105250000001 0.8330078125 0.655269209375 0.7998046875 0.655269209375 0.798828125 0.6573829812499999 0.798828125 0.7038859578125 0.8017578125 0.7102272734375 0.8134765625 0.7102272734375
1 0.8759765625 0.7059997296875 0.876953125 0.7038859578125 0.876953125 0.6742931546875 0.8740234375 0.655269209375 0.8369140625 0.655269209375 0.8359375 0.6573829812499999 0.8359375 0.7038859578125 0.8388671875 0.7102272734375 0.8759765625 0.7059997296875
1 0.9091796875 0.7059997296875 0.9248046875 0.7017721859375 0.92578125 0.6996584140625 0.92578125 0.6700656109375001 0.9228515625 0.6510416671875 0.8857421875 0.6510416671875 0.884765625 0.6531554390625 0.884765625 0.6785206984375 0.8876953125 0.7059997296875 0.9091796875 0.7059997296875
0 0.1435546875 0.883556546875 0.146484375 0.8729876890625 0.154296875 0.572832115625 0.158203125 0.3572274078125 0.1533203125 0.34665855 0.1357421875 0.34665855 0.1259765625 0.35088609375 0.125 0.3529998640625 0.123046875 0.3910477546875 0.11328125 0.8814427765625 0.1162109375 0.8877840906250001 0.1318359375 0.8877840906250001 0.1435546875 0.883556546875
0 0.1689453125 0.892011634375 0.1748046875 0.8877840906250001 0.1796875 0.8772152328124999 0.1875 0.4164130140625 0.1875 0.344544778125 0.1865234375 0.34243100625 0.1611328125 0.34243100625 0.158203125 0.34877232187499996 0.15625 0.38682021093749996 0.1484375 0.725023675 0.146484375 0.8138020828125001 0.146484375 0.8856703187500001 0.1494140625 0.892011634375 0.1689453125 0.892011634375
0 0.1962890625 0.892011634375 0.2099609375 0.883556546875 0.212890625 0.8772152328124999 0.216796875 0.71234104375 0.22265625 0.344544778125 0.2197265625 0.3382034625 0.1904296875 0.34243100625 0.1875 0.3529998640625 0.1796875 0.809574540625 0.1796875 0.8814427765625 0.1845703125 0.892011634375 0.1962890625 0.892011634375
0 0.24609375 0.8772152328124999 0.255859375 0.3360896921875 0.2529296875 0.3297483765625 0.2353515625 0.3297483765625 0.2255859375 0.3339759203125 0.22265625 0.344544778125 0.216796875 0.6404728078125 0.212890625 0.8772152328124999 0.2158203125 0.883556546875 0.2431640625 0.883556546875 0.24609375 0.8772152328124999
0 0.2802734375 0.8877840906250001 0.287109375 0.8772152328124999 0.2890625 0.7799817375 0.29296875 0.3529998640625 0.29296875 0.34877232187499996 0.2900390625 0.3382034625 0.2568359375 0.3382034625 0.25390625 0.344544778125 0.251953125 0.3699100375 0.248046875 0.5897422890625 0.24609375 0.7419338468750001 0.24609375 0.8772152328124999 0.2509765625 0.8877840906250001 0.2802734375 0.8877840906250001
0 0.30078125 0.8729876890625 0.333984375 0.2769040859375 0.333984375 0.27267654218750004 0.3271484375 0.25788014062500003 0.3095703125 0.23251488125000003 0.2939453125 0.23251488125000003 0.29296875 0.234628653125 0.291015625 0.4164130140625 0.287109375 0.8772152328124999 0.2900390625 0.883556546875 0.2978515625 0.883556546875 0.30078125 0.8729876890625
0 0.3095703125 0.892011634375 0.3193359375 0.892011634375 0.3251953125 0.8877840906250001 0.328125 0.8814427765625 0.330078125 0.3318621484375 0.3271484375 0.3255208328125 0.3056640625 0.3255208328125 0.302734375 0.3318621484375 0.30078125 0.47559862031250005 0.298828125 0.6912033281250001 0.298828125 0.8772152328124999 0.3017578125 0.8877840906250001 0.3095703125 0.892011634375
0 0.3369140625 0.883556546875 0.337890625 0.8814427765625 0.359375 0.314951975 0.3505859375 0.2917004875 0.3408203125 0.2790178578125 0.3349609375 0.2790178578125 0.330078125 0.28535917187500004 0.328125 0.42909564375000003 0.328125 0.8814427765625 0.3291015625 0.883556546875 0.3369140625 0.883556546875
0 0.3525390625 0.892011634375 0.3603515625 0.8877840906250001 0.365234375 0.8814427765625 0.3671875 0.7377063046875 0.3671875 0.4417782734375 0.365234375 0.3276346046875 0.3642578125 0.3255208328125 0.3544921875 0.3255208328125 0.3408203125 0.3297483765625 0.337890625 0.3360896921875 0.3359375 0.7377063046875 0.337890625 0.8814427765625 0.3408203125 0.892011634375 0.3525390625 0.892011634375
0 0.3759765625 0.892011634375 0.3837890625 0.892011634375 0.3896484375 0.8877840906250001 0.392578125 0.8814427765625 0.390625 0.3318621484375 0.3896484375 0.3297483765625 0.3681640625 0.3297483765625 0.3671875 0.3318621484375 0.365234375 0.344544778125 0.365234375 0.8729876890625 0.3681640625 0.8877840906250001 0.3759765625 0.892011634375
0 0.3974609375 0.4481195890625 0.4189453125 0.44389204531250004 0.423828125 0.42909564375000003 0.423828125 0.314951975 0.4208984375 0.3086106609375 0.4013671875 0.3086106609375 0.3935546875 0.312838203125 0.392578125 0.314951975 0.392578125 0.4460058171875 0.3935546875 0.4481195890625 0.3974609375 0.4481195890625
0 0.3955078125 0.8877840906250001 0.4248046875 0.8877840906250001 0.42578125 0.8856703187500001 0.427734375 0.8433948859375 0.42578125 0.462915990625 0.4228515625 0.456574675 0.3935546875 0.456574675 0.392578125 0.458688446875 0.390625 0.47559862031250005 0.390625 0.6912033281250001 0.392578125 0.8814427765625 0.3955078125 0.8877840906250001
0 0.4287109375 0.8877840906250001 0.4541015625 0.8877840906250001 0.4599609375 0.883556546875 0.462890625 0.8772152328124999 0.490234375 0.31072443125000004 0.482421875 0.27267654218750004 0.4599609375 0.202922078125 0.4443359375 0.194466990625 0.4248046875 0.198694534375 0.421875 0.20503585000000002 0.421875 0.2219460234375 0.42578125 0.8814427765625 0.4287109375 0.8877840906250001
0 0.462890625 0.8772152328124999 0.4658203125 0.883556546875 0.4833984375 0.8877840906250001 0.4951171875 0.883556546875 0.498046875 0.8729876890625 0.490234375 0.3360896921875 0.4892578125 0.3339759203125 0.4677734375 0.3297483765625 0.4599609375 0.3339759203125 0.45703125 0.340317234375 0.45703125 0.4460058171875 0.4609375 0.83916734375 0.462890625 0.8772152328124999
0 0.498046875 0.8814427765625 0.5009765625 0.8877840906250001 0.5166015625 0.8877840906250001 0.5302734375 0.883556546875 0.53125 0.8814427765625 0.53125 0.8222571703125 0.5234375 0.3360896921875 0.5205078125 0.3297483765625 0.4931640625 0.3297483765625 0.490234375 0.3360896921875 0.490234375 0.4460058171875 0.49609375 0.8518499734375 0.498046875 0.8814427765625
0 0.53125 0.8772152328124999 0.5341796875 0.883556546875 0.5634765625 0.883556546875 0.564453125 0.8814427765625 0.564453125 0.7926643671875 0.556640625 0.3318621484375 0.5517578125 0.3255208328125 0.5302734375 0.3297483765625 0.5263671875 0.3339759203125 0.5234375 0.340317234375 0.5234375 0.3699100375 0.52734375 0.682748240625 0.53125 0.8772152328124999
0 0.5673828125 0.883556546875 0.6064453125 0.883556546875 0.607421875 0.8814427765625 0.607421875 0.809574540625 0.599609375 0.395275296875 0.59765625 0.3656824953125 0.5927734375 0.3593411796875 0.5595703125 0.3593411796875 0.55859375 0.36145495156249996 0.556640625 0.3699100375 0.556640625 0.45446090312500004 0.564453125 0.8687601468749999 0.5673828125 0.883556546875
0 0.6103515625 0.883556546875 0.6435546875 0.883556546875 0.646484375 0.8729876890625 0.634765625 0.3572274078125 0.6328125 0.3360896921875 0.6279296875 0.3255208328125 0.6064453125 0.3255208328125 0.599609375 0.3318621484375 0.59765625 0.340317234375 0.59765625 0.378365125 0.607421875 0.864532603125 0.6103515625 0.883556546875
0 0.646484375 0.8814427765625 0.6474609375 0.883556546875 0.6826171875 0.883556546875 0.68359375 0.8814427765625 0.68359375 0.8264847124999999 0.671875 0.3529998640625 0.669921875 0.3318621484375 0.6669921875 0.3255208328125 0.6435546875 0.3255208328125 0.6357421875 0.3297483765625 0.6328125 0.3360896921875 0.6328125 0.3529998640625 0.638671875 0.6277901781249999 0.646484375 0.8814427765625
0 0.68359375 0.8518499734375 0.685546875 0.8772152328124999 0.6884765625 0.883556546875 0.7197265625 0.883556546875 0.72265625 0.8772152328124999 0.72265625 0.8349398000000001 0.708984375 0.340317234375 0.7041015625 0.3297483765625 0.6748046875 0.3297483765625 0.671875 0.3360896921875 0.671875 0.4460058171875 0.6796875 0.7419338468750001 0.68359375 0.8518499734375
0 0.72265625 0.8560775156249999 0.724609375 0.8772152328124999 0.7275390625 0.883556546875 0.7587890625 0.883556546875 0.76171875 0.8772152328124999 0.74609375 0.34877232187499996 0.7412109375 0.3382034625 0.7138671875 0.3382034625 0.7099609375 0.34243100625 0.708984375 0.344544778125 0.708984375 0.3910477546875 0.7109375 0.48828125 0.72265625 0.8560775156249999
0 0.76171875 0.8729876890625 0.7666015625 0.883556546875 0.7978515625 0.883556546875 0.8037109375 0.8793290046875001 0.806640625 0.8729876890625 0.806640625 0.860305059375 0.787109375 0.31917951875 0.7841796875 0.3043831171875 0.7509765625 0.3043831171875 0.74609375 0.31072443125000004 0.7421875 0.3234070609375 0.7421875 0.3360896921875 0.7578125 0.7968919109375 0.76171875 0.8729876890625
0 0.80078125 0.750388934375 0.806640625 0.8729876890625 0.8095703125 0.8793290046875001 0.8388671875 0.8793290046875001 0.841796875 0.8729876890625 0.841796875 0.8476224296874999 0.82421875 0.3276346046875 0.822265625 0.31072443125000004 0.8193359375 0.3043831171875 0.7919921875 0.3043831171875 0.7880859375 0.3086106609375 0.787109375 0.31072443125000004 0.787109375 0.344544778125 0.794921875 0.5855147453125 0.80078125 0.750388934375
0 0.8447265625 0.8751014609375 0.8564453125 0.8793290046875001 0.8720703125 0.8793290046875001 0.8828125 0.8729876890625 0.8828125 0.8138020828125001 0.86328125 0.3276346046875 0.8583984375 0.317065746875 0.8427734375 0.312838203125 0.8271484375 0.317065746875 0.82421875 0.3234070609375 0.82421875 0.36145495156249996 0.841796875 0.864532603125 0.8447265625 0.8751014609375
0 0.896484375 0.8687601468749999 0.8994140625 0.8751014609375 0.9326171875 0.8751014609375 0.935546875 0.8687601468749999 0.935546875 0.8433948859375 0.908203125 0.3276346046875 0.9052734375 0.321293290625 0.8720703125 0.321293290625 0.869140625 0.3276346046875 0.869140625 0.3529998640625 0.892578125 0.8349398000000001 0.896484375 0.8687601468749999