1 0.1318359375 0.62990395 0.1328125 0.6277901781249999 0.1328125 0.5855147453125 0.1318359375 0.5834009734375 0.1123046875 0.5834009734375 0.111328125 0.5855147453125 0.111328125 0.6277901781249999 0.1123046875 0.62990395 0.1318359375 0.62990395
1 0.1552734375 0.62990395 0.1728515625 0.62990395 0.17578125 0.6235626359374999 0.17578125 0.5855147453125 0.1728515625 0.57917343125 0.1572265625 0.57917343125 0.1513671875 0.5834009734375 0.150390625 0.5855147453125 0.150390625 0.6235626359374999 0.1513671875 0.62567640625 0.1552734375 0.62990395
1 0.1494140625 0.62567640625 0.150390625 0.6235626359374999 0.150390625 0.581287203125 0.1494140625 0.57917343125 0.1357421875 0.57917343125 0.1328125 0.5855147453125 0.1328125 0.6235626359374999 0.1337890625 0.62567640625 0.1494140625 0.62567640625
1 0.1884765625 0.6214488640625 0.19140625 0.6151075484375 0.19140625 0.5770596593749999 0.1904296875 0.5749458875 0.1787109375 0.5749458875 0.177734375 0.5770596593749999 0.17578125 0.5897422890625 0.17578125 0.6193350921875 0.1787109375 0.62567640625 0.1884765625 0.6214488640625
1 0.2119140625 0.6172213203125 0.212890625 0.6151075484375 0.21484375 0.572832115625 0.2119140625 0.5664908015625 0.1982421875 0.5664908015625 0.1953125 0.572832115625 0.1953125 0.6151075484375 0.1962890625 0.6172213203125 0.2119140625 0.6172213203125
1 0.2294921875 0.6214488640625 0.232421875 0.6151075484375 0.232421875 0.5770596593749999 0.2294921875 0.5707183437500001 0.2158203125 0.5707183437500001 0.212890625 0.5770596593749999 0.212890625 0.6193350921875 0.2138671875 0.6214488640625 0.2294921875 0.6214488640625
1 0.2705078125 0.6129937765625 0.271484375 0.6108800046875 0.271484375 0.5643770296875 0.2705078125 0.5622632578125 0.2626953125 0.5622632578125 0.25390625 0.568604571875 0.251953125 0.5855147453125 0.251953125 0.6108800046875 0.2568359375 0.6172213203125 0.2705078125 0.6129937765625
1 0.2861328125 0.604538690625 0.287109375 0.6024249187499999 0.287109375 0.5559219421875 0.2861328125 0.5538081703125 0.2744140625 0.5538081703125 0.2734375 0.5559219421875 0.271484375 0.5643770296875 0.271484375 0.6024249187499999 0.2724609375 0.604538690625 0.2861328125 0.604538690625
1 0.2958984375 0.604538690625 0.296875 0.6024249187499999 0.296875 0.5559219421875 0.2958984375 0.5538081703125 0.2880859375 0.5538081703125 0.287109375 0.5559219421875 0.287109375 0.6024249187499999 0.2880859375 0.604538690625 0.2958984375 0.604538690625
1 0.3173828125 0.608766234375 0.318359375 0.6066524624999999 0.318359375 0.5559219421875 0.3173828125 0.5538081703125 0.2978515625 0.5538081703125 0.296875 0.5559219421875 0.296875 0.6024249187499999 0.3095703125 0.608766234375 0.3173828125 0.608766234375
1 0.3525390625 0.5918560609375 0.35546875 0.5855147453125 0.35546875 0.53901176875 0.3544921875 0.5368979984375 0.3291015625 0.5368979984375 0.3203125 0.5432393125 0.318359375 0.5643770296875 0.318359375 0.5855147453125 0.3212890625 0.5918560609375 0.3525390625 0.5918560609375
1 0.3818359375 0.5918560609375 0.3828125 0.5897422890625 0.3828125 0.53901176875 0.3818359375 0.5368979984375 0.3564453125 0.5368979984375 0.35546875 0.53901176875 0.35546875 0.581287203125 0.3583984375 0.5918560609375 0.3818359375 0.5918560609375
1 0.4189453125 0.5918560609375 0.419921875 0.5897422890625 0.419921875 0.5516943999999999 0.4169921875 0.5368979984375 0.3857421875 0.5368979984375 0.384765625 0.53901176875 0.384765625 0.5897422890625 0.3857421875 0.5918560609375 0.4189453125 0.5918560609375
1 0.4326171875 0.5834009734375 0.43359375 0.581287203125 0.43359375 0.5305566828125 0.4326171875 0.5284429109375 0.4208984375 0.5284429109375 0.419921875 0.5305566828125 0.419921875 0.5855147453125 0.4228515625 0.5876285171875 0.4326171875 0.5834009734375
1 0.4404296875 0.604538690625 0.4697265625 0.604538690625 0.470703125 0.6024249187499999 0.470703125 0.5432393125 0.4697265625 0.541125540625 0.4365234375 0.541125540625 0.43359375 0.54746685625 0.43359375 0.598197375 0.4345703125 0.600311146875 0.4404296875 0.604538690625
1 0.5048828125 0.5876285171875 0.505859375 0.5855147453125 0.505859375 0.5305566828125 0.5029296875 0.5242153671875001 0.4736328125 0.5242153671875001 0.470703125 0.5305566828125 0.470703125 0.5855147453125 0.4736328125 0.5918560609375 0.5048828125 0.5876285171875
1 0.5224609375 0.5707183437500001 0.5361328125 0.5664908015625 0.537109375 0.5643770296875 0.537109375 0.5094189671875 0.5361328125 0.5073051953125 0.5107421875 0.5073051953125 0.5078125 0.513646509375 0.5078125 0.568604571875 0.5087890625 0.5707183437500001 0.5224609375 0.5707183437500001
1 0.5556640625 0.5749458875 0.560546875 0.5601494859375 0.55859375 0.513646509375 0.5517578125 0.5073051953125 0.5400390625 0.5073051953125 0.5390625 0.5094189671875 0.5390625 0.5643770296875 0.5439453125 0.5749458875 0.5556640625 0.5749458875
1 0.6044921875 0.5580357140625 0.60546875 0.5559219421875 0.60546875 0.4967363359375 0.6044921875 0.494622565625 0.6005859375 0.49039502187500006 0.5732421875 0.49039502187500006 0.5703125 0.4967363359375 0.5703125 0.5559219421875 0.5712890625 0.5580357140625 0.6044921875 0.5580357140625
1 0.6376953125 0.541125540625 0.638671875 0.53901176875 0.638671875 0.49250879375 0.6357421875 0.4777123921875 0.6181640625 0.4734848484375 0.6083984375 0.4777123921875 0.607421875 0.4798261640625 0.607421875 0.53901176875 0.6083984375 0.541125540625 0.6376953125 0.541125540625
1 0.5693359375 0.5664908015625 0.5703125 0.5643770296875 0.5703125 0.5051914234375 0.5673828125 0.4988501078125 0.5615234375 0.5030776515625 0.560546875 0.5051914234375 0.560546875 0.5643770296875 0.5615234375 0.5664908015625 0.5693359375 0.5664908015625
1 0.6669921875 0.5453530843750001 0.669921875 0.53901176875 0.669921875 0.4798261640625 0.6669921875 0.4734848484375 0.6416015625 0.4734848484375 0.638671875 0.4798261640625 0.638671875 0.5347842265625 0.6416015625 0.541125540625 0.6669921875 0.5453530843750001
1 0.7001953125 0.541125540625 0.703125 0.5347842265625 0.703125 0.47559862031250005 0.7021484375 0.4734848484375 0.6748046875 0.46925730468750004 0.669921875 0.4798261640625 0.669921875 0.5347842265625 0.6728515625 0.541125540625 0.7001953125 0.541125540625
1 0.7333984375 0.5284429109375 0.736328125 0.522101596875 0.736328125 0.462915990625 0.7333984375 0.456574675 0.7060546875 0.456574675 0.703125 0.462915990625 0.703125 0.522101596875 0.7060546875 0.5284429109375 0.7333984375 0.5284429109375
1 0.7939453125 0.5073051953125 0.8349609375 0.5073051953125 0.837890625 0.5009638796875 0.837890625 0.43755073125 0.8349609375 0.431209415625 0.7900390625 0.431209415625 0.7890625 0.4333231875 0.7890625 0.48405370625 0.791015625 0.5009638796875 0.7939453125 0.5073051953125
1 0.8896484375 0.5115327375 0.892578125 0.5051914234375 0.892578125 0.4417782734375 0.8896484375 0.426981871875 0.8427734375 0.426981871875 0.83984375 0.4333231875 0.83984375 0.5051914234375 0.8427734375 0.5115327375 0.8896484375 0.5115327375
1 0.9541015625 0.49039502187500006 0.955078125 0.48828125 0.955078125 0.41218547031249997 0.9541015625 0.4100716984375 0.8935546875 0.4100716984375 0.892578125 0.41218547031249997 0.892578125 0.48405370625 0.8955078125 0.49039502187500006 0.9541015625 0.49039502187500006
1 1 0.39950284062499997 0.9990234375 0.39738906875 0.9599609375 0.39738906875 0.95703125 0.40373038437500003 0.95703125 0.462915990625 0.9599609375 0.481939934375 0.9990234375 0.481939934375 1 0.4798261640625 1 0.39950284062499997
0 0.1279296875 0.7736404218749999 0.12890625 0.77152665 0.1328125 0.6658380687500001 0.134765625 0.45023336093750005 0.134765625 0.2769040859375 0.1337890625 0.2747903140625 0.1220703125 0.2747903140625 0.1142578125 0.2790178578125 0.111328125 0.293814259375 0.109375 0.5432393125 0.109375 0.7672991078125 0.1123046875 0.7736404218749999 0.1279296875 0.7736404218749999
0 0.150390625 0.77152665 0.150390625 0.340317234375 0.1484375 0.2684489984375 0.1474609375 0.26633522656249997 0.1435546875 0.26633522656249997 0.1396484375 0.2705627703125 0.134765625 0.281131628125 0.12890625 0.7672991078125 0.1318359375 0.7736404218749999 0.1494140625 0.7736404218749999 0.150390625 0.77152665
0 0.1650390625 0.782095509375 0.173828125 0.77575419375 0.17578125 0.750388934375 0.19140625 0.2388561953125 0.1865234375 0.23251488125000003 0.1748046875 0.23251488125000003 0.1552734375 0.2409699671875 0.150390625 0.2473112828125 0.1484375 0.25576636875 0.150390625 0.77575419375 0.1533203125 0.782095509375 0.1650390625 0.782095509375
0 0.19140625 0.7672991078125 0.193359375 0.7546164765625 0.1953125 0.581287203125 0.1953125 0.25999391250000004 0.1904296875 0.25365259687499997 0.1865234375 0.25365259687499997 0.1796875 0.26422145625 0.177734375 0.3656824953125 0.173828125 0.7672991078125 0.1767578125 0.7736404218749999 0.1884765625 0.7736404218749999 0.19140625 0.7672991078125
0 0.2109375 0.77152665 0.212890625 0.7334787609375 0.220703125 0.20080830624999998 0.2177734375 0.194466990625 0.2021484375 0.198694534375 0.1982421875 0.202922078125 0.1953125 0.2134909359375 0.193359375 0.77152665 0.1943359375 0.7736404218749999 0.2099609375 0.7736404218749999 0.2109375 0.77152665
0 0.2275390625 0.7736404218749999 0.23046875 0.7672991078125 0.232421875 0.6066524624999999 0.232421875 0.26422145625 0.2216796875 0.25365259687499997 0.2197265625 0.25365259687499997 0.216796875 0.26422145625 0.21484375 0.43755073125 0.212890625 0.6235626359374999 0.212890625 0.7672991078125 0.2158203125 0.7736404218749999 0.2275390625 0.7736404218749999
0 0.25 0.7672991078125 0.25390625 0.5432393125 0.25390625 0.234628653125 0.2529296875 0.23251488125000003 0.2373046875 0.2409699671875 0.234375 0.2473112828125 0.232421875 0.29804180156250004 0.23046875 0.7672991078125 0.2333984375 0.7736404218749999 0.2470703125 0.7736404218749999 0.25 0.7672991078125
0 0.271484375 0.7672991078125 0.28125 0.1881256765625 0.2802734375 0.1860119046875 0.2666015625 0.1860119046875 0.255859375 0.1923532203125 0.25 0.77152665 0.2509765625 0.7736404218749999 0.2685546875 0.7736404218749999 0.271484375 0.7672991078125
0 0.2822265625 0.7736404218749999 0.287109375 0.7630715640625 0.2890625 0.568604571875 0.2890625 0.2092633921875 0.2880859375 0.20714962187500002 0.2802734375 0.20714962187500002 0.27734375 0.2134909359375 0.2734375 0.43755073125 0.271484375 0.581287203125 0.271484375 0.7672991078125 0.2744140625 0.7736404218749999 0.2822265625 0.7736404218749999
0 0.2958984375 0.769412878125 0.296875 0.7672991078125 0.30078125 0.171215503125 0.298828125 0.12894007031250002 0.2958984375 0.12682629843749998 0.2919921875 0.1310538421875 0.2890625 0.1416227 0.287109375 0.3360896921875 0.287109375 0.7672991078125 0.2880859375 0.769412878125 0.2958984375 0.769412878125
0 0.31640625 0.77152665 0.318359375 0.7292512171875 0.3359375 0.13739515625 0.3359375 0.0697544640625 0.3310546875 0.05918560625 0.3212890625 0.050730518749999995 0.3095703125 0.050730518749999995 0.3037109375 0.0549580625 0.30078125 0.0655269203125 0.298828125 0.13739515625 0.296875 0.7672991078125 0.2998046875 0.7736404218749999 0.3154296875 0.7736404218749999 0.31640625 0.77152665
0 0.35546875 0.7630715640625 0.357421875 0.34877232187499996 0.357421875 0.1627604171875 0.35546875 0.1416227 0.3505859375 0.1310538421875 0.3486328125 0.1310538421875 0.3251953125 0.147964015625 0.322265625 0.1543053296875 0.3203125 0.1881256765625 0.318359375 0.7672991078125 0.3232421875 0.7736404218749999 0.3505859375 0.7736404218749999 0.35546875 0.7630715640625
0 0.3818359375 0.7736404218749999 0.384765625 0.7630715640625 0.3828125 0.13739515625 0.3798828125 0.1310538421875 0.3720703125 0.1310538421875 0.3603515625 0.1352813859375 0.357421875 0.1416227 0.35546875 0.1500777875 0.35546875 0.7672991078125 0.3603515625 0.7736404218749999 0.3818359375 0.7736404218749999
0 0.3876953125 0.7736404218749999 0.4013671875 0.7736404218749999 0.4169921875 0.769412878125 0.419921875 0.7630715640625 0.419921875 0.5094189671875 0.416015625 0.12894007031250002 0.4111328125 0.11414366875 0.4052734375 0.11414366875 0.3857421875 0.12682629843749998 0.3828125 0.1331676140625 0.3828125 0.5855147453125 0.384765625 0.7630715640625 0.3876953125 0.7736404218749999
0 0.4228515625 0.769412878125 0.4326171875 0.769412878125 0.43359375 0.7672991078125 0.466796875 0.12471252656250001 0.4482421875 0.1056885828125 0.4384765625 0.1014610390625 0.4306640625 0.1014610390625 0.4208984375 0.109916125 0.41796875 0.11625744062500001 0.416015625 0.1331676140625 0.416015625 0.14585024375 0.419921875 0.7630715640625 0.4228515625 0.769412878125
0 0.4501953125 0.7736404218749999 0.4638671875 0.7736404218749999 0.470703125 0.7630715640625 0.470703125 0.458688446875 0.46875 0.171215503125 0.466796875 0.1331676140625 0.4638671875 0.12682629843749998 0.4384765625 0.139508928125 0.435546875 0.14585024375 0.43359375 0.1543053296875 0.43359375 0.7630715640625 0.4365234375 0.769412878125 0.4501953125 0.7736404218749999
0 0.4736328125 0.769412878125 0.5048828125 0.769412878125 0.505859375 0.7672991078125 0.505859375 0.5263291390625 0.501953125 0.12471252656250001 0.5 0.11625744062500001 0.4951171875 0.109916125 0.4912109375 0.109916125 0.4716796875 0.12259875468749999 0.46875 0.12894007031250002 0.46875 0.378365125 0.470703125 0.7419338468750001 0.4736328125 0.769412878125
0 0.5107421875 0.7651853359375 0.5361328125 0.7651853359375 0.5390625 0.7588440203125 0.5546875 0.0655269203125 0.5498046875 0.050730518749999995 0.5302734375 0.0380478890625 0.5166015625 0.0422754328125 0.5068359375 0.050730518749999995 0.50390625 0.057071834375 0.501953125 0.12894007031250002 0.501953125 0.29804180156250004 0.5078125 0.7588440203125 0.5107421875 0.7651853359375
0 0.5419921875 0.7651853359375 0.5615234375 0.7651853359375 0.5625 0.7630715640625 0.5625 0.6447003515625 0.560546875 0.12471252656250001 0.5537109375 0.1014610390625 0.5419921875 0.1014610390625 0.537109375 0.112029896875 0.537109375 0.7377063046875 0.5390625 0.7588440203125 0.5419921875 0.7651853359375
0 0.57421875 0.7630715640625 0.5751953125 0.7651853359375 0.5927734375 0.769412878125 0.6025390625 0.769412878125 0.607421875 0.7630715640625 0.60546875 0.5559219421875 0.5732421875 0.5073051953125 0.572265625 0.5094189671875 0.5703125 0.5432393125 0.5703125 0.6151075484375 0.572265625 0.7377063046875 0.57421875 0.7630715640625
0 0.5693359375 0 0.568359375 0.002113771875 0.56640625 0.0147964015625 0.56640625 0.1923532203125 0.568359375 0.43755073125 0.5703125 0.49250879375 0.5732421875 0.4988501078125 0.6025390625 0.4988501078125 0.60546875 0.49250879375 0.60546875 0.11625744062500001 0.603515625 0.002113771875 0.6025390625 0 0.5693359375 0
0 0.6103515625 0 0.60546875 0.0105688578125 0.60546875 0.5305566828125 0.607421875 0.7588440203125 0.6103515625 0.7651853359375 0.6357421875 0.7651853359375 0.638671875 0.7588440203125 0.638671875 0.4798261640625 0.634765625 0.0105688578125 0.6318359375 0 0.6103515625 0
0 0.6376953125 0 0.63671875 0.002113771875 0.63671875 0.395275296875 0.640625 0.7588440203125 0.6435546875 0.7651853359375 0.6669921875 0.7651853359375 0.669921875 0.7546164765625 0.669921875 0.3064968890625 0.66796875 0.0105688578125 0.6650390625 0 0.6376953125 0
0 0.6708984375 0 0.669921875 0.002113771875 0.669921875 0.5305566828125 0.671875 0.7334787609375 0.6748046875 0.7609577921875 0.7021484375 0.7609577921875 0.703125 0.7588440203125 0.703125 0.0105688578125 0.7001953125 0 0.6708984375 0
0 0.7060546875 0 0.705078125 0.002113771875 0.703125 0.0105688578125 0.703125 0.7546164765625 0.7080078125 0.7651853359375 0.7275390625 0.7651853359375 0.734375 0.7588440203125 0.736328125 0.7419338468750001 0.736328125 0.002113771875 0.7353515625 0 0.7060546875 0
0 0.7900390625 0 0.7890625 0.002113771875 0.7890625 0.5897422890625 0.791015625 0.7419338468750001 0.79296875 0.750388934375 0.7978515625 0.7609577921875 0.8310546875 0.7609577921875 0.8349609375 0.7567302484375 0.837890625 0.746161390625 0.837890625 0.4164130140625 0.8359375 0.002113771875 0.8349609375 0 0.7900390625 0
0 0.8408203125 0 0.83984375 0.002113771875 0.837890625 0.0105688578125 0.837890625 0.395275296875 0.841796875 0.750388934375 0.8466796875 0.7567302484375 0.8916015625 0.7567302484375 0.89453125 0.7419338468750001 0.89453125 0.6996584140625 0.892578125 0.45023336093750005 0.88671875 0.0105688578125 0.8837890625 0 0.8408203125 0
0 0.8916015625 0 0.888671875 0.006341315625000001 0.888671875 0.14585024375 0.89453125 0.7419338468750001 0.8994140625 0.75250270625 0.9052734375 0.7567302484375 0.9521484375 0.7567302484375 0.958984375 0.7419338468750001 0.9609375 0.7165685875000001 0.953125 0.2473112828125 0.947265625 0.019023945312500002 0.9453125 0.0105688578125 0.9384765625 0 0.8916015625 0
0 0.9521484375 0 0.951171875 0.002113771875 0.951171875 0.107802353125 0.95703125 0.4798261640625 0.962890625 0.7419338468750001 0.9697265625 0.75250270625 0.9990234375 0.75250270625 1 0.750388934375 1 0.006341315625000001 0.9970703125 0 0.9521484375 0