1 0.0615234375 0.62990395 0.0673828125 0.62990395 0.0703125 0.6235626359374999 0.0703125 0.6193350921875 0.06640625 0.5770596593749999 0.0654296875 0.5749458875 0.0615234375 0.5749458875 0.0576171875 0.57917343125 0.056640625 0.581287203125 0.056640625 0.6108800046875 0.05859375 0.6235626359374999 0.0615234375 0.62990395
1 0.09375 0.6362452656250001 0.0947265625 0.6383590375 0.1044921875 0.6383590375 0.1123046875 0.63413149375 0.11328125 0.6277901781249999 0.111328125 0.598197375 0.109375 0.5855147453125 0.1083984375 0.5834009734375 0.0908203125 0.5834009734375 0.08984375 0.5855147453125 0.08984375 0.598197375 0.091796875 0.6277901781249999 0.09375 0.6362452656250001
1 0.083984375 0.6320177218749999 0.0888671875 0.6425865796875 0.091796875 0.6362452656250001 0.091796875 0.598197375 0.0888671875 0.5834009734375 0.0810546875 0.5834009734375 0.080078125 0.5855147453125 0.080078125 0.5939698328125 0.08203125 0.6193350921875 0.083984375 0.6320177218749999
1 0.0703125 0.6320177218749999 0.0712890625 0.63413149375 0.0830078125 0.63413149375 0.083984375 0.6320177218749999 0.083984375 0.6193350921875 0.08203125 0.5939698328125 0.080078125 0.5855147453125 0.0771484375 0.57917343125 0.0673828125 0.57917343125 0.06640625 0.581287203125 0.06640625 0.5939698328125 0.068359375 0.6235626359374999 0.0703125 0.6320177218749999
1 0.1162109375 0.6383590375 0.1318359375 0.6383590375 0.134765625 0.6320177218749999 0.1328125 0.5897422890625 0.1298828125 0.5834009734375 0.1123046875 0.5834009734375 0.111328125 0.5855147453125 0.111328125 0.6151075484375 0.11328125 0.6320177218749999 0.1162109375 0.6383590375
1 0.142578125 0.6447003515625 0.1435546875 0.6468141234375 0.1533203125 0.6468141234375 0.15625 0.6404728078125 0.154296875 0.5939698328125 0.1533203125 0.5918560609375 0.1396484375 0.5918560609375 0.138671875 0.5939698328125 0.138671875 0.6024249187499999 0.140625 0.6362452656250001 0.142578125 0.6447003515625
1 0.1572265625 0.6468141234375 0.1669921875 0.6468141234375 0.16796875 0.6447003515625 0.16796875 0.6151075484375 0.166015625 0.5939698328125 0.1650390625 0.5918560609375 0.1552734375 0.5918560609375 0.154296875 0.5939698328125 0.154296875 0.6320177218749999 0.15625 0.6447003515625 0.1572265625 0.6468141234375
1 0.1787109375 0.6510416671875 0.1904296875 0.6468141234375 0.193359375 0.6404728078125 0.19140625 0.598197375 0.1884765625 0.5918560609375 0.1748046875 0.5918560609375 0.173828125 0.5939698328125 0.173828125 0.6235626359374999 0.17578125 0.6447003515625 0.1787109375 0.6510416671875
1 0.2119140625 0.6510416671875 0.21484375 0.6447003515625 0.212890625 0.598197375 0.2099609375 0.5918560609375 0.1943359375 0.5918560609375 0.19140625 0.598197375 0.193359375 0.6447003515625 0.1962890625 0.6510416671875 0.2119140625 0.6510416671875
1 0.2177734375 0.6510416671875 0.2314453125 0.6510416671875 0.232421875 0.6489278953125 0.232421875 0.6277901781249999 0.23046875 0.598197375 0.2275390625 0.5918560609375 0.2138671875 0.5918560609375 0.2109375 0.598197375 0.212890625 0.6320177218749999 0.21484375 0.6447003515625 0.2177734375 0.6510416671875
1 0.2333984375 0.6510416671875 0.2490234375 0.6510416671875 0.25 0.6447003515625 0.248046875 0.598197375 0.2470703125 0.5960836031250001 0.2314453125 0.5960836031250001 0.23046875 0.598197375 0.23046875 0.6151075484375 0.232421875 0.6489278953125 0.2333984375 0.6510416671875
1 0.2509765625 0.655269209375 0.2626953125 0.655269209375 0.263671875 0.6531554390625 0.263671875 0.6151075484375 0.26171875 0.6024249187499999 0.2607421875 0.600311146875 0.2490234375 0.600311146875 0.248046875 0.6024249187499999 0.248046875 0.6320177218749999 0.25 0.6531554390625 0.2509765625 0.655269209375
1 0.2978515625 0.659496753125 0.298828125 0.6573829812499999 0.298828125 0.6320177218749999 0.296875 0.6024249187499999 0.2958984375 0.600311146875 0.2802734375 0.600311146875 0.27734375 0.6066524624999999 0.279296875 0.6531554390625 0.2822265625 0.659496753125 0.2978515625 0.659496753125
1 0.2666015625 0.6510416671875 0.2783203125 0.6510416671875 0.279296875 0.6489278953125 0.279296875 0.6193350921875 0.27734375 0.598197375 0.2763671875 0.5960836031250001 0.2626953125 0.5960836031250001 0.26171875 0.598197375 0.26171875 0.6066524624999999 0.263671875 0.6447003515625 0.2666015625 0.6510416671875
1 0.3134765625 0.659496753125 0.314453125 0.6573829812499999 0.314453125 0.6362452656250001 0.3125 0.6066524624999999 0.3095703125 0.600311146875 0.2998046875 0.600311146875 0.298828125 0.6024249187499999 0.298828125 0.6531554390625 0.3017578125 0.659496753125 0.3134765625 0.659496753125
1 0.3154296875 0.659496753125 0.3251953125 0.659496753125 0.326171875 0.6573829812499999 0.326171875 0.6235626359374999 0.32421875 0.6024249187499999 0.3212890625 0.600311146875 0.3134765625 0.604538690625 0.3125 0.6066524624999999 0.3125 0.6320177218749999 0.314453125 0.6573829812499999 0.3154296875 0.659496753125
1 0.3447265625 0.663724296875 0.345703125 0.6616105250000001 0.345703125 0.6066524624999999 0.3447265625 0.604538690625 0.3271484375 0.600311146875 0.32421875 0.6066524624999999 0.326171875 0.6573829812499999 0.3388671875 0.663724296875 0.3447265625 0.663724296875
1 0.3505859375 0.663724296875 0.3662109375 0.663724296875 0.3671875 0.6616105250000001 0.3671875 0.6447003515625 0.365234375 0.6066524624999999 0.3642578125 0.604538690625 0.3466796875 0.604538690625 0.345703125 0.6066524624999999 0.345703125 0.6277901781249999 0.34765625 0.6573829812499999 0.3505859375 0.663724296875
1 0.3896484375 0.6679518390625 0.3974609375 0.6679518390625 0.400390625 0.6616105250000001 0.400390625 0.6320177218749999 0.3984375 0.6066524624999999 0.3974609375 0.604538690625 0.3857421875 0.604538690625 0.384765625 0.6066524624999999 0.384765625 0.6362452656250001 0.38671875 0.6616105250000001 0.3896484375 0.6679518390625
1 0.3681640625 0.6679518390625 0.3837890625 0.6679518390625 0.38671875 0.6616105250000001 0.384765625 0.6108800046875 0.3837890625 0.608766234375 0.3662109375 0.608766234375 0.365234375 0.6108800046875 0.365234375 0.6320177218749999 0.3671875 0.6658380687500001 0.3681640625 0.6679518390625
1 0.4150390625 0.6848620125 0.41796875 0.6785206984375 0.41796875 0.6531554390625 0.416015625 0.6320177218749999 0.4150390625 0.62990395 0.4013671875 0.62990395 0.3984375 0.6362452656250001 0.400390625 0.682748240625 0.4013671875 0.6848620125 0.4150390625 0.6848620125
1 0.4287109375 0.6721793828125 0.4296875 0.6700656109375001 0.4296875 0.6151075484375 0.4287109375 0.6129937765625 0.4189453125 0.6129937765625 0.41796875 0.6151075484375 0.41796875 0.6700656109375001 0.4189453125 0.6721793828125 0.4287109375 0.6721793828125
1 0.4326171875 0.6764069265625 0.4580078125 0.6764069265625 0.458984375 0.6742931546875 0.458984375 0.6531554390625 0.45703125 0.6193350921875 0.4462890625 0.6129937765625 0.4306640625 0.6129937765625 0.4296875 0.6151075484375 0.4296875 0.6616105250000001 0.431640625 0.6742931546875 0.4326171875 0.6764069265625
1 0.4619140625 0.6806344703125 0.4736328125 0.6806344703125 0.474609375 0.6785206984375 0.474609375 0.6193350921875 0.4736328125 0.6172213203125 0.4580078125 0.6172213203125 0.45703125 0.6193350921875 0.45703125 0.6277901781249999 0.458984375 0.6742931546875 0.4619140625 0.6806344703125
1 0.4619140625 0.6806344703125 0.4736328125 0.6806344703125 0.474609375 0.6785206984375 0.474609375 0.6193350921875 0.4736328125 0.6172213203125 0.4580078125 0.6172213203125 0.45703125 0.6193350921875 0.45703125 0.6277901781249999 0.458984375 0.6742931546875 0.4619140625 0.6806344703125
1 0.4853515625 0.6848620125 0.5107421875 0.6848620125 0.515625 0.6785206984375 0.515625 0.6531554390625 0.513671875 0.6235626359374999 0.5126953125 0.6214488640625 0.4755859375 0.6172213203125 0.474609375 0.6193350921875 0.474609375 0.6742931546875 0.4775390625 0.6806344703125 0.4853515625 0.6848620125
1 0.5361328125 0.6848620125 0.5517578125 0.6848620125 0.5546875 0.6785206984375 0.55078125 0.6235626359374999 0.5478515625 0.6172213203125 0.5322265625 0.6214488640625 0.53125 0.6235626359374999 0.53125 0.6362452656250001 0.53515625 0.682748240625 0.5361328125 0.6848620125
1 0.5556640625 0.6848620125 0.5732421875 0.6848620125 0.5791015625 0.6806344703125 0.580078125 0.6785206984375 0.580078125 0.6531554390625 0.578125 0.6235626359374999 0.5751953125 0.6172213203125 0.5537109375 0.6172213203125 0.55078125 0.6235626359374999 0.55078125 0.6277901781249999 0.5546875 0.682748240625 0.5556640625 0.6848620125
1 0.583984375 0.6869757843750001 0.5849609375 0.68908955625 0.5888671875 0.68908955625 0.6025390625 0.6848620125 0.60546875 0.6785206984375 0.60546875 0.6531554390625 0.603515625 0.6193350921875 0.6025390625 0.6172213203125 0.5947265625 0.6172213203125 0.5810546875 0.6214488640625 0.580078125 0.6235626359374999 0.580078125 0.6531554390625 0.58203125 0.6785206984375 0.583984375 0.6869757843750001
1 0.6279296875 0.68908955625 0.62890625 0.6869757843750001 0.62890625 0.6658380687500001 0.626953125 0.6320177218749999 0.625 0.6235626359374999 0.6240234375 0.6214488640625 0.6123046875 0.6214488640625 0.6044921875 0.62567640625 0.603515625 0.6320177218749999 0.607421875 0.6869757843750001 0.6083984375 0.68908955625 0.6279296875 0.68908955625
1 0.6318359375 0.6933171 0.6474609375 0.6933171 0.6552734375 0.68908955625 0.65625 0.6869757843750001 0.65625 0.6658380687500001 0.654296875 0.6320177218749999 0.65234375 0.6235626359374999 0.6513671875 0.6214488640625 0.6416015625 0.6214488640625 0.6279296875 0.62567640625 0.626953125 0.6277901781249999 0.626953125 0.6573829812499999 0.62890625 0.6869757843750001 0.6318359375 0.6933171
1 0.6611328125 0.6975446421875 0.6708984375 0.6975446421875 0.673828125 0.6912033281250001 0.673828125 0.6447003515625 0.671875 0.6277901781249999 0.6689453125 0.62567640625 0.6552734375 0.62990395 0.654296875 0.6320177218749999 0.654296875 0.6447003515625 0.658203125 0.6912033281250001 0.6611328125 0.6975446421875
1 0.7138671875 0.6975446421875 0.71484375 0.695430871875 0.71484375 0.6573829812499999 0.712890625 0.6320177218749999 0.7099609375 0.62567640625 0.6748046875 0.63413149375 0.673828125 0.6362452656250001 0.673828125 0.682748240625 0.6767578125 0.7017721859375 0.7138671875 0.6975446421875
1 0.7216796875 0.7059997296875 0.7548828125 0.7059997296875 0.7578125 0.6996584140625 0.7578125 0.6489278953125 0.7548828125 0.6383590375 0.7197265625 0.6383590375 0.716796875 0.6447003515625 0.716796875 0.6531554390625 0.71875 0.6996584140625 0.7216796875 0.7059997296875
1 0.8017578125 0.7229099031249999 0.8076171875 0.7229099031249999 0.810546875 0.7165685875000001 0.814453125 0.6573829812499999 0.814453125 0.6489278953125 0.8134765625 0.6468141234375 0.7626953125 0.6425865796875 0.76171875 0.6447003515625 0.76171875 0.7081135015625 0.7646484375 0.714454815625 0.8017578125 0.7229099031249999
1 0.8623046875 0.714454815625 0.865234375 0.7081135015625 0.865234375 0.6404728078125 0.8642578125 0.6383590375 0.8251953125 0.63413149375 0.82421875 0.6362452656250001 0.82421875 0.7038859578125 0.8271484375 0.7102272734375 0.8623046875 0.714454815625
0 0.0791015625 0.782095509375 0.080078125 0.7799817375 0.080078125 0.746161390625 0.05078125 0.3699100375 0.0478515625 0.3551136359375 0.0419921875 0.3551136359375 0.0380859375 0.3593411796875 0.037109375 0.36145495156249996 0.06640625 0.77152665 0.0712890625 0.782095509375 0.0791015625 0.782095509375
0 0.0830078125 0.782095509375 0.0869140625 0.7863230515625 0.0927734375 0.7863230515625 0.095703125 0.7799817375 0.095703125 0.7546164765625 0.06640625 0.3529998640625 0.0654296875 0.35088609375 0.0517578125 0.35088609375 0.048828125 0.3572274078125 0.048828125 0.3656824953125 0.080078125 0.77152665 0.0830078125 0.782095509375
0 0.103515625 0.7842092796875 0.1064453125 0.7905505953125 0.1201171875 0.7905505953125 0.123046875 0.7842092796875 0.123046875 0.77575419375 0.09375 0.3360896921875 0.0908203125 0.3297483765625 0.0810546875 0.3297483765625 0.0732421875 0.3339759203125 0.072265625 0.3360896921875 0.072265625 0.3572274078125 0.1015625 0.7672991078125 0.103515625 0.7842092796875
0 0.095703125 0.77575419375 0.0986328125 0.7863230515625 0.1025390625 0.7863230515625 0.103515625 0.7842092796875 0.103515625 0.77152665 0.099609375 0.71234104375 0.07421875 0.36145495156249996 0.0712890625 0.3551136359375 0.0654296875 0.3551136359375 0.0625 0.36145495156249996 0.0625 0.37413758124999996 0.08203125 0.6193350921875 0.095703125 0.77575419375
0 0.1279296875 0.7947781390624999 0.1416015625 0.7947781390624999 0.142578125 0.7926643671875 0.142578125 0.7588440203125 0.111328125 0.281131628125 0.1083984375 0.2705627703125 0.0927734375 0.2705627703125 0.08984375 0.2769040859375 0.08984375 0.289586715625 0.123046875 0.7842092796875 0.1279296875 0.7947781390624999
0 0.1533203125 0.8032332249999999 0.1630859375 0.8032332249999999 0.166015625 0.7968919109375 0.169921875 0.21771847968750002 0.1669921875 0.2113771640625 0.1513671875 0.20714962187500002 0.1181640625 0.20714962187500002 0.11328125 0.21771847968750002 0.11328125 0.226173565625 0.150390625 0.7968919109375 0.1533203125 0.8032332249999999
0 0.166015625 0.801119453125 0.1669921875 0.8032332249999999 0.1767578125 0.8032332249999999 0.177734375 0.801119453125 0.177734375 0.77575419375 0.154296875 0.2473112828125 0.15234375 0.2388561953125 0.1474609375 0.23251488125000003 0.1396484375 0.23251488125000003 0.1357421875 0.236742425 0.1328125 0.24308373906249997 0.1328125 0.26422145625 0.162109375 0.7546164765625 0.166015625 0.801119453125
0 0.177734375 0.7968919109375 0.1806640625 0.8032332249999999 0.18359375 0.7968919109375 0.18359375 0.7926643671875 0.171875 0.5347842265625 0.15625 0.2769040859375 0.1552734375 0.2747903140625 0.1494140625 0.2747903140625 0.1484375 0.2769040859375 0.1484375 0.3064968890625 0.158203125 0.48405370625 0.177734375 0.7968919109375
0 0.1865234375 0.8116883109374999 0.1962890625 0.8116883109374999 0.19921875 0.8053469968750001 0.19921875 0.7588440203125 0.197265625 0.7081135015625 0.171875 0.25999391250000004 0.169921875 0.2388561953125 0.1669921875 0.23251488125000003 0.1572265625 0.23251488125000003 0.154296875 0.2388561953125 0.154296875 0.25999391250000004 0.181640625 0.801119453125 0.1865234375 0.8116883109374999
0 0.2060546875 0.8159158546875 0.2177734375 0.8159158546875 0.220703125 0.809574540625 0.220703125 0.77575419375 0.21875 0.2769040859375 0.216796875 0.2388561953125 0.2138671875 0.21983225156250003 0.1845703125 0.21983225156250003 0.1708984375 0.22405979375 0.169921875 0.226173565625 0.169921875 0.251538825 0.201171875 0.809574540625 0.2060546875 0.8159158546875
0 0.2353515625 0.8159158546875 0.23828125 0.801119453125 0.236328125 0.7292512171875 0.224609375 0.47559862031250005 0.216796875 0.344544778125 0.2138671875 0.3255208328125 0.2021484375 0.3255208328125 0.1982421875 0.3297483765625 0.1953125 0.3360896921875 0.220703125 0.8053469968750001 0.2236328125 0.8159158546875 0.2353515625 0.8159158546875
0 0.2412109375 0.8201433984375001 0.2548828125 0.8201433984375001 0.2578125 0.8138020828125001 0.2578125 0.8053469968750001 0.234375 0.3318621484375 0.2314453125 0.321293290625 0.2255859375 0.321293290625 0.2177734375 0.3255208328125 0.216796875 0.3276346046875 0.216796875 0.3572274078125 0.23828125 0.8138020828125001 0.2412109375 0.8201433984375001
0 0.2578125 0.8180296265625 0.2685546875 0.8243709421875 0.271484375 0.8180296265625 0.2734375 0.8053469968750001 0.244140625 0.20080830624999998 0.2412109375 0.194466990625 0.2333984375 0.194466990625 0.2294921875 0.198694534375 0.228515625 0.20080830624999998 0.228515625 0.234628653125 0.255859375 0.7968919109375 0.2578125 0.8180296265625
0 0.2646484375 0.5960836031250001 0.2744140625 0.600311146875 0.27734375 0.5939698328125 0.40625 0.12471252656250001 0.40625 0.107802353125 0.4033203125 0.1014610390625 0.3955078125 0.093005953125 0.3720703125 0.084550865625 0.2724609375 0.05918560625 0.2392578125 0.05918560625 0.23828125 0.061299378125000005 0.236328125 0.0739820078125 0.259765625 0.5643770296875 0.26171875 0.5897422890625 0.2646484375 0.5960836031250001
0 0.287109375 0.8222571703125 0.2939453125 0.828598484375 0.3037109375 0.828598484375 0.306640625 0.8222571703125 0.384765625 0.1923532203125 0.3818359375 0.16910173125 0.3701171875 0.1648741890625 0.3076171875 0.1564191015625 0.2666015625 0.1564191015625 0.2607421875 0.1606466453125 0.259765625 0.1627604171875 0.259765625 0.1881256765625 0.267578125 0.38682021093749996 0.287109375 0.8222571703125
0 0.306640625 0.809574540625 0.3115234375 0.8243709421875 0.3173828125 0.828598484375 0.3203125 0.8222571703125 0.3203125 0.7799817375 0.30859375 0.251538825 0.306640625 0.20503585000000002 0.3056640625 0.202922078125 0.2841796875 0.202922078125 0.283203125 0.20503585000000002 0.283203125 0.2473112828125 0.302734375 0.7419338468750001 0.306640625 0.809574540625
0 0.322265625 0.83071225625 0.3232421875 0.832826028125 0.3291015625 0.832826028125 0.33203125 0.8264847124999999 0.33203125 0.8138020828125001 0.322265625 0.4417782734375 0.318359375 0.340317234375 0.3134765625 0.3255208328125 0.3076171875 0.3255208328125 0.3037109375 0.3297483765625 0.30078125 0.3360896921875 0.30078125 0.34877232187499996 0.3203125 0.8138020828125001 0.322265625 0.83071225625
0 0.33203125 0.83071225625 0.3369140625 0.8370535718750001 0.3505859375 0.8370535718750001 0.3515625 0.8349398000000001 0.3515625 0.7630715640625 0.3359375 0.3529998640625 0.333984375 0.3276346046875 0.3310546875 0.321293290625 0.3212890625 0.321293290625 0.3173828125 0.3255208328125 0.31640625 0.3276346046875 0.31640625 0.3360896921875 0.330078125 0.8180296265625 0.33203125 0.83071225625
0 0.3564453125 0.8412811140625 0.3701171875 0.8412811140625 0.37109375 0.83916734375 0.373046875 0.29804180156250004 0.3701171875 0.2917004875 0.3642578125 0.2917004875 0.3447265625 0.2959280296875 0.3359375 0.3022693453125 0.333984375 0.314951975 0.333984375 0.3360896921875 0.353515625 0.8349398000000001 0.3564453125 0.8412811140625
0 0.3779296875 0.8455086578125 0.3876953125 0.8455086578125 0.390625 0.83916734375 0.390625 0.77152665 0.376953125 0.3656824953125 0.375 0.344544778125 0.3720703125 0.3382034625 0.3603515625 0.34243100625 0.357421875 0.34877232187499996 0.357421875 0.395275296875 0.37109375 0.8349398000000001 0.3779296875 0.8455086578125
0 0.3974609375 0.8455086578125 0.4033203125 0.8455086578125 0.40625 0.83916734375 0.40625 0.8264847124999999 0.388671875 0.3064968890625 0.38671875 0.2684489984375 0.3837890625 0.262107684375 0.3779296875 0.262107684375 0.3740234375 0.26633522656249997 0.373046875 0.2684489984375 0.373046875 0.293814259375 0.392578125 0.83916734375 0.3974609375 0.8455086578125
0 0.4091796875 0.8539637453125 0.4208984375 0.8539637453125 0.423828125 0.8433948859375 0.4375 0.14585024375 0.4345703125 0.139508928125 0.4287109375 0.1352813859375 0.4130859375 0.1310538421875 0.3837890625 0.1310538421875 0.3828125 0.1331676140625 0.3828125 0.1796705890625 0.40625 0.8476224296874999 0.4091796875 0.8539637453125
0 0.4248046875 0.8497362015625001 0.4345703125 0.8497362015625001 0.435546875 0.8476224296874999 0.435546875 0.8138020828125001 0.43359375 0.7292512171875 0.41796875 0.20080830624999998 0.4150390625 0.1902394484375 0.4072265625 0.1902394484375 0.404296875 0.1965807625 0.404296875 0.2473112828125 0.421875 0.8264847124999999 0.4248046875 0.8497362015625001
0 0.435546875 0.8476224296874999 0.4423828125 0.8581912875000001 0.4541015625 0.86241883125 0.4755859375 0.86241883125 0.478515625 0.8560775156249999 0.48046875 0.1585328734375 0.4775390625 0.1521915578125 0.4580078125 0.147964015625 0.4482421875 0.147964015625 0.4228515625 0.1564191015625 0.41796875 0.166987959375 0.41796875 0.25999391250000004 0.43359375 0.809574540625 0.435546875 0.8476224296874999
0 0.462890625 0.8560775156249999 0.4658203125 0.86241883125 0.4775390625 0.86241883125 0.478515625 0.860305059375 0.478515625 0.7968919109375 0.46875 0.1543053296875 0.4677734375 0.1521915578125 0.4521484375 0.1521915578125 0.4482421875 0.1564191015625 0.447265625 0.1585328734375 0.447265625 0.20503585000000002 0.44921875 0.3064968890625 0.462890625 0.8560775156249999
0 0.4833984375 0.8751014609375 0.5048828125 0.8793290046875001 0.5166015625 0.8708739171875 0.5234375 0.8560775156249999 0.52734375 0.83916734375 0.53515625 0.20503585000000002 0.533203125 0.1881256765625 0.5302734375 0.1817843609375 0.5244140625 0.17755681875 0.4755859375 0.17755681875 0.4697265625 0.1817843609375 0.466796875 0.1881256765625 0.46484375 0.1965807625 0.46484375 0.2092633921875 0.478515625 0.860305059375 0.4833984375 0.8751014609375
0 0.546875 0.8687601468749999 0.5498046875 0.8751014609375 0.5537109375 0.8793290046875001 0.5634765625 0.8793290046875001 0.56640625 0.8729876890625 0.56640625 0.8560775156249999 0.533203125 0.34877232187499996 0.53125 0.3318621484375 0.5283203125 0.321293290625 0.5146484375 0.321293290625 0.51171875 0.3276346046875 0.51171875 0.344544778125 0.544921875 0.8476224296874999 0.546875 0.8687601468749999
0 0.56640625 0.8729876890625 0.5693359375 0.8793290046875001 0.5849609375 0.883556546875 0.591796875 0.8772152328124999 0.591796875 0.8349398000000001 0.55859375 0.314951975 0.5556640625 0.3001555734375 0.5458984375 0.3001555734375 0.5322265625 0.3043831171875 0.529296875 0.31072443125000004 0.529296875 0.3234070609375 0.564453125 0.8518499734375 0.56640625 0.8729876890625
0 0.5966796875 0.8793290046875001 0.6142578125 0.8793290046875001 0.6171875 0.8729876890625 0.6171875 0.83071225625 0.595703125 0.1838981328125 0.5908203125 0.17755681875 0.5771484375 0.173329275 0.5673828125 0.173329275 0.5517578125 0.1860119046875 0.548828125 0.1923532203125 0.548828125 0.1965807625 0.59375 0.8729876890625 0.5966796875 0.8793290046875001
0 0.6220703125 0.883556546875 0.6279296875 0.8877840906250001 0.6357421875 0.8877840906250001 0.640625 0.8814427765625 0.640625 0.860305059375 0.599609375 0.226173565625 0.5966796875 0.2156047078125 0.5849609375 0.2156047078125 0.5810546875 0.21983225156250003 0.578125 0.226173565625 0.580078125 0.2684489984375 0.619140625 0.8729876890625 0.6220703125 0.883556546875
0 0.623046875 0.598197375 0.625 0.6151075484375 0.6318359375 0.62567640625 0.6494140625 0.6214488640625 0.65234375 0.6108800046875 0.625 0.13739515625 0.6181640625 0.12682629843749998 0.6123046875 0.12682629843749998 0.5986328125 0.1352813859375 0.595703125 0.1416227 0.595703125 0.175443046875 0.59765625 0.2134909359375 0.623046875 0.598197375
0 0.6728515625 0.896239178125 0.6826171875 0.896239178125 0.68359375 0.89412540625 0.68359375 0.83916734375 0.6796875 0.1838981328125 0.673828125 0.11625744062500001 0.6689453125 0.1056885828125 0.6396484375 0.0760957796875 0.6279296875 0.0760957796875 0.6240234375 0.08032332187499999 0.62109375 0.0866646375 0.62109375 0.10357481093750001 0.669921875 0.8856703187500001 0.6728515625 0.896239178125
0 0.6904296875 0.9046942640625 0.7236328125 0.9046942640625 0.724609375 0.9025804921875 0.724609375 0.8729876890625 0.697265625 0.2092633921875 0.6943359375 0.198694534375 0.6708984375 0.198694534375 0.6591796875 0.202922078125 0.65234375 0.2092633921875 0.650390625 0.23040110937499997 0.68359375 0.8814427765625 0.685546875 0.8983529484374999 0.6904296875 0.9046942640625
0 0.7275390625 0.9089218078125001 0.7333984375 0.91314935 0.7587890625 0.91737689375 0.76171875 0.9110355796875 0.76171875 0.8476224296874999 0.75 0.0993472671875 0.7412109375 0.0760957796875 0.7275390625 0.0760957796875 0.7021484375 0.084550865625 0.701171875 0.0866646375 0.701171875 0.20503585000000002 0.724609375 0.8898978625 0.7275390625 0.9089218078125001
0 0.7685546875 0.9216044374999999 0.7861328125 0.92583198125 0.8115234375 0.92583198125 0.814453125 0.915263121875 0.81640625 0.6742931546875 0.81640625 0.0739820078125 0.8095703125 0.06341315 0.7666015625 0.0718682359375 0.759765625 0.08243709375 0.7578125 0.09089218125000001 0.7578125 0.10357481093750001 0.763671875 0.9110355796875 0.7685546875 0.9216044374999999
0 0.8310546875 0 0.828125 0.006341315625000001 0.826171875 0.019023945312500002 0.822265625 0.6489278953125 0.826171875 0.9110355796875 0.8330078125 0.91737689375 0.8564453125 0.9216044374999999 0.86328125 0.915263121875 0.865234375 0.8518499734375 0.865234375 0.019023945312500002 0.8603515625 0 0.8310546875 0