1 0.1220703125 0.7017721859375 0.123046875 0.6996584140625 0.123046875 0.6531554390625 0.1220703125 0.6510416671875 0.1123046875 0.6510416671875 0.107421875 0.6573829812499999 0.10546875 0.6658380687500001 0.10546875 0.6996584140625 0.1083984375 0.7059997296875 0.1220703125 0.7017721859375
1 0.1337890625 0.7102272734375 0.1396484375 0.7102272734375 0.1474609375 0.7059997296875 0.150390625 0.6996584140625 0.150390625 0.6573829812499999 0.1494140625 0.655269209375 0.1337890625 0.655269209375 0.1328125 0.6573829812499999 0.130859375 0.6785206984375 0.130859375 0.6996584140625 0.1328125 0.7081135015625 0.1337890625 0.7102272734375
1 0.1708984375 0.7017721859375 0.173828125 0.695430871875 0.173828125 0.6531554390625 0.1708984375 0.6468141234375 0.1533203125 0.6510416671875 0.150390625 0.6573829812499999 0.150390625 0.6996584140625 0.1513671875 0.7017721859375 0.1708984375 0.7017721859375
1 0.1923828125 0.6975446421875 0.2041015625 0.6933171 0.20703125 0.6869757843750001 0.20703125 0.6489278953125 0.2041015625 0.6425865796875 0.1884765625 0.6425865796875 0.1826171875 0.6468141234375 0.181640625 0.6489278953125 0.181640625 0.695430871875 0.1826171875 0.6975446421875 0.1923828125 0.6975446421875
1 0.2197265625 0.6933171 0.2294921875 0.68908955625 0.23046875 0.6869757843750001 0.23046875 0.6531554390625 0.228515625 0.6362452656250001 0.2275390625 0.63413149375 0.2099609375 0.6383590375 0.208984375 0.6404728078125 0.208984375 0.6912033281250001 0.2099609375 0.6933171 0.2197265625 0.6933171
1 0.2392578125 0.6933171 0.244140625 0.6869757843750001 0.244140625 0.6616105250000001 0.2421875 0.6362452656250001 0.2412109375 0.63413149375 0.2314453125 0.63413149375 0.228515625 0.6404728078125 0.23046875 0.6912033281250001 0.2314453125 0.6933171 0.2392578125 0.6933171
1 0.2470703125 0.6933171 0.2607421875 0.68908955625 0.26171875 0.6869757843750001 0.26171875 0.6320177218749999 0.2587890625 0.62990395 0.2451171875 0.63413149375 0.2421875 0.6404728078125 0.2421875 0.6658380687500001 0.244140625 0.6869757843750001 0.2470703125 0.6933171
1 0.2783203125 0.6848620125 0.279296875 0.682748240625 0.279296875 0.6320177218749999 0.2763671875 0.62567640625 0.2626953125 0.62990395 0.26171875 0.6320177218749999 0.26171875 0.682748240625 0.2646484375 0.68908955625 0.2783203125 0.6848620125
1 0.2841796875 0.68908955625 0.3017578125 0.6806344703125 0.302734375 0.6785206984375 0.302734375 0.6277901781249999 0.3017578125 0.62567640625 0.2880859375 0.62567640625 0.2802734375 0.62990395 0.279296875 0.6320177218749999 0.279296875 0.682748240625 0.2822265625 0.68908955625 0.2841796875 0.68908955625
1 0.3134765625 0.6848620125 0.31640625 0.6785206984375 0.314453125 0.6277901781249999 0.3134765625 0.62567640625 0.3037109375 0.62567640625 0.302734375 0.6277901781249999 0.302734375 0.6785206984375 0.3056640625 0.6848620125 0.3134765625 0.6848620125
1 0.3291015625 0.6848620125 0.33203125 0.6785206984375 0.33203125 0.6277901781249999 0.3310546875 0.62567640625 0.3154296875 0.62567640625 0.314453125 0.6277901781249999 0.314453125 0.6785206984375 0.3173828125 0.6848620125 0.3291015625 0.6848620125
1 0.3564453125 0.6806344703125 0.361328125 0.6742931546875 0.361328125 0.6362452656250001 0.3583984375 0.6214488640625 0.3349609375 0.6214488640625 0.33203125 0.6277901781249999 0.33203125 0.6616105250000001 0.3349609375 0.6806344703125 0.3564453125 0.6806344703125
1 0.3759765625 0.6764069265625 0.376953125 0.6742931546875 0.376953125 0.6362452656250001 0.375 0.6193350921875 0.3740234375 0.6172213203125 0.3701171875 0.6172213203125 0.3623046875 0.6214488640625 0.361328125 0.6235626359374999 0.361328125 0.6742931546875 0.3642578125 0.6806344703125 0.3759765625 0.6764069265625
1 0.3857421875 0.6764069265625 0.3896484375 0.6764069265625 0.3994140625 0.6721793828125 0.400390625 0.6700656109375001 0.400390625 0.6235626359374999 0.3984375 0.6151075484375 0.3974609375 0.6129937765625 0.3896484375 0.6129937765625 0.3837890625 0.6172213203125 0.3828125 0.6193350921875 0.3828125 0.6658380687500001 0.384765625 0.6742931546875 0.3857421875 0.6764069265625
1 0.4189453125 0.6721793828125 0.4326171875 0.6721793828125 0.43359375 0.6700656109375001 0.43359375 0.6235626359374999 0.431640625 0.6108800046875 0.4306640625 0.608766234375 0.4267578125 0.608766234375 0.4189453125 0.6129937765625 0.416015625 0.6193350921875 0.416015625 0.6404728078125 0.41796875 0.6700656109375001 0.4189453125 0.6721793828125
1 0.4169921875 0.6721793828125 0.41796875 0.6700656109375001 0.41796875 0.6531554390625 0.416015625 0.6151075484375 0.4150390625 0.6129937765625 0.4013671875 0.6129937765625 0.3984375 0.6193350921875 0.400390625 0.6700656109375001 0.4013671875 0.6721793828125 0.4169921875 0.6721793828125
1 0.4365234375 0.6764069265625 0.4404296875 0.6764069265625 0.4580078125 0.6721793828125 0.4609375 0.6658380687500001 0.4609375 0.6151075484375 0.4580078125 0.608766234375 0.4462890625 0.608766234375 0.4345703125 0.6129937765625 0.43359375 0.6151075484375 0.43359375 0.6573829812499999 0.435546875 0.6742931546875 0.4365234375 0.6764069265625
1 0.4638671875 0.6679518390625 0.4814453125 0.6679518390625 0.484375 0.6616105250000001 0.482421875 0.6066524624999999 0.4814453125 0.604538690625 0.4638671875 0.604538690625 0.4609375 0.6108800046875 0.4609375 0.6489278953125 0.462890625 0.6658380687500001 0.4638671875 0.6679518390625
1 0.5126953125 0.663724296875 0.513671875 0.6616105250000001 0.513671875 0.6066524624999999 0.5107421875 0.5960836031250001 0.4833984375 0.600311146875 0.482421875 0.6024249187499999 0.482421875 0.6362452656250001 0.4853515625 0.663724296875 0.5126953125 0.663724296875
1 0.5263671875 0.663724296875 0.5322265625 0.659496753125 0.533203125 0.6573829812499999 0.533203125 0.6277901781249999 0.53125 0.598197375 0.5302734375 0.5960836031250001 0.5205078125 0.5960836031250001 0.5146484375 0.600311146875 0.513671875 0.6024249187499999 0.513671875 0.6573829812499999 0.5166015625 0.663724296875 0.5263671875 0.663724296875
1 0.5361328125 0.663724296875 0.5576171875 0.659496753125 0.55859375 0.6573829812499999 0.55859375 0.6024249187499999 0.556640625 0.5939698328125 0.5556640625 0.5918560609375 0.5498046875 0.5918560609375 0.5322265625 0.5960836031250001 0.53125 0.598197375 0.53125 0.6151075484375 0.533203125 0.6573829812499999 0.5361328125 0.663724296875
1 0.5615234375 0.655269209375 0.5791015625 0.655269209375 0.580078125 0.6531554390625 0.580078125 0.6277901781249999 0.578125 0.5939698328125 0.5751953125 0.5876285171875 0.5595703125 0.5918560609375 0.55859375 0.5939698328125 0.55859375 0.6362452656250001 0.560546875 0.6531554390625 0.5615234375 0.655269209375
1 0.5830078125 0.655269209375 0.5927734375 0.655269209375 0.6025390625 0.6510416671875 0.603515625 0.6489278953125 0.603515625 0.6320177218749999 0.6015625 0.5897422890625 0.5986328125 0.5834009734375 0.5791015625 0.5876285171875 0.578125 0.5897422890625 0.578125 0.6151075484375 0.580078125 0.6489278953125 0.5830078125 0.655269209375
1 0.6044921875 0.6510416671875 0.6201171875 0.6510416671875 0.6298828125 0.6468141234375 0.630859375 0.6447003515625 0.630859375 0.6193350921875 0.62890625 0.5855147453125 0.6259765625 0.57917343125 0.6162109375 0.57917343125 0.6025390625 0.5834009734375 0.6015625 0.5855147453125 0.6015625 0.6151075484375 0.603515625 0.6489278953125 0.6044921875 0.6510416671875
1 0.6337890625 0.6510416671875 0.6591796875 0.6468141234375 0.662109375 0.6404728078125 0.66015625 0.5897422890625 0.6572265625 0.5749458875 0.6298828125 0.57917343125 0.62890625 0.581287203125 0.62890625 0.5939698328125 0.630859375 0.6447003515625 0.6337890625 0.6510416671875
1 0.6630859375 0.6425865796875 0.6728515625 0.6425865796875 0.6904296875 0.6383590375 0.69140625 0.6362452656250001 0.69140625 0.598197375 0.689453125 0.572832115625 0.6865234375 0.5664908015625 0.6650390625 0.5707183437500001 0.6611328125 0.5749458875 0.66015625 0.5770596593749999 0.66015625 0.6066524624999999 0.662109375 0.6404728078125 0.6630859375 0.6425865796875
1 0.6962890625 0.6425865796875 0.7197265625 0.6383590375 0.72265625 0.6320177218749999 0.72265625 0.6024249187499999 0.720703125 0.568604571875 0.7197265625 0.5664908015625 0.7041015625 0.5664908015625 0.6923828125 0.5707183437500001 0.69140625 0.572832115625 0.69140625 0.6024249187499999 0.693359375 0.6362452656250001 0.6962890625 0.6425865796875
1 0.7255859375 0.63413149375 0.7353515625 0.63413149375 0.7548828125 0.62990395 0.755859375 0.6277901781249999 0.755859375 0.6024249187499999 0.75390625 0.5643770296875 0.7509765625 0.5580357140625 0.7373046875 0.5580357140625 0.7236328125 0.5622632578125 0.720703125 0.568604571875 0.720703125 0.5770596593749999 0.72265625 0.6235626359374999 0.7255859375 0.63413149375
1 0.7587890625 0.62990395 0.7666015625 0.62990395 0.76953125 0.6235626359374999 0.765625 0.5601494859375 0.7646484375 0.5580357140625 0.7548828125 0.5580357140625 0.75390625 0.5601494859375 0.75390625 0.5855147453125 0.755859375 0.6235626359374999 0.7587890625 0.62990395
1 0.7724609375 0.63413149375 0.7958984375 0.63413149375 0.8046875 0.6277901781249999 0.802734375 0.5855147453125 0.7998046875 0.5580357140625 0.7861328125 0.5580357140625 0.7685546875 0.5622632578125 0.767578125 0.5643770296875 0.767578125 0.6024249187499999 0.76953125 0.6277901781249999 0.7724609375 0.63413149375
1 0.8076171875 0.62990395 0.8212890625 0.62990395 0.8369140625 0.62567640625 0.83984375 0.6193350921875 0.837890625 0.5559219421875 0.8369140625 0.5538081703125 0.8330078125 0.549580628125 0.8095703125 0.5538081703125 0.8037109375 0.5580357140625 0.802734375 0.5601494859375 0.802734375 0.5939698328125 0.8046875 0.6235626359374999 0.8076171875 0.62990395
1 0.8662109375 0.6214488640625 0.87109375 0.6151075484375 0.869140625 0.568604571875 0.8662109375 0.5453530843750001 0.8544921875 0.5453530843750001 0.8388671875 0.549580628125 0.8359375 0.5559219421875 0.83984375 0.6193350921875 0.8408203125 0.6214488640625 0.8662109375 0.6214488640625
0 0.1201171875 0.8539637453125 0.123046875 0.8476224296874999 0.134765625 0.42909564375000003 0.1337890625 0.426981871875 0.1162109375 0.426981871875 0.109375 0.43755073125 0.107421875 0.45023336093750005 0.103515625 0.581287203125 0.10546875 0.8518499734375 0.1064453125 0.8539637453125 0.1201171875 0.8539637453125
0 0.130859375 0.8518499734375 0.138671875 0.4417782734375 0.1376953125 0.43543695937500004 0.1279296875 0.43543695937500004 0.125 0.4417782734375 0.123046875 0.5559219421875 0.12109375 0.8476224296874999 0.1240234375 0.8539637453125 0.1298828125 0.8539637453125 0.130859375 0.8518499734375
0 0.1435546875 0.8581912875000001 0.1484375 0.8518499734375 0.150390625 0.77575419375 0.150390625 0.4460058171875 0.1416015625 0.43966450156250003 0.1357421875 0.44389204531250004 0.1328125 0.45023336093750005 0.130859375 0.5263291390625 0.130859375 0.8518499734375 0.1337890625 0.8581912875000001 0.1435546875 0.8581912875000001
0 0.173828125 0.8476224296874999 0.173828125 0.6066524624999999 0.171875 0.41218547031249997 0.1689453125 0.40584415625 0.1533203125 0.4100716984375 0.150390625 0.43755073125 0.1484375 0.8433948859375 0.1513671875 0.8581912875000001 0.1669921875 0.8581912875000001 0.173828125 0.8476224296874999
0 0.1806640625 0.8539637453125 0.18359375 0.8476224296874999 0.18359375 0.801119453125 0.1796875 0.47559862031250005 0.177734375 0.45023336093750005 0.1767578125 0.4481195890625 0.173828125 0.45446090312500004 0.171875 0.47559862031250005 0.173828125 0.8518499734375 0.1748046875 0.8539637453125 0.1806640625 0.8539637453125
0 0.1865234375 0.8581912875000001 0.1923828125 0.8581912875000001 0.1953125 0.8518499734375 0.1953125 0.7419338468750001 0.19140625 0.4417782734375 0.1884765625 0.43543695937500004 0.1826171875 0.43543695937500004 0.1796875 0.4417782734375 0.177734375 0.45446090312500004 0.177734375 0.4798261640625 0.181640625 0.8433948859375 0.1865234375 0.8581912875000001
0 0.1953125 0.8518499734375 0.1982421875 0.8581912875000001 0.2080078125 0.8581912875000001 0.2109375 0.8518499734375 0.2109375 0.7926643671875 0.205078125 0.43755073125 0.2021484375 0.4142992421875 0.1943359375 0.4142992421875 0.19140625 0.4206405578125 0.189453125 0.4333231875 0.189453125 0.513646509375 0.193359375 0.8138020828125001 0.1953125 0.8518499734375
0 0.2138671875 0.8581912875000001 0.2294921875 0.8581912875000001 0.232421875 0.8518499734375 0.232421875 0.7292512171875 0.2265625 0.395275296875 0.2255859375 0.39316152656250003 0.2177734375 0.39316152656250003 0.2060546875 0.40161661249999997 0.203125 0.407957928125 0.203125 0.43755073125 0.2109375 0.8476224296874999 0.2138671875 0.8581912875000001
0 0.2353515625 0.8581912875000001 0.2431640625 0.8581912875000001 0.24609375 0.8518499734375 0.248046875 0.8349398000000001 0.24609375 0.7419338468750001 0.236328125 0.45023336093750005 0.234375 0.40373038437500003 0.2314453125 0.39738906875 0.2294921875 0.39738906875 0.2265625 0.40373038437500003 0.224609375 0.4248681 0.224609375 0.47559862031250005 0.232421875 0.83916734375 0.2353515625 0.8581912875000001
0 0.248046875 0.8518499734375 0.2509765625 0.8581912875000001 0.2626953125 0.8581912875000001 0.265625 0.8518499734375 0.265625 0.7968919109375 0.259765625 0.3318621484375 0.2529296875 0.321293290625 0.2431640625 0.321293290625 0.2353515625 0.3255208328125 0.232421875 0.3318621484375 0.232421875 0.3656824953125 0.24609375 0.8138020828125001 0.248046875 0.8518499734375
0 0.265625 0.8518499734375 0.2666015625 0.8539637453125 0.2802734375 0.8539637453125 0.283203125 0.83916734375 0.2734375 0.378365125 0.2705078125 0.372023809375 0.2646484375 0.372023809375 0.259765625 0.378365125 0.2578125 0.38682021093749996 0.2578125 0.41218547031249997 0.263671875 0.801119453125 0.265625 0.8518499734375
0 0.283203125 0.8518499734375 0.2861328125 0.8581912875000001 0.2958984375 0.8581912875000001 0.3037109375 0.8539637453125 0.306640625 0.8433948859375 0.314453125 0.28535917187500004 0.3115234375 0.2790178578125 0.3037109375 0.2747903140625 0.2861328125 0.2747903140625 0.2783203125 0.2790178578125 0.2734375 0.28535917187500004 0.271484375 0.293814259375 0.271484375 0.36145495156249996 0.28125 0.8222571703125 0.283203125 0.8518499734375
0 0.306640625 0.8560775156249999 0.3076171875 0.8581912875000001 0.3173828125 0.8581912875000001 0.318359375 0.8560775156249999 0.318359375 0.7672991078125 0.310546875 0.36145495156249996 0.30859375 0.3022693453125 0.3076171875 0.3001555734375 0.2998046875 0.3001555734375 0.294921875 0.31072443125000004 0.294921875 0.3572274078125 0.3046875 0.809574540625 0.306640625 0.8560775156249999
0 0.3212890625 0.8581912875000001 0.3349609375 0.8581912875000001 0.337890625 0.83916734375 0.333984375 0.29804180156250004 0.3291015625 0.2917004875 0.3134765625 0.2917004875 0.30859375 0.3022693453125 0.30859375 0.344544778125 0.318359375 0.8518499734375 0.3212890625 0.8581912875000001
0 0.3623046875 0.8581912875000001 0.365234375 0.8518499734375 0.365234375 0.7968919109375 0.35546875 0.3699100375 0.3525390625 0.3593411796875 0.3388671875 0.3593411796875 0.3291015625 0.3635687234375 0.3251953125 0.367796265625 0.32421875 0.3699100375 0.337890625 0.8560775156249999 0.3388671875 0.8581912875000001 0.3623046875 0.8581912875000001
0 0.3798828125 0.8581912875000001 0.3828125 0.8476224296874999 0.37109375 0.3572274078125 0.3681640625 0.35088609375 0.3583984375 0.35088609375 0.353515625 0.36145495156249996 0.365234375 0.8518499734375 0.3681640625 0.8581912875000001 0.3798828125 0.8581912875000001
0 0.388671875 0.8560775156249999 0.3896484375 0.8581912875000001 0.4033203125 0.8581912875000001 0.404296875 0.8560775156249999 0.419921875 0.25576636875 0.4150390625 0.24519751093750003 0.3935546875 0.21983225156250003 0.3876953125 0.2156047078125 0.3818359375 0.2156047078125 0.3759765625 0.21983225156250003 0.373046875 0.226173565625 0.373046875 0.281131628125 0.38671875 0.8180296265625 0.388671875 0.8560775156249999
0 0.4052734375 0.8581912875000001 0.4208984375 0.8581912875000001 0.421875 0.8560775156249999 0.421875 0.28535917187500004 0.4189453125 0.2747903140625 0.4091796875 0.26633522656249997 0.4033203125 0.26633522656249997 0.3955078125 0.2705627703125 0.392578125 0.2769040859375 0.392578125 0.36145495156249996 0.404296875 0.8560775156249999 0.4052734375 0.8581912875000001
0 0.4248046875 0.8581912875000001 0.4365234375 0.8581912875000001 0.439453125 0.8518499734375 0.439453125 0.8349398000000001 0.42578125 0.378365125 0.423828125 0.344544778125 0.4228515625 0.34243100625 0.4150390625 0.34243100625 0.41015625 0.3529998640625 0.41015625 0.3910477546875 0.421875 0.8476224296874999 0.4248046875 0.8581912875000001
0 0.4423828125 0.86241883125 0.4638671875 0.86241883125 0.466796875 0.8560775156249999 0.47265625 0.340317234375 0.47265625 0.3022693453125 0.470703125 0.25576636875 0.4677734375 0.2409699671875 0.4521484375 0.21983225156250003 0.4384765625 0.21983225156250003 0.4228515625 0.2282873375 0.421875 0.23040110937499997 0.421875 0.3022693453125 0.439453125 0.8560775156249999 0.4423828125 0.86241883125
0 0.4677734375 0.8581912875000001 0.4814453125 0.86241883125 0.48828125 0.8560775156249999 0.48828125 0.8053469968750001 0.484375 0.6531554390625 0.474609375 0.36145495156249996 0.4716796875 0.35088609375 0.4658203125 0.35088609375 0.4580078125 0.3551136359375 0.453125 0.3656824953125 0.453125 0.3910477546875 0.466796875 0.8560775156249999 0.4677734375 0.8581912875000001
0 0.4912109375 0.86241883125 0.5146484375 0.86241883125 0.51953125 0.8518499734375 0.51953125 0.801119453125 0.50390625 0.2092633921875 0.4990234375 0.198694534375 0.4736328125 0.20714962187500002 0.470703125 0.2134909359375 0.470703125 0.27267654218750004 0.48828125 0.8476224296874999 0.4912109375 0.86241883125
0 0.5361328125 0.8581912875000001 0.537109375 0.8560775156249999 0.537109375 0.77575419375 0.51953125 0.226173565625 0.5166015625 0.2113771640625 0.5087890625 0.2113771640625 0.501953125 0.2219460234375 0.5 0.234628653125 0.51953125 0.8518499734375 0.5224609375 0.8581912875000001 0.5361328125 0.8581912875000001
0 0.5419921875 0.86241883125 0.5615234375 0.86241883125 0.56640625 0.8476224296874999 0.59375 0.25576636875 0.5771484375 0.21983225156250003 0.5458984375 0.1606466453125 0.5419921875 0.1564191015625 0.5302734375 0.1564191015625 0.5205078125 0.1648741890625 0.517578125 0.171215503125 0.517578125 0.2219460234375 0.5390625 0.8560775156249999 0.5419921875 0.86241883125
0 0.5673828125 0.8581912875000001 0.5849609375 0.8581912875000001 0.5859375 0.8560775156249999 0.5859375 0.7968919109375 0.583984375 0.7334787609375 0.568359375 0.3276346046875 0.5654296875 0.3086106609375 0.5517578125 0.3086106609375 0.55078125 0.31072443125000004 0.548828125 0.31917951875 0.55078125 0.407957928125 0.564453125 0.83916734375 0.5673828125 0.8581912875000001
0 0.587890625 0.8560775156249999 0.5908203125 0.86241883125 0.6103515625 0.86241883125 0.61328125 0.8560775156249999 0.61328125 0.8476224296874999 0.58984375 0.31072443125000004 0.5869140625 0.3043831171875 0.5732421875 0.3086106609375 0.5693359375 0.312838203125 0.568359375 0.314951975 0.568359375 0.3572274078125 0.580078125 0.6785206984375 0.587890625 0.8560775156249999
0 0.611328125 0.8433948859375 0.61328125 0.8560775156249999 0.6181640625 0.86241883125 0.6357421875 0.86241883125 0.638671875 0.8560775156249999 0.638671875 0.8180296265625 0.6328125 0.6616105250000001 0.615234375 0.2684489984375 0.6142578125 0.26633522656249997 0.5986328125 0.26633522656249997 0.5908203125 0.2705627703125 0.58984375 0.27267654218750004 0.58984375 0.314951975 0.591796875 0.378365125 0.611328125 0.8433948859375
0 0.6435546875 0.86241883125 0.6572265625 0.86241883125 0.6669921875 0.8581912875000001 0.669921875 0.8518499734375 0.669921875 0.83071225625 0.646484375 0.25999391250000004 0.6435546875 0.25365259687499997 0.6396484375 0.25365259687499997 0.6181640625 0.262107684375 0.615234375 0.2684489984375 0.615234375 0.2769040859375 0.638671875 0.8476224296874999 0.6435546875 0.86241883125
0 0.6728515625 0.8581912875000001 0.6982421875 0.8581912875000001 0.701171875 0.8518499734375 0.701171875 0.8138020828125001 0.6953125 0.6700656109375001 0.67578125 0.27267654218750004 0.6728515625 0.2494250546875 0.6572265625 0.2494250546875 0.6484375 0.25576636875 0.646484375 0.26422145625 0.646484375 0.281131628125 0.669921875 0.8476224296874999 0.6728515625 0.8581912875000001
0 0.7373046875 0.8581912875000001 0.7626953125 0.8581912875000001 0.765625 0.8518499734375 0.763671875 0.7842092796875 0.751953125 0.5094189671875 0.73828125 0.23040110937499997 0.7353515625 0.22405979375 0.7294921875 0.22405979375 0.70703125 0.234628653125 0.705078125 0.2473112828125 0.732421875 0.83916734375 0.734375 0.8518499734375 0.7373046875 0.8581912875000001
0 0.703125 0.8518499734375 0.7060546875 0.8581912875000001 0.7294921875 0.8581912875000001 0.732421875 0.8518499734375 0.732421875 0.8349398000000001 0.720703125 0.5516943999999999 0.705078125 0.2388561953125 0.7041015625 0.236742425 0.6923828125 0.236742425 0.6767578125 0.24519751093750003 0.67578125 0.2473112828125 0.67578125 0.28535917187500004 0.701171875 0.8349398000000001 0.703125 0.8518499734375
0 0.779296875 0.8349398000000001 0.78125 0.8560775156249999 0.7880859375 0.86241883125 0.8134765625 0.8581912875000001 0.814453125 0.8560775156249999 0.814453125 0.801119453125 0.810546875 0.7165685875000001 0.783203125 0.21771847968750002 0.7802734375 0.2113771640625 0.7646484375 0.2113771640625 0.7529296875 0.2156047078125 0.75 0.2219460234375 0.75 0.24308373906249997 0.7578125 0.4248681 0.779296875 0.8349398000000001
0 0.81640625 0.8518499734375 0.8193359375 0.8581912875000001 0.8505859375 0.8581912875000001 0.8515625 0.8560775156249999 0.8515625 0.8180296265625 0.818359375 0.2092633921875 0.8154296875 0.202922078125 0.8056640625 0.202922078125 0.7880859375 0.20714962187500002 0.7841796875 0.2113771640625 0.783203125 0.2134909359375 0.783203125 0.2388561953125 0.814453125 0.83916734375 0.81640625 0.8518499734375
0 0.8544921875 0.8539637453125 0.8720703125 0.8539637453125 0.8818359375 0.8497362015625001 0.884765625 0.83916734375 0.884765625 0.8349398000000001 0.8515625 0.23040110937499997 0.849609375 0.2092633921875 0.8466796875 0.198694534375 0.8212890625 0.202922078125 0.818359375 0.2092633921875 0.818359375 0.2388561953125 0.8515625 0.8433948859375 0.8544921875 0.8539637453125