1 0.7861328125 0.7355925328125 0.791015625 0.7292512171875 0.791015625 0.682748240625 0.7900390625 0.6806344703125 0.7568359375 0.6806344703125 0.755859375 0.682748240625 0.75390625 0.6996584140625 0.75390625 0.7292512171875 0.7568359375 0.7355925328125 0.7861328125 0.7355925328125
1 0.7490234375 0.75250270625 0.751953125 0.746161390625 0.75390625 0.6996584140625 0.7529296875 0.6975446421875 0.7373046875 0.6975446421875 0.736328125 0.6996584140625 0.736328125 0.746161390625 0.7392578125 0.75250270625 0.7490234375 0.75250270625
1 0.7314453125 0.75250270625 0.736328125 0.7419338468750001 0.736328125 0.6996584140625 0.7353515625 0.6975446421875 0.7080078125 0.6975446421875 0.705078125 0.7038859578125 0.705078125 0.746161390625 0.7080078125 0.75250270625 0.7314453125 0.75250270625
1 0.6865234375 0.74404761875 0.689453125 0.7377063046875 0.689453125 0.695430871875 0.6884765625 0.6933171 0.6787109375 0.6933171 0.67578125 0.6996584140625 0.67578125 0.7377063046875 0.6787109375 0.74404761875 0.6865234375 0.74404761875
1 0.6748046875 0.74404761875 0.67578125 0.7419338468750001 0.677734375 0.6996584140625 0.6748046875 0.6933171 0.6669921875 0.6933171 0.6640625 0.6996584140625 0.6640625 0.7419338468750001 0.6650390625 0.74404761875 0.6748046875 0.74404761875
1 0.6591796875 0.7651853359375 0.662109375 0.7588440203125 0.6640625 0.7038859578125 0.6611328125 0.6975446421875 0.6416015625 0.6975446421875 0.6220703125 0.7017721859375 0.62109375 0.7038859578125 0.62109375 0.7546164765625 0.6279296875 0.7651853359375 0.6591796875 0.7651853359375
1 0.619140625 0.7546164765625 0.619140625 0.7081135015625 0.6181640625 0.7059997296875 0.5927734375 0.7017721859375 0.591796875 0.7038859578125 0.58984375 0.750388934375 0.5947265625 0.7609577921875 0.6162109375 0.7609577921875 0.619140625 0.7546164765625
1 0.5888671875 0.75250270625 0.58984375 0.750388934375 0.58984375 0.7038859578125 0.5888671875 0.7017721859375 0.5693359375 0.6975446421875 0.568359375 0.6996584140625 0.568359375 0.750388934375 0.5693359375 0.75250270625 0.5888671875 0.75250270625
1 0.5341796875 0.7567302484375 0.5595703125 0.7567302484375 0.564453125 0.750388934375 0.564453125 0.7081135015625 0.5634765625 0.7059997296875 0.5458984375 0.7017721859375 0.5224609375 0.7017721859375 0.51953125 0.7081135015625 0.51953125 0.750388934375 0.5205078125 0.75250270625 0.5341796875 0.7567302484375
1 0.5166015625 0.75250270625 0.51953125 0.746161390625 0.51953125 0.7081135015625 0.5166015625 0.7017721859375 0.5048828125 0.7017721859375 0.50390625 0.7038859578125 0.50390625 0.750388934375 0.5048828125 0.75250270625 0.5166015625 0.75250270625
1 0.5009765625 0.7651853359375 0.50390625 0.7588440203125 0.50390625 0.71234104375 0.5009765625 0.7102272734375 0.4814453125 0.714454815625 0.48046875 0.7165685875000001 0.48046875 0.7630715640625 0.4814453125 0.7651853359375 0.5009765625 0.7651853359375
1 0.4248046875 0.7651853359375 0.4638671875 0.7651853359375 0.4736328125 0.7609577921875 0.4765625 0.7546164765625 0.4765625 0.72079613125 0.4736328125 0.7102272734375 0.4189453125 0.7102272734375 0.41796875 0.71234104375 0.41796875 0.746161390625 0.419921875 0.7588440203125 0.4248046875 0.7651853359375
1 0.3896484375 0.7567302484375 0.4091796875 0.7567302484375 0.4140625 0.750388934375 0.4140625 0.72079613125 0.4111328125 0.7017721859375 0.3857421875 0.7017721859375 0.384765625 0.7038859578125 0.384765625 0.7292512171875 0.38671875 0.750388934375 0.3896484375 0.7567302484375
1 0.3720703125 0.7567302484375 0.384765625 0.750388934375 0.384765625 0.6996584140625 0.3837890625 0.6975446421875 0.3466796875 0.7017721859375 0.345703125 0.7038859578125 0.345703125 0.7334787609375 0.3486328125 0.7567302484375 0.3720703125 0.7567302484375
1 0.3466796875 0.7567302484375 0.34765625 0.7546164765625 0.34765625 0.72079613125 0.345703125 0.7038859578125 0.3427734375 0.6975446421875 0.3388671875 0.7017721859375 0.337890625 0.7038859578125 0.337890625 0.750388934375 0.3408203125 0.7567302484375 0.3466796875 0.7567302484375
1 0.3134765625 0.7863230515625 0.3251953125 0.7863230515625 0.3310546875 0.782095509375 0.337890625 0.7588440203125 0.337890625 0.7334787609375 0.3359375 0.71234104375 0.3330078125 0.7102272734375 0.3115234375 0.7313649890625 0.310546875 0.7334787609375 0.310546875 0.77575419375 0.3125 0.7842092796875 0.3134765625 0.7863230515625
1 0.2998046875 0.7609577921875 0.302734375 0.7546164765625 0.30078125 0.7165685875000001 0.2978515625 0.7102272734375 0.2861328125 0.7102272734375 0.283203125 0.7165685875000001 0.28515625 0.7546164765625 0.2880859375 0.7609577921875 0.2998046875 0.7609577921875
1 0.2626953125 0.7609577921875 0.2822265625 0.7651853359375 0.28515625 0.7588440203125 0.28515625 0.7334787609375 0.2822265625 0.7102272734375 0.2587890625 0.7102272734375 0.2578125 0.71234104375 0.2578125 0.72079613125 0.259765625 0.750388934375 0.2626953125 0.7609577921875
1 0.2587890625 0.7609577921875 0.259765625 0.7588440203125 0.259765625 0.7292512171875 0.2578125 0.71234104375 0.2548828125 0.7059997296875 0.2373046875 0.7059997296875 0.234375 0.71234104375 0.236328125 0.750388934375 0.2412109375 0.7609577921875 0.2587890625 0.7609577921875
1 0.2353515625 0.7567302484375 0.236328125 0.7546164765625 0.236328125 0.7292512171875 0.234375 0.7081135015625 0.2314453125 0.7017721859375 0.2158203125 0.7017721859375 0.21484375 0.7081135015625 0.21875 0.7546164765625 0.2197265625 0.7567302484375 0.2353515625 0.7567302484375
1 0.1533203125 0.7482751624999999 0.1748046875 0.74404761875 0.185546875 0.7377063046875 0.185546875 0.7165685875000001 0.1826171875 0.6933171 0.1669921875 0.6933171 0.1474609375 0.6975446421875 0.146484375 0.6996584140625 0.146484375 0.71234104375 0.150390625 0.7419338468750001 0.1533203125 0.7482751624999999
1 0.1904296875 0.74404761875 0.2158203125 0.74404761875 0.216796875 0.7419338468750001 0.216796875 0.72079613125 0.21484375 0.6996584140625 0.2119140625 0.6933171 0.1865234375 0.6933171 0.185546875 0.695430871875 0.185546875 0.7165685875000001 0.1875 0.7334787609375 0.1904296875 0.74404761875
1 0.1357421875 0.74404761875 0.1455078125 0.74404761875 0.1494140625 0.739820075 0.150390625 0.7334787609375 0.146484375 0.6996584140625 0.1435546875 0.6933171 0.1318359375 0.6933171 0.12890625 0.6996584140625 0.12890625 0.7081135015625 0.1328125 0.7377063046875 0.1357421875 0.74404761875
1 0.1005859375 0.75250270625 0.1123046875 0.75250270625 0.1240234375 0.7482751624999999 0.130859375 0.7377063046875 0.130859375 0.7165685875000001 0.12890625 0.6996584140625 0.1259765625 0.68908955625 0.0947265625 0.7017721859375 0.09375 0.7038859578125 0.09375 0.71234104375 0.09765625 0.746161390625 0.1005859375 0.75250270625
1 0.0537109375 0.7567302484375 0.0673828125 0.7567302484375 0.0771484375 0.75250270625 0.0859375 0.7334787609375 0.0859375 0.7165685875000001 0.0810546875 0.6848620125 0.0498046875 0.7059997296875 0.046875 0.71234104375 0.046875 0.7165685875000001 0.05078125 0.750388934375 0.0537109375 0.7567302484375
1 0.017578125 0.750388934375 0.0224609375 0.7609577921875 0.0400390625 0.7609577921875 0.05078125 0.750388934375 0.05078125 0.7419338468750001 0.046875 0.7081135015625 0.044921875 0.695430871875 0.0419921875 0.68908955625 0.0146484375 0.6975446421875 0.013671875 0.6996584140625 0.013671875 0.71234104375 0.015625 0.7377063046875 0.017578125 0.750388934375
0 0 0.6066524624999999 0.03125 0.9194906656249999 0.0341796875 0.92583198125 0.0458984375 0.92583198125 0.0673828125 0.91314935 0.072265625 0.9068080359374999 0.072265625 0.8983529484374999 0.00390625 0.38682021093749996 0.0009765625 0.376251353125 0 0.378365125 0 0.6066524624999999
0 0 0.3656824953125 0.001953125 0.3825926671875 0.033203125 0.6235626359374999 0.068359375 0.8814427765625 0.072265625 0.8983529484374999 0.0751953125 0.9046942640625 0.0927734375 0.9046942640625 0.1025390625 0.892011634375 0.111328125 0.8687601468749999 0.111328125 0.8518499734375 0.046875 0.314951975 0.0419921875 0.3043831171875 0.0322265625 0.3043831171875 0.0126953125 0.312838203125 0.0009765625 0.321293290625 0 0.3234070609375 0 0.3656824953125
0 0.1220703125 0.9046942640625 0.1357421875 0.9046942640625 0.1435546875 0.896239178125 0.1484375 0.8772152328124999 0.146484375 0.8476224296874999 0.08984375 0.3529998640625 0.087890625 0.344544778125 0.0830078125 0.3339759203125 0.0791015625 0.3297483765625 0.0478515625 0.3297483765625 0.046875 0.3360896921875 0.11328125 0.8772152328124999 0.115234375 0.8898978625 0.1220703125 0.9046942640625
0 0.1533203125 0.8877840906250001 0.1630859375 0.8877840906250001 0.1640625 0.8856703187500001 0.1640625 0.864532603125 0.162109375 0.8433948859375 0.111328125 0.3572274078125 0.1103515625 0.3551136359375 0.1064453125 0.3551136359375 0.0966796875 0.3635687234375 0.091796875 0.37413758124999996 0.091796875 0.3825926671875 0.1484375 0.8772152328124999 0.1533203125 0.8877840906250001
0 0.1689453125 0.892011634375 0.1962890625 0.892011634375 0.201171875 0.8814427765625 0.19921875 0.8476224296874999 0.15234375 0.36145495156249996 0.150390625 0.34877232187499996 0.1474609375 0.34243100625 0.1416015625 0.34243100625 0.1162109375 0.3551136359375 0.111328125 0.3656824953125 0.111328125 0.3910477546875 0.1640625 0.8772152328124999 0.1689453125 0.892011634375
0 0.201171875 0.8856703187500001 0.2041015625 0.892011634375 0.2255859375 0.892011634375 0.23046875 0.8856703187500001 0.232421875 0.251538825 0.2294921875 0.236742425 0.2216796875 0.236742425 0.1533203125 0.2917004875 0.1484375 0.3022693453125 0.1484375 0.31917951875 0.150390625 0.344544778125 0.201171875 0.8856703187500001
0 0.216796875 0.7334787609375 0.21875 0.750388934375 0.2216796875 0.7609577921875 0.2333984375 0.7609577921875 0.236328125 0.7546164765625 0.236328125 0.7377063046875 0.208984375 0.293814259375 0.2080078125 0.2917004875 0.2001953125 0.2917004875 0.1943359375 0.2959280296875 0.1884765625 0.3043831171875 0.185546875 0.31072443125000004 0.185546875 0.3318621484375 0.205078125 0.5939698328125 0.216796875 0.7334787609375
0 0.248046875 0.89412540625 0.2509765625 0.9046942640625 0.2705078125 0.9046942640625 0.271484375 0.9025804921875 0.271484375 0.8814427765625 0.2421875 0.289586715625 0.2392578125 0.2832454 0.2333984375 0.2832454 0.2138671875 0.2917004875 0.205078125 0.31072443125000004 0.205078125 0.344544778125 0.244140625 0.8518499734375 0.248046875 0.89412540625
0 0.267578125 0.8560775156249999 0.271484375 0.8983529484374999 0.2763671875 0.9089218078125001 0.2919921875 0.9089218078125001 0.294921875 0.9025804921875 0.294921875 0.8856703187500001 0.265625 0.281131628125 0.2626953125 0.2790178578125 0.2470703125 0.2917004875 0.2333984375 0.3086106609375 0.232421875 0.31072443125000004 0.232421875 0.34877232187499996 0.244140625 0.5305566828125 0.267578125 0.8560775156249999
0 0.296875 0.9068080359374999 0.2978515625 0.9089218078125001 0.3076171875 0.9089218078125001 0.310546875 0.9025804921875 0.3125 0.8856703187500001 0.2890625 0.293814259375 0.2841796875 0.28747294375 0.2802734375 0.28747294375 0.2626953125 0.3086106609375 0.259765625 0.314951975 0.259765625 0.344544778125 0.29296875 0.8687601468749999 0.296875 0.9068080359374999
0 0.318359375 0.9321732953125 0.3212890625 0.9385146109375 0.3310546875 0.9385146109375 0.3369140625 0.9342870671875 0.341796875 0.923718209375 0.345703125 0.9025804921875 0.345703125 0.8814427765625 0.326171875 0.34877232187499996 0.3251953125 0.34665855 0.3134765625 0.34665855 0.3056640625 0.3551136359375 0.2978515625 0.367796265625 0.291015625 0.3825926671875 0.291015625 0.407957928125 0.31640625 0.9068080359374999 0.318359375 0.9321732953125
0 0.353515625 0.89412540625 0.3583984375 0.9089218078125001 0.3798828125 0.9089218078125001 0.3876953125 0.9046942640625 0.390625 0.8983529484374999 0.390625 0.864532603125 0.37890625 0.289586715625 0.3740234375 0.2705627703125 0.3681640625 0.2705627703125 0.3603515625 0.2790178578125 0.3447265625 0.3043831171875 0.328125 0.340317234375 0.328125 0.37413758124999996 0.3515625 0.8687601468749999 0.353515625 0.89412540625
0 0.3935546875 0.9004667203125001 0.4169921875 0.9004667203125001 0.41796875 0.8983529484374999 0.419921875 0.281131628125 0.4052734375 0.26633522656249997 0.4013671875 0.26633522656249997 0.3974609375 0.2705627703125 0.384765625 0.29804180156250004 0.376953125 0.31917951875 0.373046875 0.3360896921875 0.373046875 0.3529998640625 0.390625 0.89412540625 0.3935546875 0.9004667203125001
0 0.419921875 0.8983529484374999 0.4248046875 0.9089218078125001 0.4306640625 0.91314935 0.4755859375 0.91314935 0.478515625 0.9068080359374999 0.478515625 0.293814259375 0.4736328125 0.28747294375 0.4267578125 0.2790178578125 0.40625 0.3234070609375 0.404296875 0.340317234375 0.40625 0.45023336093750005 0.4140625 0.77575419375 0.419921875 0.8983529484374999
0 0.5166015625 0.896239178125 0.51953125 0.8898978625 0.51953125 0.5009638796875 0.517578125 0.4164130140625 0.5146484375 0.4100716984375 0.50390625 0.4164130140625 0.501953125 0.42909564375000003 0.50390625 0.8856703187500001 0.5068359375 0.896239178125 0.5166015625 0.896239178125
0 0.4833984375 0.91314935 0.4892578125 0.91737689375 0.4990234375 0.91314935 0.50390625 0.9025804921875 0.50390625 0.28535917187500004 0.5009765625 0.2832454 0.4931640625 0.2917004875 0.48828125 0.3064968890625 0.4765625 0.3572274078125 0.4765625 0.517874053125 0.48046875 0.9068080359374999 0.4833984375 0.91314935
0 0.5224609375 0.9004667203125001 0.5576171875 0.9004667203125001 0.5625 0.89412540625 0.564453125 0.750388934375 0.56640625 0.293814259375 0.564453125 0.2769040859375 0.55859375 0.2473112828125 0.5537109375 0.2409699671875 0.5224609375 0.2409699671875 0.5166015625 0.24519751093750003 0.513671875 0.251538825 0.513671875 0.281131628125 0.51953125 0.8898978625 0.5224609375 0.9004667203125001
0 0.6142578125 0.9089218078125001 0.6171875 0.9025804921875 0.626953125 0.3360896921875 0.625 0.314951975 0.62109375 0.293814259375 0.61328125 0.26422145625 0.6083984375 0.25365259687499997 0.6025390625 0.25365259687499997 0.599609375 0.25999391250000004 0.595703125 0.3064968890625 0.59375 0.4164130140625 0.58984375 0.7038859578125 0.58984375 0.9025804921875 0.5927734375 0.9089218078125001 0.6142578125 0.9089218078125001
0 0.5673828125 0.896239178125 0.5771484375 0.9004667203125001 0.5869140625 0.9004667203125001 0.587890625 0.8983529484374999 0.58984375 0.8687601468749999 0.599609375 0.2134909359375 0.587890625 0.1585328734375 0.5830078125 0.147964015625 0.5673828125 0.147964015625 0.560546875 0.1543053296875 0.55859375 0.1627604171875 0.55859375 0.1796705890625 0.564453125 0.8814427765625 0.5673828125 0.896239178125
0 0.6220703125 0.9046942640625 0.6494140625 0.9046942640625 0.65625 0.89412540625 0.662109375 0.7884368234375 0.66796875 0.47559862031250005 0.669921875 0.29804180156250004 0.6640625 0.281131628125 0.6533203125 0.25788014062500003 0.6455078125 0.24519751093750003 0.6396484375 0.2409699671875 0.6220703125 0.2409699671875 0.6162109375 0.24519751093750003 0.615234375 0.2473112828125 0.615234375 0.25999391250000004 0.6171875 0.89412540625 0.6220703125 0.9046942640625
0 0.6728515625 0.892011634375 0.673828125 0.8898978625 0.689453125 0.38682021093749996 0.689453125 0.3656824953125 0.6875 0.3572274078125 0.6748046875 0.3382034625 0.6728515625 0.3382034625 0.669921875 0.344544778125 0.666015625 0.522101596875 0.66015625 0.8349398000000001 0.66015625 0.8898978625 0.6611328125 0.892011634375 0.6728515625 0.892011634375
0 0.6845703125 0.8877840906250001 0.685546875 0.8856703187500001 0.6875 0.83071225625 0.697265625 0.462915990625 0.697265625 0.37413758124999996 0.6904296875 0.3635687234375 0.685546875 0.395275296875 0.68359375 0.4248681 0.677734375 0.6235626359374999 0.673828125 0.7926643671875 0.673828125 0.8814427765625 0.6767578125 0.8877840906250001 0.6845703125 0.8877840906250001
0 0.6982421875 0.9004667203125001 0.701171875 0.8898978625 0.71875 0.226173565625 0.7138671875 0.2113771640625 0.6943359375 0.2113771640625 0.69140625 0.21771847968750002 0.685546875 0.3234070609375 0.685546875 0.8856703187500001 0.6904296875 0.9004667203125001 0.6982421875 0.9004667203125001
0 0.7099609375 0.9046942640625 0.7236328125 0.9046942640625 0.73046875 0.89412540625 0.732421875 0.8772152328124999 0.751953125 0.38682021093749996 0.751953125 0.34877232187499996 0.75 0.3360896921875 0.7412109375 0.317065746875 0.7216796875 0.28747294375 0.7177734375 0.28747294375 0.716796875 0.289586715625 0.71484375 0.31917951875 0.7109375 0.45446090312500004 0.701171875 0.7968919109375 0.701171875 0.89412540625 0.7041015625 0.9004667203125001 0.7099609375 0.9046942640625
0 0.7431640625 0.9004667203125001 0.748046875 0.8898978625 0.75 0.864532603125 0.765625 0.45023336093750005 0.765625 0.395275296875 0.7568359375 0.3551136359375 0.7529296875 0.3551136359375 0.751953125 0.3572274078125 0.74609375 0.4713710765625 0.736328125 0.71234104375 0.732421875 0.8138020828125001 0.732421875 0.89412540625 0.7353515625 0.9004667203125001 0.7431640625 0.9004667203125001
0 0.7587890625 0.9004667203125001 0.7783203125 0.9004667203125001 0.783203125 0.89412540625 0.78515625 0.8856703187500001 0.787109375 0.864532603125 0.8125 0.3276346046875 0.8125 0.29804180156250004 0.8095703125 0.2917004875 0.7646484375 0.24519751093750003 0.7509765625 0.24519751093750003 0.748046875 0.251538825 0.75 0.8898978625 0.7529296875 0.896239178125 0.7587890625 0.9004667203125001