1 0.0654296875 0.6721793828125 0.0751953125 0.6679518390625 0.078125 0.6616105250000001 0.076171875 0.6193350921875 0.0732421875 0.6129937765625 0.0419921875 0.6129937765625 0.0390625 0.6193350921875 0.0390625 0.6447003515625 0.0419921875 0.6721793828125 0.0654296875 0.6721793828125
1 0.1083984375 0.6721793828125 0.115234375 0.6658380687500001 0.1171875 0.6531554390625 0.115234375 0.6193350921875 0.1123046875 0.6129937765625 0.0791015625 0.6172213203125 0.078125 0.6193350921875 0.078125 0.6658380687500001 0.0810546875 0.6721793828125 0.1083984375 0.6721793828125
1 0.1611328125 0.655269209375 0.166015625 0.6489278953125 0.166015625 0.6024249187499999 0.1650390625 0.600311146875 0.1318359375 0.600311146875 0.1181640625 0.604538690625 0.1171875 0.6066524624999999 0.1171875 0.6531554390625 0.1201171875 0.659496753125 0.1611328125 0.655269209375
1 0.1943359375 0.663724296875 0.1953125 0.6616105250000001 0.1953125 0.6151075484375 0.1923828125 0.608766234375 0.1669921875 0.608766234375 0.166015625 0.6108800046875 0.166015625 0.6447003515625 0.1689453125 0.663724296875 0.1943359375 0.663724296875
1 0.2138671875 0.6679518390625 0.216796875 0.6616105250000001 0.21484375 0.6151075484375 0.2138671875 0.6129937765625 0.1962890625 0.6129937765625 0.1953125 0.6151075484375 0.1953125 0.6616105250000001 0.1982421875 0.6679518390625 0.2138671875 0.6679518390625
1 0.2177734375 0.6679518390625 0.2392578125 0.6679518390625 0.244140625 0.6616105250000001 0.244140625 0.6151075484375 0.2412109375 0.608766234375 0.2294921875 0.608766234375 0.2158203125 0.6129937765625 0.21484375 0.6151075484375 0.21484375 0.6320177218749999 0.216796875 0.6658380687500001 0.2177734375 0.6679518390625
1 0.2470703125 0.663724296875 0.2646484375 0.663724296875 0.2705078125 0.659496753125 0.271484375 0.6573829812499999 0.271484375 0.6066524624999999 0.2705078125 0.604538690625 0.2470703125 0.604538690625 0.244140625 0.6108800046875 0.244140625 0.6531554390625 0.24609375 0.6616105250000001 0.2470703125 0.663724296875
1 0.2705078125 0.659496753125 0.2734375 0.6531554390625 0.271484375 0.6066524624999999 0.2705078125 0.604538690625 0.2470703125 0.604538690625 0.244140625 0.6108800046875 0.244140625 0.6489278953125 0.2470703125 0.663724296875 0.2705078125 0.659496753125
1 0.3154296875 0.663724296875 0.322265625 0.6573829812499999 0.322265625 0.6235626359374999 0.3193359375 0.604538690625 0.2900390625 0.608766234375 0.2890625 0.6108800046875 0.2890625 0.6531554390625 0.2919921875 0.663724296875 0.3154296875 0.663724296875
1 0.2880859375 0.659496753125 0.291015625 0.6531554390625 0.2890625 0.6066524624999999 0.2880859375 0.604538690625 0.2724609375 0.604538690625 0.271484375 0.6066524624999999 0.271484375 0.6531554390625 0.2744140625 0.659496753125 0.2880859375 0.659496753125
1 0.3447265625 0.655269209375 0.345703125 0.6531554390625 0.345703125 0.6066524624999999 0.3427734375 0.600311146875 0.3251953125 0.600311146875 0.32421875 0.6024249187499999 0.32421875 0.6531554390625 0.3251953125 0.655269209375 0.3447265625 0.655269209375
1 0.3662109375 0.659496753125 0.369140625 0.6531554390625 0.369140625 0.6066524624999999 0.3662109375 0.600311146875 0.3486328125 0.600311146875 0.345703125 0.6066524624999999 0.34765625 0.6573829812499999 0.3486328125 0.659496753125 0.3662109375 0.659496753125
1 0.3720703125 0.659496753125 0.3935546875 0.659496753125 0.396484375 0.6531554390625 0.39453125 0.6024249187499999 0.3935546875 0.600311146875 0.3701171875 0.600311146875 0.369140625 0.6024249187499999 0.369140625 0.6447003515625 0.37109375 0.6573829812499999 0.3720703125 0.659496753125
1 0.4189453125 0.659496753125 0.4228515625 0.655269209375 0.423828125 0.6531554390625 0.423828125 0.598197375 0.4228515625 0.5960836031250001 0.3974609375 0.5960836031250001 0.396484375 0.598197375 0.396484375 0.6531554390625 0.3994140625 0.659496753125 0.4189453125 0.659496753125
1 0.4267578125 0.655269209375 0.4462890625 0.655269209375 0.447265625 0.6531554390625 0.447265625 0.6024249187499999 0.4443359375 0.5960836031250001 0.4267578125 0.5960836031250001 0.423828125 0.6024249187499999 0.423828125 0.6447003515625 0.42578125 0.6531554390625 0.4267578125 0.655269209375
1 0.4755859375 0.62567640625 0.4765625 0.6235626359374999 0.4765625 0.568604571875 0.4736328125 0.5622632578125 0.4501953125 0.5622632578125 0.447265625 0.568604571875 0.447265625 0.6235626359374999 0.4501953125 0.62990395 0.4755859375 0.62567640625
1 0.4970703125 0.6468141234375 0.5068359375 0.6425865796875 0.509765625 0.6362452656250001 0.5078125 0.581287203125 0.5068359375 0.57917343125 0.4794921875 0.57917343125 0.478515625 0.581287203125 0.478515625 0.6404728078125 0.4814453125 0.6468141234375 0.4970703125 0.6468141234375
1 0.5419921875 0.6468141234375 0.544921875 0.6404728078125 0.544921875 0.6066524624999999 0.5419921875 0.5834009734375 0.5107421875 0.5834009734375 0.509765625 0.5855147453125 0.509765625 0.6447003515625 0.5107421875 0.6468141234375 0.5419921875 0.6468141234375
1 0.5634765625 0.6468141234375 0.56640625 0.6404728078125 0.56640625 0.598197375 0.564453125 0.5897422890625 0.5634765625 0.5876285171875 0.5478515625 0.5876285171875 0.544921875 0.5939698328125 0.544921875 0.6404728078125 0.5478515625 0.6468141234375 0.5634765625 0.6468141234375
1 0.5966796875 0.6468141234375 0.59765625 0.6447003515625 0.59765625 0.5939698328125 0.5947265625 0.5876285171875 0.5693359375 0.5876285171875 0.56640625 0.5939698328125 0.56640625 0.6235626359374999 0.5693359375 0.6468141234375 0.5966796875 0.6468141234375
1 0.6630859375 0.6468141234375 0.666015625 0.6404728078125 0.666015625 0.6108800046875 0.6630859375 0.5876285171875 0.6044921875 0.5876285171875 0.603515625 0.5897422890625 0.603515625 0.6404728078125 0.6064453125 0.6468141234375 0.6630859375 0.6468141234375
1 0.7021484375 0.6425865796875 0.705078125 0.6362452656250001 0.705078125 0.581287203125 0.7041015625 0.57917343125 0.6689453125 0.57917343125 0.666015625 0.5855147453125 0.666015625 0.6404728078125 0.6669921875 0.6425865796875 0.7021484375 0.6425865796875
1 0.7392578125 0.6383590375 0.7421875 0.6320177218749999 0.7421875 0.581287203125 0.7412109375 0.57917343125 0.7060546875 0.57917343125 0.705078125 0.581287203125 0.705078125 0.6362452656250001 0.7060546875 0.6383590375 0.7392578125 0.6383590375
1 0.7763671875 0.6383590375 0.779296875 0.6320177218749999 0.779296875 0.5770596593749999 0.7783203125 0.5749458875 0.7451171875 0.5749458875 0.7421875 0.581287203125 0.7421875 0.6320177218749999 0.7451171875 0.6383590375 0.7763671875 0.6383590375
1 0.7958984375 0.6383590375 0.8037109375 0.63413149375 0.8046875 0.6320177218749999 0.8046875 0.5939698328125 0.802734375 0.5770596593749999 0.8017578125 0.5749458875 0.7822265625 0.5749458875 0.779296875 0.581287203125 0.78125 0.6320177218749999 0.7841796875 0.6383590375 0.7958984375 0.6383590375
1 0.8486328125 0.63413149375 0.8623046875 0.62990395 0.86328125 0.6277901781249999 0.86328125 0.6024249187499999 0.861328125 0.568604571875 0.8603515625 0.5664908015625 0.8056640625 0.5707183437500001 0.8046875 0.572832115625 0.8046875 0.6320177218749999 0.8056640625 0.63413149375 0.8486328125 0.63413149375
1 0.8876953125 0.6214488640625 0.888671875 0.6193350921875 0.888671875 0.5601494859375 0.8876953125 0.5580357140625 0.8642578125 0.5580357140625 0.861328125 0.5643770296875 0.86328125 0.6235626359374999 0.8662109375 0.62567640625 0.8876953125 0.6214488640625
0 0.0478515625 0.8455086578125 0.0771484375 0.8455086578125 0.08203125 0.8349398000000001 0.083984375 0.2134909359375 0.0791015625 0.20714962187500002 0.0634765625 0.198694534375 0.0498046875 0.194466990625 0.0322265625 0.194466990625 0.0263671875 0.202922078125 0.0234375 0.2092633921875 0.0234375 0.226173565625 0.044921875 0.83071225625 0.0478515625 0.8455086578125
0 0.083984375 0.83916734375 0.0888671875 0.8497362015625001 0.1064453125 0.8497362015625001 0.1162109375 0.8455086578125 0.119140625 0.83916734375 0.119140625 0.7546164765625 0.1171875 0.6447003515625 0.10546875 0.251538825 0.103515625 0.234628653125 0.0986328125 0.22405979375 0.0712890625 0.22405979375 0.0654296875 0.23251488125000003 0.064453125 0.234628653125 0.064453125 0.25999391250000004 0.06640625 0.3276346046875 0.083984375 0.83916734375
0 0.123046875 0.8349398000000001 0.1259765625 0.8412811140625 0.1533203125 0.8412811140625 0.1669921875 0.8370535718750001 0.169921875 0.83071225625 0.171875 0.8138020828125001 0.2109375 0.1965807625 0.2080078125 0.1902394484375 0.1962890625 0.17755681875 0.1787109375 0.1648741890625 0.1689453125 0.1606466453125 0.1416015625 0.1564191015625 0.1083984375 0.1648741890625 0.103515625 0.175443046875 0.103515625 0.1923532203125 0.12109375 0.8222571703125 0.123046875 0.8349398000000001
0 0.1767578125 0.8455086578125 0.1962890625 0.8455086578125 0.19921875 0.83916734375 0.19921875 0.801119453125 0.1875 0.226173565625 0.1865234375 0.22405979375 0.1728515625 0.22405979375 0.1591796875 0.2282873375 0.15625 0.234628653125 0.15625 0.25999391250000004 0.171875 0.8349398000000001 0.1767578125 0.8455086578125
0 0.2021484375 0.8455086578125 0.2060546875 0.8497362015625001 0.2119140625 0.8497362015625001 0.2177734375 0.8455086578125 0.220703125 0.83916734375 0.220703125 0.8222571703125 0.20703125 0.24308373906249997 0.2021484375 0.2282873375 0.1923828125 0.22405979375 0.1875 0.23040110937499997 0.185546875 0.2388561953125 0.185546875 0.2769040859375 0.19921875 0.83071225625 0.2021484375 0.8455086578125
0 0.220703125 0.8433948859375 0.2236328125 0.8497362015625001 0.2373046875 0.8497362015625001 0.2431640625 0.8455086578125 0.248046875 0.8349398000000001 0.248046875 0.7672991078125 0.234375 0.226173565625 0.2314453125 0.21983225156250003 0.2255859375 0.2156047078125 0.2099609375 0.21983225156250003 0.205078125 0.23040110937499997 0.205078125 0.234628653125 0.21875 0.8053469968750001 0.220703125 0.8433948859375
0 0.25 0.83071225625 0.2548828125 0.8412811140625 0.2705078125 0.8412811140625 0.2734375 0.8349398000000001 0.275390625 0.8138020828125001 0.275390625 0.7842092796875 0.265625 0.281131628125 0.263671875 0.23040110937499997 0.2626953125 0.2282873375 0.2470703125 0.22405979375 0.2431640625 0.22405979375 0.2373046875 0.2282873375 0.234375 0.234628653125 0.234375 0.289586715625 0.248046875 0.8053469968750001 0.25 0.83071225625
0 0.275390625 0.8433948859375 0.2763671875 0.8455086578125 0.2861328125 0.8455086578125 0.291015625 0.83916734375 0.291015625 0.6996584140625 0.28125 0.29804180156250004 0.27734375 0.2134909359375 0.2744140625 0.20714962187500002 0.2646484375 0.20714962187500002 0.263671875 0.2092633921875 0.263671875 0.25999391250000004 0.271484375 0.6912033281250001 0.275390625 0.8433948859375
0 0.29296875 0.8433948859375 0.3037109375 0.8497362015625001 0.3115234375 0.8497362015625001 0.3173828125 0.8455086578125 0.326171875 0.83071225625 0.322265625 0.21771847968750002 0.3193359375 0.2113771640625 0.3095703125 0.202922078125 0.3037109375 0.202922078125 0.2802734375 0.2113771640625 0.27734375 0.21771847968750002 0.27734375 0.24308373906249997 0.291015625 0.801119453125 0.29296875 0.8433948859375
0 0.328125 0.8264847124999999 0.3310546875 0.832826028125 0.3466796875 0.832826028125 0.349609375 0.8264847124999999 0.349609375 0.7842092796875 0.345703125 0.5559219421875 0.337890625 0.23040110937499997 0.3349609375 0.22405979375 0.3251953125 0.22405979375 0.3173828125 0.2282873375 0.31640625 0.23040110937499997 0.31640625 0.27267654218750004 0.326171875 0.7926643671875 0.328125 0.8264847124999999
0 0.3701171875 0.8370535718750001 0.37109375 0.8349398000000001 0.37109375 0.7630715640625 0.365234375 0.2092633921875 0.3603515625 0.202922078125 0.3447265625 0.202922078125 0.337890625 0.2134909359375 0.3359375 0.226173565625 0.349609375 0.83071225625 0.3525390625 0.8370535718750001 0.3701171875 0.8370535718750001
0 0.3779296875 0.8412811140625 0.3935546875 0.8412811140625 0.3984375 0.8349398000000001 0.3984375 0.77152665 0.396484375 0.6151075484375 0.388671875 0.21771847968750002 0.3837890625 0.2113771640625 0.3759765625 0.2113771640625 0.3662109375 0.2156047078125 0.3623046875 0.21983225156250003 0.361328125 0.2219460234375 0.361328125 0.25576636875 0.373046875 0.8264847124999999 0.3779296875 0.8412811140625
0 0.400390625 0.8349398000000001 0.4033203125 0.8412811140625 0.4248046875 0.8412811140625 0.427734375 0.8264847124999999 0.43359375 0.1965807625 0.4306640625 0.1902394484375 0.4169921875 0.17755681875 0.3935546875 0.17755681875 0.390625 0.1838981328125 0.390625 0.293814259375 0.3984375 0.809574540625 0.400390625 0.8349398000000001
0 0.427734375 0.83071225625 0.4345703125 0.8412811140625 0.4404296875 0.8412811140625 0.44921875 0.8349398000000001 0.44921875 0.6658380687500001 0.439453125 0.2134909359375 0.4365234375 0.202922078125 0.4189453125 0.20714962187500002 0.41796875 0.2092633921875 0.41796875 0.29804180156250004 0.42578125 0.7842092796875 0.427734375 0.83071225625
0 0.4482421875 0.5580357140625 0.4619140625 0.5580357140625 0.4716796875 0.5538081703125 0.474609375 0.54746685625 0.46875 0.175443046875 0.4619140625 0.1648741890625 0.4443359375 0.1648741890625 0.4375 0.1796705890625 0.4375 0.1881256765625 0.4453125 0.54746685625 0.4482421875 0.5580357140625
0 0.48046875 0.8264847124999999 0.4873046875 0.8370535718750001 0.5029296875 0.8370535718750001 0.5087890625 0.832826028125 0.51171875 0.8264847124999999 0.509765625 0.5939698328125 0.50390625 0.2388561953125 0.501953125 0.1923532203125 0.5 0.1838981328125 0.4951171875 0.17755681875 0.4794921875 0.17755681875 0.470703125 0.1965807625 0.470703125 0.28535917187500004 0.478515625 0.77152665 0.48046875 0.8264847124999999
0 0.513671875 0.8264847124999999 0.5166015625 0.832826028125 0.5224609375 0.8370535718750001 0.5341796875 0.8370535718750001 0.5419921875 0.832826028125 0.544921875 0.8264847124999999 0.544921875 0.5939698328125 0.5390625 0.1838981328125 0.5380859375 0.1817843609375 0.5166015625 0.1817843609375 0.50390625 0.1881256765625 0.501953125 0.1965807625 0.501953125 0.2134909359375 0.51171875 0.7926643671875 0.513671875 0.8264847124999999
0 0.5556640625 0.8370535718750001 0.5615234375 0.8370535718750001 0.56640625 0.83071225625 0.56640625 0.6024249187499999 0.560546875 0.226173565625 0.55859375 0.2134909359375 0.5517578125 0.20714962187500002 0.541015625 0.2134909359375 0.5390625 0.234628653125 0.546875 0.8222571703125 0.5498046875 0.832826028125 0.5556640625 0.8370535718750001
0 0.5703125 0.83071225625 0.5791015625 0.8370535718750001 0.5927734375 0.8370535718750001 0.599609375 0.83071225625 0.6015625 0.801119453125 0.591796875 0.1416227 0.58984375 0.112029896875 0.5888671875 0.109916125 0.5654296875 0.109916125 0.560546875 0.12048498437499999 0.560546875 0.21771847968750002 0.568359375 0.77152665 0.5703125 0.83071225625
0 0.5927734375 0 0.591796875 0.002113771875 0.58984375 0.019023945312500002 0.58984375 0.0486167484375 0.6015625 0.8138020828125001 0.603515625 0.8222571703125 0.6083984375 0.832826028125 0.6123046875 0.8370535718750001 0.6630859375 0.8370535718750001 0.666015625 0.83071225625 0.666015625 0.002113771875 0.6650390625 0 0.5927734375 0
0 0.7021484375 0.57917343125 0.705078125 0.572832115625 0.705078125 0.14585024375 0.7021484375 0.139508928125 0.6748046875 0.139508928125 0.6669921875 0.143736471875 0.666015625 0.14585024375 0.666015625 0.572832115625 0.6689453125 0.57917343125 0.7021484375 0.57917343125
0 0.7138671875 0.8412811140625 0.7353515625 0.8412811140625 0.7421875 0.8349398000000001 0.744140625 0.8180296265625 0.7421875 0.14585024375 0.7373046875 0.1352813859375 0.7080078125 0.139508928125 0.705078125 0.14585024375 0.705078125 0.8222571703125 0.70703125 0.83071225625 0.7138671875 0.8412811140625
0 0.7490234375 0.828598484375 0.7529296875 0.832826028125 0.7763671875 0.832826028125 0.78125 0.8222571703125 0.783203125 0.7884368234375 0.779296875 0.1965807625 0.77734375 0.14585024375 0.7763671875 0.143736471875 0.7685546875 0.143736471875 0.7431640625 0.147964015625 0.740234375 0.1543053296875 0.73828125 0.1796705890625 0.73828125 0.20503585000000002 0.744140625 0.8180296265625 0.7490234375 0.828598484375
0 0.7900390625 0.832826028125 0.8037109375 0.832826028125 0.806640625 0.8264847124999999 0.806640625 0.7419338468750001 0.798828125 0.1627604171875 0.7958984375 0.1564191015625 0.7861328125 0.1564191015625 0.779296875 0.1627604171875 0.77734375 0.171215503125 0.77734375 0.25999391250000004 0.783203125 0.8222571703125 0.7900390625 0.832826028125
0 0.80859375 0.7842092796875 0.810546875 0.8180296265625 0.8125 0.8264847124999999 0.8173828125 0.832826028125 0.8583984375 0.832826028125 0.865234375 0.8180296265625 0.865234375 0.6996584140625 0.853515625 0.1543053296875 0.8486328125 0.143736471875 0.8447265625 0.143736471875 0.8017578125 0.1564191015625 0.798828125 0.1627604171875 0.798828125 0.226173565625 0.802734375 0.5601494859375 0.80859375 0.7842092796875
0 0.8671875 0.809574540625 0.8681640625 0.8116883109374999 0.8896484375 0.8116883109374999 0.892578125 0.8053469968750001 0.892578125 0.77575419375 0.890625 0.5939698328125 0.8828125 0.1585328734375 0.880859375 0.13739515625 0.8779296875 0.1310538421875 0.8603515625 0.1310538421875 0.8525390625 0.1352813859375 0.8515625 0.13739515625 0.8515625 0.14585024375 0.865234375 0.7672991078125 0.8671875 0.809574540625