0 0.21744791718749998 0.6640625 0.22135416718749998 0.6591796875 0.22395833281250002 0.6435546875 0.23697916718749998 0.3466796875 0.23697916718749998 0.2626953125 0.234375 0.1962890625 0.23046875 0.193359375 0.1627604171875 0.189453125 0.15625 0.1923828125 0.1536458328125 0.1982421875 0.1510416671875 0.2197265625 0.1380208328125 0.5048828125 0.1354166671875 0.6611328125 0.14453125 0.666015625 0.1809895828125 0.666015625 0.21744791718749998 0.6640625
0 0.35546875 0.67578125 0.38671875 0.669921875 0.3932291671875 0.6650390625 0.3958333328125 0.6552734375 0.40625 0.2470703125 0.3776041671875 0.1533203125 0.3619791671875 0.1103515625 0.3541666671875 0.0966796875 0.3450520828125 0.08984375 0.33203125 0.0859375 0.27734375 0.0859375 0.25390625 0.08984375 0.2421875 0.0986328125 0.23958333281250002 0.1025390625 0.234375 0.1982421875 0.22135416718749998 0.6689453125 0.22786458281250002 0.673828125 0.23828125 0.677734375 0.35546875 0.67578125
0 0.4140625 0.6650390625 0.41796875 0.66796875 0.4518229171875 0.66796875 0.4778645828125 0.666015625 0.4817708328125 0.6630859375 0.4817708328125 0.6416015625 0.4739583328125 0.4970703125 0.4505208328125 0.2685546875 0.4466145828125 0.265625 0.42578125 0.265625 0.3971354171875 0.267578125 0.3958333328125 0.2685546875 0.3932291671875 0.2724609375 0.3932291671875 0.2900390625 0.4114583328125 0.6376953125 0.4140625 0.6650390625
0 0.4921875 0.6630859375 0.4986979171875 0.66796875 0.53515625 0.66796875 0.55078125 0.666015625 0.5546875 0.6630859375 0.5546875 0.6591796875 0.5364583328125 0.4853515625 0.4973958328125 0.1708984375 0.4947916671875 0.1591796875 0.48828125 0.15625 0.44921875 0.15625 0.4427083328125 0.1611328125 0.4427083328125 0.1826171875 0.4895833328125 0.6533203125 0.4921875 0.6630859375
0 0.5364583328125 0.4931640625 0.5598958328125 0.6533203125 0.5625 0.6650390625 0.5716145828125 0.669921875 0.62109375 0.66796875 0.6341145828125 0.666015625 0.6380208328125 0.6630859375 0.6380208328125 0.6533203125 0.6145833328125 0.4794921875 0.5625 0.1376953125 0.5598958328125 0.1318359375 0.5533854171875 0.12890625 0.51171875 0.12890625 0.50390625 0.130859375 0.4973958328125 0.1357421875 0.4973958328125 0.1552734375 0.5 0.1806640625 0.5364583328125 0.4931640625
0 0.640625 0.6494140625 0.6458333328125 0.6650390625 0.65234375 0.671875 0.67578125 0.671875 0.72265625 0.66796875 0.7265625 0.6650390625 0.7265625 0.6474609375 0.6354166671875 0.1357421875 0.62890625 0.12890625 0.5846354171875 0.12890625 0.5703125 0.1318359375 0.5651041671875 0.1396484375 0.5677083328125 0.1708984375 0.6145833328125 0.4912109375 0.640625 0.6494140625
0 0.7291666671875 0.6494140625 0.7369791671875 0.6650390625 0.7434895828125 0.66796875 0.7591145828125 0.671875 0.7877604171875 0.669921875 0.7916666671875 0.6669921875 0.7916666671875 0.6494140625 0.7734375 0.5517578125 0.7239583328125 0.3134765625 0.6927083328125 0.1904296875 0.68359375 0.185546875 0.6731770828125 0.185546875 0.66015625 0.1875 0.6510416671875 0.1923828125 0.6484375 0.1962890625 0.6484375 0.2099609375 0.6510416671875 0.2294921875 0.7291666671875 0.6494140625
1 0.22526041718749998 0.5078125 0.22916666718749998 0.5048828125 0.22916666718749998 0.4638671875 0.22786458281250002 0.462890625 0.1966145828125 0.462890625 0.16015625 0.46484375 0.14453125 0.466796875 0.140625 0.4697265625 0.140625 0.5107421875 0.1419270828125 0.51171875 0.22526041718749998 0.5078125
1 0.4075520828125 0.515625 0.47265625 0.513671875 0.4739583328125 0.5126953125 0.4713541671875 0.4755859375 0.46875 0.4697265625 0.46484375 0.466796875 0.41015625 0.466796875 0.4049479171875 0.46875 0.4036458328125 0.4697265625 0.4036458328125 0.4853515625 0.40625 0.5146484375 0.4075520828125 0.515625
1 0.4830729171875 0.513671875 0.53515625 0.509765625 0.5364583328125 0.5087890625 0.5364583328125 0.4873046875 0.5338541671875 0.4697265625 0.52734375 0.46484375 0.48046875 0.466796875 0.4752604171875 0.46875 0.4739583328125 0.4697265625 0.4739583328125 0.4814453125 0.4765625 0.5068359375 0.4830729171875 0.513671875
1 0.54296875 0.517578125 0.5950520828125 0.515625 0.6158854171875 0.513671875 0.6171875 0.5126953125 0.6171875 0.5009765625 0.6145833328125 0.4833984375 0.6119791671875 0.4716796875 0.6080729171875 0.466796875 0.5559895828125 0.466796875 0.5403645828125 0.46875 0.5364583328125 0.4716796875 0.5364583328125 0.4912109375 0.5390625 0.5107421875 0.54296875 0.517578125
1 0.62109375 0.513671875 0.6940104171875 0.51171875 0.6979166671875 0.5087890625 0.6979166671875 0.4990234375 0.6953125 0.4853515625 0.6901041671875 0.4638671875 0.6888020828125 0.462890625 0.65234375 0.462890625 0.62109375 0.46484375 0.6145833328125 0.4697265625 0.6145833328125 0.4873046875 0.6171875 0.5068359375 0.62109375 0.513671875
1 0.7135416671875 0.5166015625 0.7174479171875 0.51953125 0.7591145828125 0.515625 0.7604166671875 0.5146484375 0.7604166671875 0.5068359375 0.7526041671875 0.4716796875 0.7486979171875 0.46875 0.7252604171875 0.46875 0.70703125 0.470703125 0.7057291671875 0.4716796875 0.7057291671875 0.4873046875 0.7109375 0.5107421875 0.7135416671875 0.5166015625
1 1 0.4482421875 0.9986979171874999 0.447265625 0.9752604171874999 0.447265625 0.94921875 0.44921875 0.94140625 0.451171875 0.9375 0.4541015625 0.9479166671874999 0.4970703125 0.9505208328125001 0.5009765625 0.9518229171874999 0.501953125 0.95703125 0.501953125 0.9986979171874999 0.498046875 1 0.4970703125 1 0.4482421875