0 0.05989583281250001 0.7841796875 0.06510416718749999 0.8037109375 0.07421875 0.8125 0.08463541718749999 0.81640625 0.1158854171875 0.822265625 0.1575520828125 0.826171875 0.18359375 0.822265625 0.1940104171875 0.818359375 0.1979166671875 0.8154296875 0.3645833328125 0.2119140625 0.3645833328125 0.1865234375 0.3619791671875 0.1826171875 0.3502604171875 0.17578125 0.27734375 0.1484375 0.17578125 0.1171875 0.13671875 0.107421875 0.1236979171875 0.10546875 0.1080729171875 0.10546875 0.006510417187500001 0.12109375 0.0026041671875 0.1240234375 0 0.1611328125 0.0026041671875 0.4814453125 0.0078125 0.5146484375 0.05989583281250001 0.7841796875
0 0.1979166671875 0.8017578125 0.203125 0.8212890625 0.22005208281250002 0.830078125 0.23828125 0.833984375 0.2565104171875 0.8359375 0.33984375 0.8359375 0.35546875 0.833984375 0.3658854171875 0.830078125 0.3723958328125 0.8251953125 0.375 0.8212890625 0.375 0.7236328125 0.3697916671875 0.4931640625 0.3619791671875 0.2412109375 0.35546875 0.234375 0.14453125 0.23046875 0.140625 0.2314453125 0.1380208328125 0.2353515625 0.1380208328125 0.2783203125 0.1927083328125 0.7607421875 0.1979166671875 0.8017578125
0 0.3802083328125 0.8271484375 0.3893229171875 0.833984375 0.3997395828125 0.8359375 0.44921875 0.8359375 0.4635416671875 0.8251953125 0.46875 0.8193359375 0.4713541671875 0.8115234375 0.4791666671875 0.2177734375 0.4752604171875 0.21484375 0.3763020828125 0.21484375 0.3684895828125 0.216796875 0.3645833328125 0.2197265625 0.3619791671875 0.2314453125 0.3619791671875 0.2626953125 0.3776041671875 0.8193359375 0.3802083328125 0.8271484375
0 0.48828125 0.8359375 0.5143229171875 0.841796875 0.53515625 0.84375 0.5533854171875 0.84375 0.5638020828125 0.841796875 0.57421875 0.837890625 0.58203125 0.833984375 0.5963541671875 0.8232421875 0.5989583328125 0.8193359375 0.6015625 0.8037109375 0.6380208328125 0.2255859375 0.6341145828125 0.21875 0.6184895828125 0.216796875 0.4934895828125 0.216796875 0.484375 0.2197265625 0.4817708328125 0.2236328125 0.4791666671875 0.2470703125 0.4765625 0.3955078125 0.4739583328125 0.6044921875 0.4739583328125 0.7587890625 0.4765625 0.8232421875 0.48828125 0.8359375
0 0.6341145828125 0.841796875 0.6705729171875 0.841796875 0.6796875 0.8349609375 0.6822916671875 0.8271484375 0.6927083328125 0.7529296875 0.7630208328125 0.1689453125 0.7630208328125 0.1513671875 0.7565104171875 0.14453125 0.65234375 0.14453125 0.6458333328125 0.1494140625 0.6432291671875 0.1572265625 0.609375 0.6591796875 0.6015625 0.8291015625 0.60546875 0.833984375 0.6158854171875 0.837890625 0.6341145828125 0.841796875
0 0.71484375 0.84375 0.7565104171875 0.84765625 0.76953125 0.84765625 0.7825520828125 0.845703125 0.7890625 0.8388671875 0.9010416671874999 0.2529296875 0.9088541671874999 0.1962890625 0.9088541671874999 0.1806640625 0.9049479171874999 0.17578125 0.77734375 0.173828125 0.76953125 0.17578125 0.765625 0.1806640625 0.7604166671875 0.1962890625 0.7552083328125 0.2255859375 0.7161458328125 0.5458984375 0.6848958328125 0.8173828125 0.6848958328125 0.8349609375 0.6940104171875 0.83984375 0.71484375 0.84375
1 0.0364583328125 0.6611328125 0.04296875 0.666015625 0.1184895828125 0.671875 0.1705729171875 0.671875 0.1783854171875 0.669921875 0.1822916671875 0.6669921875 0.1796875 0.6279296875 0.17578125 0.6171875 0.0299479171875 0.615234375 0.0286458328125 0.6162109375 0.0286458328125 0.6220703125 0.0338541671875 0.6513671875 0.0364583328125 0.6611328125
1 0.1888020828125 0.673828125 0.20703125 0.677734375 0.24869791718749998 0.681640625 0.3346354171875 0.681640625 0.3450520828125 0.6796875 0.3515625 0.6748046875 0.3515625 0.6337890625 0.34765625 0.626953125 0.18359375 0.62109375 0.1796875 0.6240234375 0.1796875 0.6318359375 0.1848958328125 0.6708984375 0.1888020828125 0.673828125
1 0.3763020828125 0.677734375 0.3997395828125 0.681640625 0.4361979171875 0.681640625 0.4622395828125 0.677734375 0.4713541671875 0.6728515625 0.4739583328125 0.6435546875 0.4739583328125 0.6240234375 0.4700520828125 0.62109375 0.3763020828125 0.623046875 0.3723958328125 0.6259765625 0.3723958328125 0.6630859375 0.375 0.6767578125 0.3763020828125 0.677734375
1 0.4908854171875 0.681640625 0.5091145828125 0.68359375 0.57421875 0.68359375 0.5950520828125 0.6796875 0.6002604171875 0.677734375 0.6067708328125 0.6728515625 0.609375 0.6650390625 0.6119791671875 0.6318359375 0.6119791671875 0.6240234375 0.6080729171875 0.62109375 0.4752604171875 0.623046875 0.4739583328125 0.6240234375 0.4739583328125 0.6767578125 0.4752604171875 0.677734375 0.4908854171875 0.681640625
1 0.6940104171875 0.68359375 0.7005208328125 0.6787109375 0.7057291671875 0.6396484375 0.7057291671875 0.6298828125 0.7018229171875 0.626953125 0.6184895828125 0.62109375 0.6158854171875 0.62109375 0.6119791671875 0.6240234375 0.609375 0.6728515625 0.6158854171875 0.677734375 0.66015625 0.68359375 0.6940104171875 0.68359375
1 0.7122395828125 0.6796875 0.7513020828125 0.68359375 0.78515625 0.685546875 0.8138020828125001 0.685546875 0.8151041671874999 0.6845703125 0.8203125 0.6708984375 0.8255208328125001 0.6474609375 0.8255208328125001 0.6298828125 0.82421875 0.62890625 0.7096354171875 0.62109375 0.7057291671875 0.6337890625 0.703125 0.6572265625 0.703125 0.6767578125 0.7044270828125 0.677734375 0.7122395828125 0.6796875