0 0 0.7509765625 0.0013020828125 0.751953125 0.01171875 0.751953125 0.0377604171875 0.75 0.05078125 0.74609375 0.0546875 0.7431640625 0.0546875 0.0888671875 0.0455729171875 0.08203125 0.0377604171875 0.080078125 0.0221354171875 0.078125 0.0013020828125 0.078125 0 0.0791015625 0 0.7509765625
0 0.07682291718749999 0.755859375 0.1106770828125 0.755859375 0.1419270828125 0.75390625 0.17578125 0.75 0.1822916671875 0.7451171875 0.1848958328125 0.7216796875 0.22395833281250002 0.0908203125 0.21354166718749998 0.0673828125 0.20052083281250002 0.0478515625 0.1901041671875 0.0361328125 0.18359375 0.03125 0.1783854171875 0.029296875 0.16015625 0.025390625 0.12890625 0.021484375 0.09244791718749999 0.021484375 0.07421875 0.025390625 0.06380208281250001 0.029296875 0.05989583281250001 0.0341796875 0.05729166718749999 0.2587890625 0.05729166718749999 0.7470703125 0.06640625 0.75390625 0.07682291718749999 0.755859375
0 0.1940104171875 0.75 0.23046875 0.75 0.23697916718749998 0.7470703125 0.23958333281250002 0.7412109375 0.23958333281250002 0.4716796875 0.23697916718749998 0.1123046875 0.234375 0.1083984375 0.22786458281250002 0.10546875 0.20442708281250002 0.1015625 0.1940104171875 0.103515625 0.1901041671875 0.1064453125 0.1875 0.2216796875 0.1848958328125 0.3505859375 0.1848958328125 0.5849609375 0.1875 0.7431640625 0.1940104171875 0.75
0 0.24348958281250002 0.74609375 0.25390625 0.75 0.27734375 0.75 0.30078125 0.748046875 0.3059895828125 0.74609375 0.3125 0.7392578125 0.3125 0.4951171875 0.3098958328125 0.1865234375 0.3072916671875 0.0693359375 0.30078125 0.064453125 0.2877604171875 0.060546875 0.24869791718749998 0.060546875 0.23958333281250002 0.0654296875 0.23697916718749998 0.1357421875 0.23697916718749998 0.3720703125 0.23958333281250002 0.7431640625 0.24348958281250002 0.74609375
0 0.3190104171875 0.748046875 0.37109375 0.748046875 0.3776041671875 0.7412109375 0.3776041671875 0.3583984375 0.375 0.1455078125 0.3723958328125 0.1201171875 0.3684895828125 0.1171875 0.35546875 0.115234375 0.3138020828125 0.115234375 0.3098958328125 0.1181640625 0.3125 0.7392578125 0.3151041671875 0.7451171875 0.3190104171875 0.748046875
0 0.3893229171875 0.751953125 0.46484375 0.75 0.4739583328125 0.7451171875 0.4739583328125 0.6923828125 0.4713541671875 0.5400390625 0.4583333328125 0.0966796875 0.4518229171875 0.08984375 0.3893229171875 0.083984375 0.3841145828125 0.083984375 0.37890625 0.0859375 0.3776041671875 0.0869140625 0.3776041671875 0.2724609375 0.3802083328125 0.7470703125 0.3893229171875 0.751953125
0 0.4739583328125 0.7177734375 0.4765625 0.7470703125 0.48046875 0.75 0.5533854171875 0.75 0.5625 0.7470703125 0.5651041671875 0.7392578125 0.5651041671875 0.6865234375 0.5520833328125 0.0576171875 0.5494791671875 0.0498046875 0.54296875 0.044921875 0.5247395828125 0.041015625 0.4674479171875 0.037109375 0.4609375 0.0419921875 0.4583333328125 0.0478515625 0.4557291671875 0.0556640625 0.4557291671875 0.0830078125 0.4713541671875 0.6474609375 0.4739583328125 0.7177734375
0 0.5716145828125 0.748046875 0.6002604171875 0.75 0.6236979171875 0.75 0.6471354171875 0.748046875 0.6614583328125 0.7431640625 0.6614583328125 0.5986328125 0.6510416671875 0.0791015625 0.6484375 0.0615234375 0.6419270828125 0.0546875 0.62109375 0.05078125 0.5872395828125 0.048828125 0.5638020828125 0.048828125 0.5572916671875 0.0517578125 0.5546875 0.0556640625 0.5546875 0.1767578125 0.5651041671875 0.7412109375 0.5716145828125 0.748046875
0 0.6640625 0.7392578125 0.66796875 0.7421875 0.7096354171875 0.7421875 0.7174479171875 0.740234375 0.7213541671875 0.7373046875 0.7213541671875 0.6669921875 0.7083333328125 0.0791015625 0.69921875 0.072265625 0.69140625 0.0703125 0.6783854171875 0.068359375 0.65234375 0.068359375 0.6510416671875 0.0693359375 0.6510416671875 0.1494140625 0.6588541671875 0.5673828125 0.6640625 0.7392578125
0 0.7239583328125 0.6982421875 0.7265625 0.7353515625 0.7291666671875 0.7412109375 0.73828125 0.748046875 0.76953125 0.748046875 0.7760416671875 0.7451171875 0.7760416671875 0.7001953125 0.7552083328125 0.1884765625 0.7526041671875 0.1708984375 0.75 0.1630859375 0.74609375 0.16015625 0.7278645828125 0.16015625 0.7161458328125 0.1689453125 0.7135416671875 0.1728515625 0.7135416671875 0.3232421875 0.7161458328125 0.4580078125 0.7239583328125 0.6982421875
0 0.7786458328125 0.7470703125 0.78515625 0.751953125 0.8033854171874999 0.7578125 0.82421875 0.7578125 0.8307291671874999 0.7431640625 0.8307291671874999 0.7236328125 0.8177083328125001 0.1298828125 0.7903645828125 0.115234375 0.7799479171875 0.115234375 0.7591145828125 0.119140625 0.7408854171875 0.12890625 0.7369791671875 0.1318359375 0.7369791671875 0.1357421875 0.7760416671875 0.7392578125 0.7786458328125 0.7470703125
0 0.8971354171874999 0.7421875 0.90625 0.7373046875 0.90625 0.6884765625 0.890625 0.3603515625 0.8776041671874999 0.1142578125 0.875 0.0966796875 0.8658854171874999 0.091796875 0.8502604171874999 0.087890625 0.83984375 0.0859375 0.8138020828125001 0.083984375 0.80078125 0.0859375 0.7955729171875 0.087890625 0.7734375 0.1044921875 0.7708333328125 0.1103515625 0.8307291671874999 0.7373046875 0.8346354171874999 0.7421875 0.8971354171874999 0.7421875
0 0.9153645828125001 0.744140625 0.9309895828125001 0.744140625 0.9388020828125001 0.7421875 0.9427083328125001 0.7392578125 0.9427083328125001 0.6689453125 0.9296875 0.3818359375 0.9140625 0.0947265625 0.9075520828125001 0.087890625 0.8997395828125001 0.0859375 0.8893229171874999 0.0859375 0.8802083328125001 0.0908203125 0.8776041671874999 0.0947265625 0.8776041671874999 0.1298828125 0.9088541671874999 0.7412109375 0.9153645828125001 0.744140625
0 1 0.1630859375 0.99609375 0.15625 0.9856770828125001 0.154296875 0.9596354171874999 0.154296875 0.92578125 0.15625 0.9192708328125001 0.1611328125 0.9192708328125001 0.2177734375 0.9427083328125001 0.7353515625 0.9453125 0.7412109375 0.94921875 0.744140625 0.9622395828125001 0.748046875 0.99609375 0.748046875 1 0.7451171875 1 0.1630859375
1 0.11328125 0.544921875 0.18359375 0.54296875 0.1848958328125 0.5419921875 0.1848958328125 0.4833984375 0.1809895828125 0.48046875 0.1731770828125 0.478515625 0.05859375 0.48046875 0.05729166718749999 0.4814453125 0.05729166718749999 0.5419921875 0.06119791718749999 0.544921875 0.11328125 0.544921875
1 0.23828125 0.548828125 0.23958333281250002 0.5478515625 0.23958333281250002 0.4892578125 0.23567708281250002 0.486328125 0.1861979171875 0.486328125 0.1848958328125 0.4873046875 0.1848958328125 0.5458984375 0.1888020828125 0.548828125 0.23828125 0.548828125
1 0.30859375 0.55078125 0.3125 0.5458984375 0.3125 0.4931640625 0.3098958328125 0.4892578125 0.30859375 0.48828125 0.24348958281250002 0.48828125 0.23958333281250002 0.4912109375 0.23958333281250002 0.5478515625 0.24348958281250002 0.55078125 0.30859375 0.55078125
1 0.3763020828125 0.55078125 0.3776041671875 0.5498046875 0.3776041671875 0.4912109375 0.3763020828125 0.490234375 0.31640625 0.490234375 0.3125 0.4931640625 0.3125 0.5498046875 0.3138020828125 0.55078125 0.3763020828125 0.55078125
1 0.46484375 0.5546875 0.4713541671875 0.5517578125 0.4713541671875 0.5263671875 0.46875 0.4951171875 0.46484375 0.4921875 0.3815104171875 0.4921875 0.3802083328125 0.4931640625 0.3802083328125 0.5517578125 0.3841145828125 0.5546875 0.46484375 0.5546875
1 0.5143229171875 0.5546875 0.55859375 0.552734375 0.5625 0.5498046875 0.5625 0.5166015625 0.5598958328125 0.4951171875 0.5559895828125 0.4921875 0.5091145828125 0.4921875 0.47265625 0.494140625 0.4713541671875 0.4951171875 0.46875 0.4990234375 0.4713541671875 0.5517578125 0.4752604171875 0.5546875 0.5143229171875 0.5546875
1 0.6575520828125 0.556640625 0.6588541671875 0.5556640625 0.6588541671875 0.5009765625 0.65234375 0.494140625 0.5638020828125 0.498046875 0.5625 0.4990234375 0.5625 0.5556640625 0.5638020828125 0.556640625 0.6575520828125 0.556640625
1 0.71484375 0.55859375 0.7161458328125 0.5576171875 0.7161458328125 0.5029296875 0.71484375 0.501953125 0.6627604171875 0.5 0.6588541671875 0.5029296875 0.6588541671875 0.5576171875 0.66015625 0.55859375 0.71484375 0.55859375
1 0.7721354171875 0.55859375 0.81640625 0.55859375 0.8203125 0.5556640625 0.8177083328125001 0.5009765625 0.81640625 0.5 0.7955729171875 0.498046875 0.7799479171875 0.498046875 0.76953125 0.5 0.7682291671875 0.5009765625 0.7682291671875 0.5283203125 0.7708333328125 0.5576171875 0.7721354171875 0.55859375
1 0.76953125 0.55859375 0.7708333328125 0.5576171875 0.7708333328125 0.5458984375 0.7682291671875 0.5009765625 0.7669270828125 0.5 0.7278645828125 0.5 0.72265625 0.501953125 0.7213541671875 0.5029296875 0.7213541671875 0.5556640625 0.7252604171875 0.55859375 0.76953125 0.55859375
1 0.8216145828125001 0.556640625 0.8971354171874999 0.556640625 0.8984375 0.5556640625 0.8984375 0.5185546875 0.8958333328125001 0.5009765625 0.89453125 0.5 0.8658854171874999 0.498046875 0.8190104171874999 0.5 0.8177083328125001 0.5009765625 0.8177083328125001 0.5283203125 0.8203125 0.5556640625 0.8216145828125001 0.556640625
1 0.9348958328125001 0.5810546875 0.9348958328125001 0.5771484375 0.93359375 0.576171875 0.9075520828125001 0.578125 0.90625 0.5791015625 0.9075520828125001 0.580078125 0.93359375 0.58203125 0.9348958328125001 0.5810546875
1 0.9049479171874999 0.564453125 0.93359375 0.564453125 0.9348958328125001 0.5634765625 0.9348958328125001 0.5087890625 0.9283854171874999 0.50390625 0.8997395828125001 0.505859375 0.8984375 0.5068359375 0.8984375 0.5498046875 0.9010416671874999 0.5615234375 0.9049479171874999 0.564453125
1 1 0.5048828125 0.9986979171874999 0.50390625 0.9674479171874999 0.50390625 0.9361979171874999 0.505859375 0.9348958328125001 0.5068359375 0.9348958328125001 0.5517578125 0.9375 0.5615234375 0.9388020828125001 0.5625 0.9986979171874999 0.5625 1 0.5615234375 1 0.5048828125