0 0.2890625 0.8388671875 0.2955729171875 0.841796875 0.3138020828125 0.841796875 0.3216145828125 0.83984375 0.328125 0.8349609375 0.328125 0.8212890625 0.296875 0.5029296875 0.2760416671875 0.3291015625 0.2734375 0.3251953125 0.2643229171875 0.3203125 0.24869791718749998 0.3203125 0.22786458281250002 0.322265625 0.1966145828125 0.330078125 0.1875 0.3369140625 0.1875 0.3427734375 0.2864583328125 0.8330078125 0.2890625 0.8388671875
0 0.3307291671875 0.8349609375 0.33984375 0.83984375 0.3736979171875 0.83984375 0.3971354171875 0.833984375 0.4036458328125 0.8291015625 0.40625 0.8251953125 0.40625 0.7666015625 0.390625 0.3154296875 0.38671875 0.3125 0.27734375 0.30859375 0.2734375 0.3115234375 0.2734375 0.3193359375 0.328125 0.8271484375 0.3307291671875 0.8349609375
0 0.4114583328125 0.8232421875 0.4140625 0.8271484375 0.4205729171875 0.83203125 0.42578125 0.833984375 0.4440104171875 0.833984375 0.45703125 0.83203125 0.4609375 0.8291015625 0.4505208328125 0.3564453125 0.4479166671875 0.3427734375 0.4440104171875 0.33984375 0.4231770828125 0.33984375 0.4075520828125 0.341796875 0.3984375 0.3466796875 0.3958333328125 0.3525390625 0.3932291671875 0.3603515625 0.3932291671875 0.3955078125 0.4036458328125 0.7138671875 0.4114583328125 0.8232421875
0 0.47265625 0.833984375 0.4908854171875 0.833984375 0.5221354171875 0.828125 0.5260416671875 0.8251953125 0.5286458328125 0.8154296875 0.5338541671875 0.4716796875 0.5338541671875 0.3173828125 0.52734375 0.314453125 0.4674479171875 0.314453125 0.40234375 0.31640625 0.4010416671875 0.3173828125 0.3984375 0.3212890625 0.3984375 0.3251953125 0.4635416671875 0.8271484375 0.47265625 0.833984375
0 0.58203125 0.828125 0.6419270828125 0.822265625 0.65234375 0.8203125 0.65625 0.8173828125 0.6588541671875 0.8115234375 0.7005208328125 0.2607421875 0.6966145828125 0.2578125 0.6888020828125 0.255859375 0.5403645828125 0.25390625 0.5169270828125 0.2578125 0.4830729171875 0.267578125 0.46875 0.2744140625 0.4661458328125 0.2841796875 0.53125 0.8251953125 0.53515625 0.828125 0.58203125 0.828125
0 0.70703125 0.8203125 0.7135416671875 0.8134765625 0.7161458328125 0.8017578125 0.7630208328125 0.3740234375 0.7630208328125 0.3662109375 0.7565104171875 0.361328125 0.7408854171875 0.359375 0.6966145828125 0.357421875 0.6927083328125 0.3603515625 0.671875 0.6201171875 0.6640625 0.7529296875 0.6614583328125 0.8212890625 0.66796875 0.82421875 0.68359375 0.82421875 0.70703125 0.8203125
0 0.7838541671875 0.6533203125 0.7864583328125 0.6396484375 0.8098958328125001 0.4208984375 0.8098958328125001 0.3994140625 0.7955729171875 0.39453125 0.7721354171875 0.390625 0.7591145828125 0.390625 0.7578125 0.3916015625 0.7395833328125 0.5595703125 0.7317708328125 0.6533203125 0.7356770828125 0.65625 0.7825520828125 0.654296875 0.7838541671875 0.6533203125
0 0.7955729171875 0.810546875 0.8268229171874999 0.806640625 0.83203125 0.8046875 0.8359375 0.7998046875 0.8802083328125001 0.4443359375 0.8828125 0.4091796875 0.87890625 0.40625 0.8216145828125001 0.3984375 0.8138020828125001 0.3984375 0.8125 0.3994140625 0.8020833328125001 0.4775390625 0.7708333328125 0.7646484375 0.7708333328125 0.8056640625 0.78515625 0.810546875 0.7955729171875 0.810546875
0 0.84765625 0.802734375 0.87109375 0.802734375 0.8841145828125001 0.80078125 0.8958333328125001 0.7958984375 0.9010416671874999 0.7724609375 0.953125 0.4072265625 0.9557291671874999 0.3837890625 0.9557291671874999 0.3603515625 0.9505208328125001 0.3525390625 0.9466145828125001 0.349609375 0.9388020828125001 0.34765625 0.8216145828125001 0.34375 0.7486979171875 0.34375 0.7473958328125 0.3466796875 0.8359375 0.7958984375 0.83984375 0.80078125 0.84765625 0.802734375
0 1 0.3740234375 0.99609375 0.37109375 0.98828125 0.369140625 0.9596354171874999 0.369140625 0.9557291671874999 0.3720703125 0.9010416671874999 0.7587890625 0.8984375 0.7802734375 0.8984375 0.7958984375 0.9075520828125001 0.80078125 0.9361979171874999 0.80078125 0.94921875 0.796875 0.953125 0.7919921875 0.9973958328125001 0.5166015625 1 0.4931640625 1 0.3740234375
1 0.2760416671875 0.7177734375 0.27734375 0.71875 0.2877604171875 0.71875 0.30859375 0.716796875 0.3151041671875 0.7119140625 0.3151041671875 0.6943359375 0.3125 0.6728515625 0.30859375 0.669921875 0.2721354171875 0.673828125 0.2708333328125 0.6748046875 0.2708333328125 0.6884765625 0.2734375 0.7119140625 0.2760416671875 0.7177734375
1 0.3658854171875 0.708984375 0.39453125 0.705078125 0.4010416671875 0.7021484375 0.4010416671875 0.6591796875 0.3997395828125 0.658203125 0.31640625 0.666015625 0.3151041671875 0.6669921875 0.3151041671875 0.7001953125 0.3190104171875 0.708984375 0.3658854171875 0.708984375
1 0.4153645828125 0.708984375 0.43359375 0.708984375 0.4544270828125 0.70703125 0.4583333328125 0.7041015625 0.4583333328125 0.6865234375 0.4557291671875 0.6630859375 0.4544270828125 0.662109375 0.4049479171875 0.662109375 0.4036458328125 0.6630859375 0.4036458328125 0.7021484375 0.41015625 0.70703125 0.4153645828125 0.708984375
1 0.4700520828125 0.712890625 0.4856770828125 0.712890625 0.5221354171875 0.70703125 0.5286458328125 0.7041015625 0.53125 0.6904296875 0.53125 0.6650390625 0.5299479171875 0.6640625 0.5065104171875 0.6640625 0.4622395828125 0.66796875 0.4609375 0.6689453125 0.4583333328125 0.6748046875 0.4609375 0.7080078125 0.46484375 0.7109375 0.4700520828125 0.712890625
1 0.6341145828125 0.6953125 0.6549479171875 0.693359375 0.6627604171875 0.69140625 0.6666666671875 0.6884765625 0.6692708328125 0.6513671875 0.6653645828125 0.6484375 0.5403645828125 0.65234375 0.5364583328125 0.6552734375 0.5364583328125 0.6923828125 0.5403645828125 0.6953125 0.6341145828125 0.6953125
1 0.70703125 0.703125 0.7200520828125 0.701171875 0.7265625 0.6962890625 0.7291666671875 0.6748046875 0.7291666671875 0.6591796875 0.7278645828125 0.658203125 0.6731770828125 0.658203125 0.6692708328125 0.6611328125 0.6692708328125 0.6982421875 0.67578125 0.703125 0.70703125 0.703125
1 0.7513020828125 0.697265625 0.77734375 0.6953125 0.78125 0.6904296875 0.7838541671875 0.6708984375 0.7838541671875 0.6552734375 0.7825520828125 0.654296875 0.75390625 0.654296875 0.73046875 0.65625 0.7291666671875 0.6572265625 0.7265625 0.6787109375 0.7265625 0.6943359375 0.7330729171875 0.697265625 0.7513020828125 0.697265625
1 0.7877604171875 0.693359375 0.80859375 0.693359375 0.84765625 0.689453125 0.8489583328125001 0.6884765625 0.8515625 0.6611328125 0.8515625 0.6513671875 0.8502604171874999 0.650390625 0.7877604171875 0.650390625 0.7838541671875 0.6552734375 0.78125 0.6767578125 0.78125 0.6904296875 0.7825520828125 0.69140625 0.7877604171875 0.693359375
1 0.8971354171874999 0.68359375 0.9114583328125001 0.6806640625 0.9140625 0.6748046875 0.9166666671874999 0.6552734375 0.9166666671874999 0.6416015625 0.9153645828125001 0.640625 0.85546875 0.642578125 0.8515625 0.6552734375 0.8489583328125001 0.6689453125 0.8489583328125001 0.6787109375 0.85546875 0.68359375 0.8971354171874999 0.68359375
1 0.9518229171874999 0.685546875 0.96484375 0.68359375 0.96875 0.6806640625 0.9739583328125001 0.6552734375 0.9739583328125001 0.6435546875 0.9700520828125001 0.642578125 0.9205729171874999 0.64453125 0.9166666671874999 0.6474609375 0.9140625 0.6591796875 0.9114583328125001 0.6806640625 0.9153645828125001 0.68359375 0.9231770828125001 0.685546875 0.9518229171874999 0.685546875