0 0.07291666718749999 0.7939453125 0.09114583281250001 0.8759765625 0.09375 0.8818359375 0.1002604171875 0.88671875 0.1106770828125 0.888671875 0.1341145828125 0.888671875 0.1393229171875 0.88671875 0.1458333328125 0.8818359375 0.1484375 0.8779296875 0.1484375 0.8681640625 0.1119791671875 0.6572265625 0.08333333281250001 0.5068359375 0.078125 0.4951171875 0.07161458281250001 0.48828125 0.06380208281250001 0.48828125 0.04296875 0.494140625 0.0208333328125 0.5048828125 0.0182291671875 0.5087890625 0.0182291671875 0.5205078125 0.0234375 0.5517578125 0.07291666718749999 0.7939453125
0 0.1549479171875 0.876953125 0.16796875 0.876953125 0.1744791671875 0.8740234375 0.1744791671875 0.8505859375 0.1666666671875 0.7958984375 0.1640625 0.7861328125 0.16015625 0.78125 0.1393229171875 0.78125 0.1354166671875 0.7841796875 0.1354166671875 0.7958984375 0.1484375 0.8740234375 0.1549479171875 0.876953125
0 0.12890625 0.751953125 0.14453125 0.75390625 0.15625 0.7509765625 0.2552083328125 0.3857421875 0.2552083328125 0.3720703125 0.25390625 0.37109375 0.23307291718749998 0.369140625 0.20442708281250002 0.373046875 0.16015625 0.384765625 0.08984375 0.408203125 0.07421875 0.4140625 0.0703125 0.4169921875 0.06770833281250001 0.4228515625 0.0703125 0.4384765625 0.125 0.7412109375 0.12890625 0.751953125
0 0.1783854171875 0.875 0.18359375 0.876953125 0.1966145828125 0.876953125 0.203125 0.8720703125 0.203125 0.8564453125 0.1484375 0.4892578125 0.1419270828125 0.478515625 0.1341145828125 0.478515625 0.1236979171875 0.482421875 0.1197916671875 0.4853515625 0.1171875 0.4892578125 0.1171875 0.5009765625 0.1744791671875 0.8642578125 0.1783854171875 0.875
0 0.20963541718749998 0.873046875 0.22526041718749998 0.875 0.23828125 0.875 0.24609375 0.873046875 0.25 0.8701171875 0.2604166671875 0.4306640625 0.22786458281250002 0.412109375 0.22526041718749998 0.412109375 0.1627604171875 0.431640625 0.15234375 0.435546875 0.1458333328125 0.4404296875 0.1432291671875 0.4462890625 0.1614583328125 0.5849609375 0.203125 0.8662109375 0.20963541718749998 0.873046875
0 0.2526041671875 0.8720703125 0.2591145828125 0.876953125 0.2877604171875 0.876953125 0.2916666671875 0.8740234375 0.2916666671875 0.8349609375 0.2760416671875 0.5830078125 0.2682291671875 0.5009765625 0.2604166671875 0.4775390625 0.2552083328125 0.4697265625 0.24869791718749998 0.46484375 0.23567708281250002 0.46875 0.2265625 0.4755859375 0.22135416718749998 0.4833984375 0.22135416718749998 0.5244140625 0.2421875 0.7763671875 0.2526041671875 0.8720703125
0 0.30078125 0.884765625 0.31640625 0.88671875 0.33203125 0.88671875 0.34765625 0.884765625 0.3528645828125 0.8828125 0.3567708328125 0.8798828125 0.359375 0.8740234375 0.421875 0.3779296875 0.41015625 0.373046875 0.39453125 0.369140625 0.3893229171875 0.369140625 0.37890625 0.373046875 0.2721354171875 0.427734375 0.265625 0.4326171875 0.265625 0.4697265625 0.2942708328125 0.8798828125 0.30078125 0.884765625
0 0.3776041671875 0.8857421875 0.3815104171875 0.888671875 0.3919270828125 0.892578125 0.4440104171875 0.892578125 0.4505208328125 0.8876953125 0.453125 0.8779296875 0.4557291671875 0.8505859375 0.4895833328125 0.3759765625 0.4778645828125 0.3671875 0.4622395828125 0.3671875 0.45703125 0.369140625 0.3697916671875 0.4306640625 0.3671875 0.4482421875 0.3697916671875 0.8056640625 0.3723958328125 0.8759765625 0.3776041671875 0.8857421875
0 0.4765625 0.8779296875 0.4791666671875 0.8681640625 0.5833333328125 0.3349609375 0.5833333328125 0.3330078125 0.5794270828125 0.330078125 0.57421875 0.328125 0.5611979171875 0.326171875 0.5481770828125 0.328125 0.5442708328125 0.3310546875 0.4765625 0.3916015625 0.4557291671875 0.8193359375 0.453125 0.8779296875 0.4622395828125 0.8828125 0.4700520828125 0.8828125 0.4765625 0.8779296875
0 0.5221354171875 0.890625 0.53125 0.8857421875 0.5338541671875 0.8798828125 0.5989583328125 0.4013671875 0.5989583328125 0.3916015625 0.58203125 0.3828125 0.5638020828125 0.3828125 0.5520833328125 0.3916015625 0.5026041671875 0.4521484375 0.5 0.4697265625 0.4817708328125 0.8037109375 0.4791666671875 0.8857421875 0.4830729171875 0.888671875 0.5065104171875 0.892578125 0.5221354171875 0.890625
0 0.5716145828125 0.880859375 0.58203125 0.87890625 0.5885416671875 0.8740234375 0.5911458328125 0.8681640625 0.59375 0.8544921875 0.6380208328125 0.5107421875 0.6432291671875 0.4521484375 0.6432291671875 0.4326171875 0.6315104171875 0.423828125 0.6184895828125 0.423828125 0.6028645828125 0.42578125 0.5963541671875 0.4306640625 0.5807291671875 0.4619140625 0.5729166671875 0.4931640625 0.5416666671875 0.8017578125 0.5364583328125 0.8740234375 0.54296875 0.87890625 0.55859375 0.880859375 0.5716145828125 0.880859375
0 0.59765625 0.90625 0.6106770828125 0.908203125 0.62890625 0.908203125 0.6328125 0.9052734375 0.6354166671875 0.8994140625 0.6432291671875 0.8642578125 0.6614583328125 0.7607421875 0.7057291671875 0.4775390625 0.7057291671875 0.4580078125 0.703125 0.4384765625 0.7005208328125 0.4208984375 0.6953125 0.4033203125 0.68359375 0.39453125 0.67578125 0.392578125 0.66015625 0.392578125 0.65625 0.3974609375 0.6432291671875 0.4716796875 0.6171875 0.6611328125 0.5885416671875 0.8779296875 0.5885416671875 0.8974609375 0.5911458328125 0.9013671875 0.59765625 0.90625
0 0.6549479171875 0.9140625 0.68359375 0.9140625 0.6875 0.9111328125 0.6927083328125 0.8974609375 0.7786458328125 0.5146484375 0.7786458328125 0.4970703125 0.765625 0.4697265625 0.7578125 0.4580078125 0.7486979171875 0.451171875 0.7434895828125 0.44921875 0.7122395828125 0.447265625 0.7057291671875 0.4501953125 0.6536458328125 0.8037109375 0.6432291671875 0.8798828125 0.6432291671875 0.9072265625 0.6497395828125 0.912109375 0.6549479171875 0.9140625
0 0.7096354171875 0.9140625 0.74609375 0.9140625 0.75 0.9111328125 0.796875 0.6650390625 0.796875 0.6513671875 0.78125 0.6005859375 0.7760416671875 0.5888671875 0.76953125 0.583984375 0.76171875 0.583984375 0.7578125 0.5888671875 0.7447916671875 0.6396484375 0.6953125 0.8798828125 0.6927083328125 0.8935546875 0.6927083328125 0.9091796875 0.6966145828125 0.912109375 0.7096354171875 0.9140625
0 0.7669270828125 0.92578125 0.7903645828125 0.9296875 0.80859375 0.9296875 0.82421875 0.927734375 0.8307291671874999 0.9228515625 0.8333333328125001 0.9169921875 0.9557291671874999 0.4931640625 0.9557291671874999 0.4853515625 0.9479166671874999 0.4736328125 0.87109375 0.39453125 0.86328125 0.392578125 0.8528645828125001 0.392578125 0.81640625 0.3984375 0.8059895828125001 0.40234375 0.7994791671875 0.4091796875 0.75 0.8974609375 0.75 0.9111328125 0.7552083328125 0.9208984375 0.7669270828125 0.92578125
0 1 0.4150390625 0.9947916671874999 0.4072265625 0.9869791671874999 0.3994140625 0.9309895828125001 0.359375 0.9231770828125001 0.35546875 0.8997395828125001 0.3515625 0.8841145828125001 0.3515625 0.8671875 0.3603515625 0.8619791671874999 0.3720703125 0.8333333328125001 0.9326171875 0.8385416671874999 0.9404296875 0.8450520828125001 0.9453125 0.8502604171874999 0.947265625 0.8763020828125001 0.947265625 0.8828125 0.9443359375 0.8984375 0.8994140625 0.9348958328125001 0.7861328125 0.9973958328125001 0.5791015625 1 0.5673828125 1 0.4150390625
1 0.07291666718749999 0.7900390625 0.07682291718749999 0.794921875 0.1002604171875 0.798828125 0.12109375 0.798828125 0.1328125 0.7900390625 0.1328125 0.7744140625 0.1302083328125 0.7607421875 0.1263020828125 0.7578125 0.06901041718749999 0.76171875 0.06770833281250001 0.7626953125 0.06770833281250001 0.7685546875 0.0703125 0.7802734375 0.07291666718749999 0.7900390625
1 0.1497395828125 0.78515625 0.16015625 0.783203125 0.1614583328125 0.7822265625 0.1614583328125 0.7666015625 0.1588541671875 0.7529296875 0.1549479171875 0.75 0.12890625 0.751953125 0.1276041671875 0.7548828125 0.1328125 0.7822265625 0.1419270828125 0.78515625 0.1497395828125 0.78515625
1 0.1640625 0.7841796875 0.17578125 0.787109375 0.1809895828125 0.787109375 0.1888020828125 0.78515625 0.1901041671875 0.7841796875 0.1901041671875 0.7724609375 0.1875 0.7568359375 0.1848958328125 0.7529296875 0.18359375 0.751953125 0.16015625 0.75390625 0.1588541671875 0.7548828125 0.1588541671875 0.7666015625 0.1614583328125 0.7802734375 0.1640625 0.7841796875
1 0.19140625 0.779296875 0.20703125 0.783203125 0.22786458281250002 0.78515625 0.2421875 0.7822265625 0.2421875 0.7529296875 0.24088541718749998 0.751953125 0.1888020828125 0.748046875 0.1875 0.7490234375 0.1875 0.7646484375 0.1901041671875 0.7783203125 0.19140625 0.779296875
1 0.25390625 0.78515625 0.2721354171875 0.787109375 0.27734375 0.787109375 0.28515625 0.78515625 0.2864583328125 0.7841796875 0.2864583328125 0.7646484375 0.2838541671875 0.7548828125 0.2825520828125 0.75390625 0.24348958281250002 0.751953125 0.2421875 0.7529296875 0.2421875 0.7744140625 0.24479166718749998 0.7822265625 0.25390625 0.78515625
1 0.29296875 0.787109375 0.3190104171875 0.7890625 0.3450520828125 0.7890625 0.3541666671875 0.7861328125 0.3567708328125 0.7626953125 0.3528645828125 0.755859375 0.2877604171875 0.75390625 0.2864583328125 0.7548828125 0.2864583328125 0.7744140625 0.2890625 0.7841796875 0.29296875 0.787109375
1 0.3919270828125 0.79296875 0.41796875 0.796875 0.4466145828125 0.796875 0.4557291671875 0.7939453125 0.4583333328125 0.7841796875 0.4583333328125 0.7646484375 0.45703125 0.763671875 0.3736979171875 0.75390625 0.3723958328125 0.7548828125 0.3723958328125 0.7861328125 0.3763020828125 0.7890625 0.3919270828125 0.79296875
1 0.5091145828125 0.794921875 0.5325520828125 0.794921875 0.5403645828125 0.79296875 0.5442708328125 0.7900390625 0.546875 0.7626953125 0.5455729171875 0.759765625 0.48828125 0.755859375 0.484375 0.7587890625 0.484375 0.7880859375 0.48828125 0.79296875 0.5091145828125 0.794921875
1 0.4778645828125 0.791015625 0.4817708328125 0.7822265625 0.4817708328125 0.7607421875 0.46484375 0.755859375 0.4609375 0.7568359375 0.4583333328125 0.7724609375 0.4583333328125 0.7861328125 0.4674479171875 0.791015625 0.4778645828125 0.791015625
1 0.58984375 0.78125 0.6002604171875 0.78125 0.6015625 0.7802734375 0.6041666671875 0.7646484375 0.6041666671875 0.7509765625 0.6028645828125 0.75 0.59765625 0.748046875 0.55859375 0.744140625 0.55078125 0.744140625 0.546875 0.7490234375 0.5442708328125 0.7705078125 0.5442708328125 0.7763671875 0.5455729171875 0.77734375 0.58984375 0.78125
1 0.6184895828125 0.806640625 0.6393229171875 0.810546875 0.6471354171875 0.810546875 0.6510416671875 0.8076171875 0.6536458328125 0.8017578125 0.65625 0.7783203125 0.6080729171875 0.767578125 0.6041666671875 0.7685546875 0.6015625 0.7783203125 0.6015625 0.7998046875 0.60546875 0.802734375 0.6184895828125 0.806640625
1 0.6809895828125 0.8203125 0.7044270828125 0.8203125 0.7109375 0.8154296875 0.7161458328125 0.7880859375 0.7122395828125 0.78515625 0.6627604171875 0.779296875 0.6588541671875 0.7822265625 0.65625 0.7880859375 0.6536458328125 0.8115234375 0.6575520828125 0.814453125 0.66796875 0.818359375 0.6809895828125 0.8203125
1 0.7825520828125 0.82421875 0.7955729171875 0.826171875 0.8216145828125001 0.828125 0.8502604171874999 0.828125 0.8567708328125001 0.8251953125 0.8645833328125001 0.8037109375 0.8645833328125001 0.7958984375 0.86328125 0.794921875 0.7799479171875 0.78515625 0.77734375 0.78515625 0.7734375 0.7880859375 0.7708333328125 0.7978515625 0.7708333328125 0.8173828125 0.77734375 0.822265625 0.7825520828125 0.82421875