0 0 0.2939453125 0.0026041671875 0.3095703125 0.1067708328125 0.7490234375 0.1119791671875 0.7587890625 0.1184895828125 0.763671875 0.1315104171875 0.767578125 0.19140625 0.767578125 0.20442708281250002 0.765625 0.21354166718749998 0.7607421875 0.21354166718749998 0.7490234375 0.1197916671875 0.1982421875 0.1106770828125 0.193359375 0.05078125 0.193359375 0.006510417187500001 0.1953125 0.0026041671875 0.1982421875 0 0.2021484375 0 0.2939453125
0 0.21614583281250002 0.7509765625 0.21875 0.7587890625 0.22395833281250002 0.7666015625 0.23046875 0.771484375 0.23567708281250002 0.7734375 0.2565104171875 0.77734375 0.30078125 0.775390625 0.3111979171875 0.771484375 0.3177083328125 0.7646484375 0.3880208328125 0.2216796875 0.3736979171875 0.2109375 0.35546875 0.20703125 0.2513020828125 0.19140625 0.23567708281250002 0.19140625 0.16015625 0.197265625 0.1158854171875 0.201171875 0.1106770828125 0.203125 0.1067708328125 0.2060546875 0.1067708328125 0.2177734375 0.109375 0.2314453125 0.21614583281250002 0.7509765625
0 0.3268229171875 0.7734375 0.3372395828125 0.77734375 0.4205729171875 0.783203125 0.4388020828125 0.783203125 0.4440104171875 0.78125 0.453125 0.7724609375 0.453125 0.7333984375 0.4322916671875 0.4794921875 0.40625 0.2373046875 0.3997395828125 0.23046875 0.3268229171875 0.23046875 0.2721354171875 0.234375 0.2591145828125 0.236328125 0.25 0.2392578125 0.24739583281250002 0.2431640625 0.25 0.2685546875 0.3229166671875 0.7705078125 0.3268229171875 0.7734375
0 0.4609375 0.7568359375 0.4635416671875 0.7705078125 0.47265625 0.775390625 0.4934895828125 0.77734375 0.5221354171875 0.77734375 0.5325520828125 0.775390625 0.5364583328125 0.7724609375 0.5390625 0.7666015625 0.5260416671875 0.1181640625 0.5234375 0.1142578125 0.5143229171875 0.107421875 0.50390625 0.103515625 0.41796875 0.107421875 0.41015625 0.109375 0.40625 0.1123046875 0.4036458328125 0.1181640625 0.4036458328125 0.1435546875 0.4088541671875 0.2080078125 0.4609375 0.7568359375
0 0.5390625 0.7509765625 0.5481770828125 0.7578125 0.5533854171875 0.759765625 0.5690104171875 0.76171875 0.58203125 0.76171875 0.5924479171875 0.759765625 0.5989583328125 0.7568359375 0.5989583328125 0.6923828125 0.5859375 0.1259765625 0.5794270828125 0.123046875 0.5403645828125 0.123046875 0.5260416671875 0.1259765625 0.5234375 0.1298828125 0.5234375 0.1669921875 0.5338541671875 0.7431640625 0.5390625 0.7509765625
0 0.6041666671875 0.7861328125 0.6106770828125 0.791015625 0.62109375 0.794921875 0.6731770828125 0.796875 0.6809895828125 0.794921875 0.6848958328125 0.7880859375 0.6927083328125 0.6298828125 0.6979166671875 0.1279296875 0.6940104171875 0.125 0.6731770828125 0.123046875 0.6471354171875 0.123046875 0.60546875 0.125 0.5950520828125 0.126953125 0.5833333328125 0.1357421875 0.5833333328125 0.2236328125 0.59375 0.5615234375 0.6041666671875 0.7861328125
0 0.73046875 0.810546875 0.76171875 0.810546875 0.7682291671875 0.8076171875 0.7734375 0.7998046875 0.8072916671874999 0.3076171875 0.8125 0.1923828125 0.8098958328125001 0.1865234375 0.80078125 0.1796875 0.7096354171875 0.181640625 0.703125 0.1865234375 0.6927083328125 0.6259765625 0.6901041671875 0.7958984375 0.69921875 0.802734375 0.7200520828125 0.80859375 0.73046875 0.810546875
0 0.79296875 0.806640625 0.82421875 0.80859375 0.8307291671874999 0.8037109375 0.8333333328125001 0.7998046875 0.8385416671874999 0.7763671875 0.9114583328125001 0.1337890625 0.9049479171874999 0.12890625 0.8919270828125001 0.126953125 0.8450520828125001 0.126953125 0.8190104171874999 0.1328125 0.80078125 0.142578125 0.7708333328125 0.1650390625 0.7630208328125 0.1748046875 0.7760416671875 0.7939453125 0.7786458328125 0.7978515625 0.79296875 0.806640625
0 0.87109375 0.814453125 0.9049479171874999 0.81640625 0.9127604171874999 0.814453125 0.9192708328125001 0.8095703125 0.921875 0.7978515625 0.9973958328125001 0.2294921875 1 0.1708984375 0.9973958328125001 0.1650390625 0.9908854171874999 0.162109375 0.9596354171874999 0.162109375 0.92578125 0.1640625 0.9049479171874999 0.16796875 0.9010416671874999 0.1728515625 0.8984375 0.1826171875 0.8932291671874999 0.2314453125 0.8671875 0.5107421875 0.84375 0.7724609375 0.84375 0.8017578125 0.85546875 0.810546875 0.87109375 0.814453125
1 0.078125 0.6220703125 0.08463541718749999 0.626953125 0.1158854171875 0.630859375 0.1575520828125 0.630859375 0.1861979171875 0.62890625 0.1875 0.6279296875 0.1875 0.6123046875 0.1822916671875 0.5830078125 0.1809895828125 0.58203125 0.17578125 0.580078125 0.06901041718749999 0.578125 0.06770833281250001 0.5791015625 0.06770833281250001 0.5830078125 0.07552083281250001 0.6162109375 0.078125 0.6220703125
1 0.1940104171875 0.630859375 0.20703125 0.634765625 0.22265625 0.63671875 0.2825520828125 0.63671875 0.3020833328125 0.6318359375 0.3020833328125 0.6181640625 0.2994791671875 0.5966796875 0.296875 0.5888671875 0.29296875 0.5859375 0.1861979171875 0.583984375 0.1822916671875 0.5869140625 0.1822916671875 0.5888671875 0.1901041671875 0.6259765625 0.1940104171875 0.630859375
1 0.4544270828125 0.634765625 0.4596354171875 0.63671875 0.4752604171875 0.638671875 0.52734375 0.638671875 0.5338541671875 0.6357421875 0.5338541671875 0.6064453125 0.53125 0.5908203125 0.5299479171875 0.58984375 0.44921875 0.587890625 0.4479166671875 0.5888671875 0.4479166671875 0.6103515625 0.4505208328125 0.6318359375 0.4544270828125 0.634765625
1 0.5546875 0.6240234375 0.5559895828125 0.625 0.5611979171875 0.625 0.5924479171875 0.6171875 0.5963541671875 0.6103515625 0.59375 0.5634765625 0.5924479171875 0.5625 0.58203125 0.5625 0.5403645828125 0.57421875 0.5338541671875 0.5791015625 0.5338541671875 0.5810546875 0.5494791671875 0.6162109375 0.5546875 0.6240234375
1 0.6028645828125 0.646484375 0.6184895828125 0.650390625 0.6653645828125 0.654296875 0.6809895828125 0.654296875 0.6861979171875 0.65234375 0.6927083328125 0.6474609375 0.6927083328125 0.6025390625 0.69140625 0.6015625 0.59765625 0.595703125 0.5963541671875 0.5966796875 0.5963541671875 0.6357421875 0.5989583328125 0.6435546875 0.6028645828125 0.646484375
1 0.7252604171875 0.65625 0.77734375 0.65625 0.78125 0.6533203125 0.7838541671875 0.6083984375 0.7799479171875 0.60546875 0.6966145828125 0.6015625 0.6953125 0.6025390625 0.6953125 0.6474609375 0.7018229171875 0.65234375 0.7252604171875 0.65625
1 0.8190104171874999 0.658203125 0.8450520828125001 0.658203125 0.8489583328125001 0.6552734375 0.8515625 0.6435546875 0.8541666671874999 0.6103515625 0.8424479171874999 0.607421875 0.79296875 0.603515625 0.7877604171875 0.603515625 0.7864583328125 0.6044921875 0.7838541671875 0.6494140625 0.7877604171875 0.65234375 0.80078125 0.65625 0.8190104171874999 0.658203125
1 0.9127604171874999 0.666015625 0.9361979171874999 0.666015625 0.9375 0.6650390625 0.9401041671874999 0.6611328125 0.9427083328125001 0.6376953125 0.9427083328125001 0.6162109375 0.94140625 0.615234375 0.8684895828125001 0.611328125 0.8606770828125001 0.611328125 0.859375 0.6123046875 0.8567708328125001 0.6298828125 0.8567708328125001 0.6591796875 0.8606770828125001 0.662109375 0.9127604171874999 0.666015625
1 0.36953125 0.62109375 0.1296875 0.06484375