0 0 0.4521484375 0.010416667187500001 0.5166015625 0.0494791671875 0.7255859375 0.08854166718749999 0.9052734375 0.09375 0.9208984375 0.09635416718749999 0.9248046875 0.1080729171875 0.93359375 0.11328125 0.935546875 0.1315104171875 0.9375 0.1627604171875 0.9375 0.1861979171875 0.935546875 0.1927083328125 0.9326171875 0.1953125 0.9267578125 0.1979166671875 0.2626953125 0.1783854171875 0.2578125 0.1184895828125 0.25 0.006510417187500001 0.25 0 0.2548828125 0 0.4521484375
0 0.1432291671875 0.5654296875 0.1953125 0.9326171875 0.1979166671875 0.9443359375 0.20442708281250002 0.951171875 0.22786458281250002 0.951171875 0.234375 0.9462890625 0.234375 0.9423828125 0.15625 0.2763671875 0.1549479171875 0.275390625 0.1236979171875 0.275390625 0.1145833328125 0.2802734375 0.1119791671875 0.2880859375 0.1119791671875 0.2939453125 0.125 0.4267578125 0.1432291671875 0.5654296875
0 0.1770833328125 0.5126953125 0.23177083281250002 0.9443359375 0.24348958281250002 0.951171875 0.26171875 0.951171875 0.2682291671875 0.9482421875 0.2682291671875 0.9228515625 0.2604166671875 0.8291015625 0.22916666718749998 0.5419921875 0.1979166671875 0.2841796875 0.1940104171875 0.28125 0.17578125 0.275390625 0.1575520828125 0.275390625 0.15625 0.2763671875 0.1536458328125 0.2802734375 0.1536458328125 0.3056640625 0.15625 0.3330078125 0.1770833328125 0.5126953125
0 0.2682291671875 0.9384765625 0.2721354171875 0.947265625 0.28515625 0.951171875 0.2955729171875 0.951171875 0.3033854171875 0.94921875 0.3098958328125 0.9443359375 0.3125 0.9404296875 0.3098958328125 0.8896484375 0.3020833328125 0.7744140625 0.2760416671875 0.4951171875 0.2552083328125 0.2919921875 0.2526041671875 0.2744140625 0.24609375 0.267578125 0.20703125 0.267578125 0.20052083281250002 0.2724609375 0.20052083281250002 0.3017578125 0.21614583281250002 0.4619140625 0.2682291671875 0.9384765625
0 0.3203125 0.9287109375 0.3268229171875 0.935546875 0.33984375 0.9375 0.3606770828125 0.9375 0.3763020828125 0.935546875 0.3854166671875 0.9306640625 0.3880208328125 0.9248046875 0.3880208328125 0.9072265625 0.3854166671875 0.7958984375 0.3776041671875 0.6494140625 0.34375 0.1904296875 0.3307291671875 0.1611328125 0.32421875 0.158203125 0.2981770828125 0.154296875 0.2591145828125 0.15625 0.24348958281250002 0.158203125 0.2421875 0.1591796875 0.2421875 0.1630859375 0.3151041671875 0.8896484375 0.3203125 0.9287109375
0 0.4140625 0.9228515625 0.4192708328125 0.9326171875 0.4283854171875 0.939453125 0.4466145828125 0.939453125 0.4544270828125 0.9375 0.4609375 0.9326171875 0.46875 0.9228515625 0.46875 0.8759765625 0.4375 0.3896484375 0.4309895828125 0.384765625 0.4075520828125 0.384765625 0.3763020828125 0.390625 0.3671875 0.3955078125 0.3645833328125 0.3994140625 0.3645833328125 0.4169921875 0.3984375 0.8408203125 0.4140625 0.9228515625
0 0.4765625 0.9248046875 0.4817708328125 0.9365234375 0.4908854171875 0.94140625 0.53515625 0.94140625 0.5533854171875 0.9375 0.5598958328125 0.9326171875 0.5625 0.7197265625 0.5572916671875 0.2724609375 0.5520833328125 0.0986328125 0.54296875 0.09375 0.5299479171875 0.091796875 0.5065104171875 0.091796875 0.4388020828125 0.09375 0.4192708328125 0.1005859375 0.4166666671875 0.1044921875 0.4166666671875 0.1142578125 0.4635416671875 0.7626953125 0.4765625 0.9248046875
0 0.5755208328125 0.9208984375 0.578125 0.9287109375 0.5846354171875 0.93359375 0.62109375 0.93359375 0.67578125 0.927734375 0.6809895828125 0.92578125 0.7005208328125 0.9091796875 0.703125 0.8837890625 0.7239583328125 0.3720703125 0.7317708328125 0.0908203125 0.7252604171875 0.0859375 0.6940104171875 0.083984375 0.6236979171875 0.0859375 0.58984375 0.087890625 0.5794270828125 0.091796875 0.5703125 0.0986328125 0.5677083328125 0.1025390625 0.5677083328125 0.1083984375 0.5729166671875 0.7685546875 0.5755208328125 0.9208984375
1 0.06380208281250001 0.763671875 0.07942708281250001 0.76953125 0.09765625 0.7734375 0.13671875 0.7734375 0.1549479171875 0.771484375 0.16796875 0.767578125 0.171875 0.7646484375 0.1666666671875 0.7158203125 0.1627604171875 0.712890625 0.0481770828125 0.708984375 0.046875 0.7119140625 0.05208333281250001 0.7353515625 0.05989583281250001 0.7607421875 0.06380208281250001 0.763671875
1 0.1770833328125 0.7880859375 0.1783854171875 0.7890625 0.19921875 0.791015625 0.20963541718749998 0.791015625 0.2109375 0.7900390625 0.2109375 0.7685546875 0.20572916718749998 0.7373046875 0.20182291718749998 0.734375 0.1861979171875 0.732421875 0.1731770828125 0.732421875 0.1692708328125 0.7353515625 0.1692708328125 0.7451171875 0.1744791671875 0.7802734375 0.1770833328125 0.7880859375
1 0.21744791718749998 0.794921875 0.2513020828125 0.796875 0.2552083328125 0.7939453125 0.2552083328125 0.7880859375 0.25 0.7431640625 0.24609375 0.740234375 0.20963541718749998 0.73828125 0.20833333281250002 0.7392578125 0.20833333281250002 0.7587890625 0.21354166718749998 0.7919921875 0.21744791718749998 0.794921875
1 0.26171875 0.791015625 0.2903645828125 0.791015625 0.2955729171875 0.7890625 0.2994791671875 0.7861328125 0.2994791671875 0.7685546875 0.2942708328125 0.7353515625 0.29296875 0.734375 0.25390625 0.734375 0.25 0.7373046875 0.25 0.7412109375 0.2552083328125 0.7861328125 0.26171875 0.791015625
1 0.3046875 0.7685546875 0.3059895828125 0.76953125 0.3216145828125 0.771484375 0.3528645828125 0.76953125 0.3763020828125 0.765625 0.3802083328125 0.7626953125 0.3802083328125 0.7314453125 0.3776041671875 0.7099609375 0.3763020828125 0.708984375 0.3033854171875 0.712890625 0.2994791671875 0.7158203125 0.2994791671875 0.7216796875 0.3020833328125 0.7548828125 0.3046875 0.7685546875
1 0.3984375 0.7724609375 0.3997395828125 0.7734375 0.4544270828125 0.7734375 0.4583333328125 0.7685546875 0.4557291671875 0.7197265625 0.4544270828125 0.71875 0.39453125 0.716796875 0.3932291671875 0.7177734375 0.3932291671875 0.7392578125 0.3958333328125 0.7685546875 0.3984375 0.7724609375
1 0.4934895828125 0.783203125 0.53515625 0.783203125 0.55078125 0.78125 0.5598958328125 0.7763671875 0.5625 0.7705078125 0.5625 0.7236328125 0.55859375 0.71875 0.4674479171875 0.71875 0.4635416671875 0.7216796875 0.4661458328125 0.7724609375 0.47265625 0.779296875 0.4934895828125 0.783203125
1 0.5794270828125 0.77734375 0.6471354171875 0.77734375 0.6940104171875 0.775390625 0.6979166671875 0.7724609375 0.7005208328125 0.7197265625 0.6966145828125 0.716796875 0.57421875 0.716796875 0.5703125 0.7197265625 0.5729166671875 0.7666015625 0.5755208328125 0.7744140625 0.5794270828125 0.77734375