0 0.1080729171875 1 0.1119791671875 0.9970703125 0.1145833328125 0.9892578125 0.3125 0.3779296875 0.30078125 0.373046875 0.26953125 0.36328125 0.24348958281250002 0.365234375 0.009114582812499999 0.42578125 0.0052083328125 0.4326171875 0 0.4658203125 0 0.9560546875 0.0026041671875 0.9990234375 0.00390625 1 0.1080729171875 1
0 0.20703125 1 0.21354166718749998 0.9931640625 0.21875 0.9736328125 0.2864583328125 0.6806640625 0.3098958328125 0.5771484375 0.3307291671875 0.4755859375 0.3307291671875 0.4619140625 0.3294270828125 0.4609375 0.20963541718749998 0.462890625 0.20182291718749998 0.46484375 0.1927083328125 0.4736328125 0.1223958328125 0.9228515625 0.1145833328125 0.9853515625 0.1145833328125 0.9990234375 0.1158854171875 1 0.20703125 1
0 0.29296875 1 0.296875 0.9912109375 0.328125 0.8857421875 0.4348958328125 0.5048828125 0.4557291671875 0.4248046875 0.4583333328125 0.4111328125 0.4557291671875 0.3779296875 0.44921875 0.375 0.43359375 0.3828125 0.36328125 0.431640625 0.3411458328125 0.4482421875 0.3359375 0.4560546875 0.3307291671875 0.4736328125 0.23958333281250002 0.8837890625 0.21875 0.9794921875 0.21875 0.9990234375 0.22005208281250002 1 0.29296875 1
0 0.36328125 1 0.3671875 0.9970703125 0.3697916671875 0.9912109375 0.4427083328125 0.7880859375 0.5833333328125 0.3779296875 0.5859375 0.3603515625 0.5859375 0.3232421875 0.58203125 0.3203125 0.55078125 0.310546875 0.54296875 0.310546875 0.5286458328125 0.3212890625 0.4557291671875 0.3876953125 0.296875 0.9873046875 0.2942708328125 0.9990234375 0.2955729171875 1 0.36328125 1
0 0.65234375 1 0.6536458328125 0.9990234375 0.6770833328125 0.8779296875 0.765625 0.3935546875 0.765625 0.3681640625 0.7630208328125 0.3603515625 0.7578125 0.3544921875 0.6979166671875 0.3037109375 0.68359375 0.29296875 0.67578125 0.2890625 0.6627604171875 0.2890625 0.6028645828125 0.298828125 0.5963541671875 0.3076171875 0.5520833328125 0.8193359375 0.5520833328125 0.9990234375 0.5533854171875 1 0.65234375 1
0 0.7252604171875 1 0.7265625 0.9990234375 0.8567708328125001 0.5068359375 0.8723958328125001 0.4345703125 0.8776041671874999 0.3974609375 0.8776041671874999 0.3662109375 0.875 0.3603515625 0.8502604171874999 0.34375 0.7434895828125 0.296875 0.7200520828125 0.296875 0.7135416671875 0.3017578125 0.7109375 0.3056640625 0.65625 0.9853515625 0.65625 0.9990234375 0.6575520828125 1 0.7252604171875 1
1 0.1419270828125 0.9453125 0.1809895828125 0.94921875 0.19921875 0.947265625 0.20703125 0.9453125 0.2109375 0.9423828125 0.22395833281250002 0.9130859375 0.2265625 0.9033203125 0.2265625 0.8837890625 0.22526041718749998 0.8828125 0.1315104171875 0.875 0.1302083328125 0.8759765625 0.1276041671875 0.8896484375 0.1223958328125 0.9267578125 0.1223958328125 0.9365234375 0.1263020828125 0.939453125 0.1419270828125 0.9453125
1 0.2903645828125 0.908203125 0.30078125 0.908203125 0.3138020828125 0.90625 0.3190104171875 0.904296875 0.3229166671875 0.8994140625 0.3307291671875 0.8740234375 0.3307291671875 0.8642578125 0.3294270828125 0.86328125 0.2591145828125 0.853515625 0.2513020828125 0.853515625 0.24739583281250002 0.8564453125 0.2421875 0.8779296875 0.23958333281250002 0.8916015625 0.24348958281250002 0.896484375 0.2669270828125 0.904296875 0.2903645828125 0.908203125
1 0.3450520828125 0.935546875 0.3658854171875 0.939453125 0.3763020828125 0.939453125 0.3841145828125 0.9375 0.3880208328125 0.9345703125 0.4010416671875 0.9033203125 0.4010416671875 0.8955078125 0.3294270828125 0.880859375 0.3255208328125 0.8876953125 0.3203125 0.9033203125 0.3177083328125 0.9150390625 0.3177083328125 0.9228515625 0.3268229171875 0.9296875 0.3450520828125 0.935546875
1 0.6002604171875 0.908203125 0.6471354171875 0.908203125 0.6653645828125 0.904296875 0.6692708328125 0.9013671875 0.671875 0.8955078125 0.6770833328125 0.8701171875 0.6770833328125 0.8603515625 0.67578125 0.859375 0.5716145828125 0.853515625 0.5677083328125 0.8564453125 0.5651041671875 0.8798828125 0.5651041671875 0.8974609375 0.5768229171875 0.904296875 0.6002604171875 0.908203125
1 0.6888020828125 0.919921875 0.7044270828125 0.923828125 0.72265625 0.923828125 0.7356770828125 0.921875 0.7473958328125 0.9150390625 0.7526041671875 0.9033203125 0.7578125 0.8779296875 0.7578125 0.8701171875 0.7565104171875 0.869140625 0.6861979171875 0.865234375 0.6822916671875 0.8681640625 0.6796875 0.8798828125 0.6770833328125 0.8935546875 0.6770833328125 0.9091796875 0.6796875 0.9130859375 0.6888020828125 0.919921875