0 0.1770833328125 0.8173828125 0.1796875 0.8212890625 0.1861979171875 0.826171875 0.19140625 0.828125 0.21223958281250002 0.83203125 0.24609375 0.83203125 0.2747395828125 0.828125 0.2877604171875 0.82421875 0.2916666671875 0.8212890625 0.2942708328125 0.8076171875 0.2838541671875 0.6591796875 0.234375 0.2373046875 0.23046875 0.234375 0.07942708281250001 0.234375 0.07552083281250001 0.2373046875 0.07291666718749999 0.2412109375 0.07552083281250001 0.2705078125 0.1197916671875 0.5166015625 0.1770833328125 0.8173828125
0 0.2994791671875 0.8232421875 0.3059895828125 0.828125 0.3138020828125 0.828125 0.3190104171875 0.826171875 0.3229166671875 0.8212890625 0.3645833328125 0.2958984375 0.3671875 0.2451171875 0.36328125 0.2421875 0.3528645828125 0.240234375 0.2955729171875 0.232421875 0.26171875 0.228515625 0.24088541718749998 0.228515625 0.234375 0.2333984375 0.234375 0.2470703125 0.296875 0.8173828125 0.2994791671875 0.8232421875
0 0.3229166671875 0.8017578125 0.328125 0.8193359375 0.3333333328125 0.8251953125 0.33984375 0.828125 0.36328125 0.830078125 0.3971354171875 0.830078125 0.4205729171875 0.828125 0.4361979171875 0.82421875 0.4453125 0.8173828125 0.4479166671875 0.8115234375 0.4479166671875 0.6416015625 0.4348958328125 0.3212890625 0.4322916671875 0.3056640625 0.4309895828125 0.3046875 0.3580729171875 0.3046875 0.2825520828125 0.306640625 0.2747395828125 0.30859375 0.2734375 0.3115234375 0.2760416671875 0.3466796875 0.3020833328125 0.6162109375 0.3229166671875 0.8017578125
0 0.4583333328125 0.8173828125 0.46484375 0.822265625 0.4908854171875 0.826171875 0.55859375 0.826171875 0.5716145828125 0.82421875 0.578125 0.8173828125 0.5833333328125 0.6748046875 0.59375 0.2783203125 0.59375 0.2353515625 0.5872395828125 0.232421875 0.4778645828125 0.232421875 0.44140625 0.234375 0.4401041671875 0.2353515625 0.4375 0.2392578125 0.4375 0.3173828125 0.4557291671875 0.8076171875 0.4583333328125 0.8173828125
0 0.6002604171875 0.830078125 0.6393229171875 0.83203125 0.66796875 0.828125 0.6731770828125 0.826171875 0.6796875 0.8193359375 0.6953125 0.6455078125 0.7213541671875 0.2958984375 0.7213541671875 0.2509765625 0.71875 0.2373046875 0.71484375 0.234375 0.6028645828125 0.232421875 0.5963541671875 0.2392578125 0.59375 0.2802734375 0.5885416671875 0.4443359375 0.5833333328125 0.7236328125 0.5833333328125 0.8212890625 0.5924479171875 0.828125 0.6002604171875 0.830078125
0 0.69921875 0.828125 0.7434895828125 0.828125 0.7486979171875 0.826171875 0.7552083328125 0.8193359375 0.7578125 0.7978515625 0.8046875 0.3193359375 0.8072916671874999 0.2861328125 0.8033854171874999 0.2734375 0.7434895828125 0.2734375 0.7278645828125 0.27734375 0.7213541671875 0.2861328125 0.7057291671875 0.4892578125 0.6848958328125 0.8154296875 0.6875 0.8212890625 0.6940104171875 0.826171875 0.69921875 0.828125
0 0.76953125 0.828125 0.8033854171874999 0.828125 0.80859375 0.826171875 0.8125 0.8212890625 0.8177083328125001 0.7919921875 0.8776041671874999 0.3095703125 0.8828125 0.2529296875 0.8828125 0.2294921875 0.8815104171874999 0.228515625 0.8580729171874999 0.2265625 0.8216145828125001 0.2265625 0.7721354171875 0.236328125 0.7630208328125 0.2509765625 0.7578125 0.8095703125 0.7604166671875 0.8232421875 0.7643229171875 0.826171875 0.76953125 0.828125
0 0.82421875 0.828125 0.8502604171874999 0.828125 0.8736979171874999 0.826171875 0.8802083328125001 0.8193359375 0.8828125 0.8115234375 0.9348958328125001 0.4716796875 0.9557291671874999 0.3037109375 0.9557291671874999 0.2861328125 0.9479166671874999 0.2744140625 0.9361979171874999 0.26953125 0.9075520828125001 0.267578125 0.88671875 0.26953125 0.8802083328125001 0.2744140625 0.8307291671874999 0.6806640625 0.8177083328125001 0.8037109375 0.8177083328125001 0.8173828125 0.8203125 0.8251953125 0.82421875 0.828125
0 1 0.2490234375 0.9908854171874999 0.244140625 0.9544270828125001 0.244140625 0.8893229171874999 0.25 0.8854166671874999 0.2529296875 0.8828125 0.2568359375 0.8828125 0.8193359375 0.8854166671874999 0.8251953125 0.8919270828125001 0.830078125 0.8971354171874999 0.83203125 0.9231770828125001 0.83203125 0.94921875 0.830078125 0.9583333328125001 0.8251953125 0.9869791671874999 0.6767578125 0.9973958328125001 0.6103515625 1 0.5849609375 1 0.2490234375
1 0.1809895828125 0.6953125 0.23046875 0.6953125 0.2747395828125 0.689453125 0.2838541671875 0.6845703125 0.28125 0.6474609375 0.27734375 0.642578125 0.1731770828125 0.65234375 0.171875 0.6533203125 0.171875 0.6572265625 0.1796875 0.6943359375 0.1809895828125 0.6953125
1 0.2864583328125 0.6923828125 0.2877604171875 0.693359375 0.3059895828125 0.693359375 0.3098958328125 0.6904296875 0.3098958328125 0.6748046875 0.3072916671875 0.6533203125 0.3046875 0.6474609375 0.3033854171875 0.646484375 0.2903645828125 0.646484375 0.2825520828125 0.6484375 0.28125 0.6494140625 0.28125 0.6611328125 0.2838541671875 0.6845703125 0.2864583328125 0.6923828125
1 0.35546875 0.69140625 0.3841145828125 0.69140625 0.4153645828125 0.689453125 0.4388020828125 0.685546875 0.4479166671875 0.6826171875 0.4479166671875 0.6376953125 0.4466145828125 0.63671875 0.30859375 0.638671875 0.3072916671875 0.6396484375 0.3046875 0.6435546875 0.3098958328125 0.6845703125 0.31640625 0.6875 0.35546875 0.69140625
1 0.45703125 0.689453125 0.4856770828125 0.693359375 0.5690104171875 0.693359375 0.5794270828125 0.69140625 0.5833333328125 0.6865234375 0.5833333328125 0.6455078125 0.5794270828125 0.642578125 0.4518229171875 0.640625 0.4505208328125 0.6416015625 0.4505208328125 0.6787109375 0.453125 0.6865234375 0.45703125 0.689453125
1 0.6002604171875 0.689453125 0.6705729171875 0.689453125 0.6861979171875 0.6875 0.6901041671875 0.6845703125 0.6927083328125 0.6708984375 0.6927083328125 0.6396484375 0.69140625 0.638671875 0.58984375 0.638671875 0.5859375 0.6416015625 0.5859375 0.6845703125 0.58984375 0.6875 0.6002604171875 0.689453125
1 0.7096354171875 0.69140625 0.7565104171875 0.693359375 0.7643229171875 0.69140625 0.7682291671875 0.6884765625 0.7708333328125 0.6669921875 0.7708333328125 0.6435546875 0.76953125 0.642578125 0.70703125 0.640625 0.69921875 0.640625 0.6979166671875 0.6416015625 0.6953125 0.6591796875 0.6953125 0.6845703125 0.7018229171875 0.689453125 0.7096354171875 0.69140625
1 0.7825520828125 0.6953125 0.8216145828125001 0.6953125 0.8268229171874999 0.693359375 0.8307291671874999 0.6845703125 0.8359375 0.6474609375 0.83203125 0.64453125 0.77734375 0.642578125 0.7734375 0.6455078125 0.7708333328125 0.6728515625 0.7708333328125 0.6845703125 0.7734375 0.6904296875 0.7825520828125 0.6953125
1 0.8424479171874999 0.69140625 0.89453125 0.69140625 0.8984375 0.6884765625 0.9010416671874999 0.6806640625 0.90625 0.6474609375 0.90625 0.6455078125 0.90234375 0.642578125 0.8372395828125001 0.640625 0.8359375 0.6416015625 0.8333333328125001 0.6552734375 0.8307291671874999 0.6708984375 0.8307291671874999 0.6865234375 0.8346354171874999 0.689453125 0.8424479171874999 0.69140625
1 0.9153645828125001 0.6953125 0.9283854171874999 0.6953125 0.98046875 0.693359375 0.9817708328125001 0.6923828125 0.984375 0.6884765625 0.9895833328125001 0.6591796875 0.9895833328125001 0.6494140625 0.98828125 0.6484375 0.9075520828125001 0.64453125 0.9036458328125001 0.6572265625 0.9010416671874999 0.6748046875 0.9010416671874999 0.6865234375 0.91015625 0.693359375 0.9153645828125001 0.6953125