0 0.0182291671875 0.8662109375 0.0221354171875 0.869140625 0.05598958281250001 0.873046875 0.09765625 0.873046875 0.1067708328125 0.8662109375 0.109375 0.8623046875 0.109375 0.7021484375 0.1041666671875 0.2744140625 0.09505208281250001 0.271484375 0.0221354171875 0.265625 0.014322917187500001 0.265625 0.010416667187500001 0.2685546875 0.0078125 0.2724609375 0.0078125 0.3076171875 0.015625 0.8154296875 0.0182291671875 0.8662109375
0 0.1145833328125 0.8701171875 0.12109375 0.875 0.1263020828125 0.876953125 0.1627604171875 0.876953125 0.18359375 0.87109375 0.1901041671875 0.8662109375 0.1927083328125 0.8408203125 0.1953125 0.2666015625 0.19140625 0.263671875 0.1263020828125 0.259765625 0.11328125 0.259765625 0.1067708328125 0.2646484375 0.1041666671875 0.2763671875 0.1041666671875 0.4560546875 0.1119791671875 0.8447265625 0.1145833328125 0.8701171875
0 0.23046875 0.87890625 0.23697916718749998 0.8740234375 0.23958333281250002 0.8701171875 0.24479166718749998 0.8525390625 0.2552083328125 0.4755859375 0.2578125 0.2568359375 0.2513020828125 0.25 0.20703125 0.248046875 0.1979166671875 0.2529296875 0.1953125 0.2646484375 0.1927083328125 0.5009765625 0.1927083328125 0.8681640625 0.20703125 0.87890625 0.23046875 0.87890625
0 0.2669270828125 0.884765625 0.2760416671875 0.8798828125 0.28125 0.8681640625 0.3984375 0.2802734375 0.4010416671875 0.2275390625 0.3984375 0.2216796875 0.39453125 0.21875 0.32421875 0.19140625 0.2981770828125 0.18359375 0.2903645828125 0.181640625 0.26171875 0.181640625 0.2578125 0.1865234375 0.24739583281250002 0.7412109375 0.24739583281250002 0.8818359375 0.2591145828125 0.884765625 0.2669270828125 0.884765625
0 0.2981770828125 0.890625 0.31640625 0.89453125 0.3372395828125 0.89453125 0.3502604171875 0.892578125 0.36328125 0.888671875 0.3776041671875 0.8740234375 0.3828125 0.8662109375 0.3854166671875 0.8330078125 0.3958333328125 0.4775390625 0.3984375 0.2958984375 0.3919270828125 0.291015625 0.3815104171875 0.2890625 0.3190104171875 0.287109375 0.2981770828125 0.287109375 0.2942708328125 0.2900390625 0.2916666671875 0.2958984375 0.2864583328125 0.6826171875 0.2864583328125 0.8779296875 0.2890625 0.8857421875 0.2981770828125 0.890625
0 0.4661458328125 0.8857421875 0.46875 0.8701171875 0.53125 0.2236328125 0.53125 0.2177734375 0.5104166671875 0.1884765625 0.50390625 0.18359375 0.48828125 0.181640625 0.4466145828125 0.1796875 0.4075520828125 0.1796875 0.4036458328125 0.1826171875 0.4010416671875 0.2275390625 0.390625 0.6943359375 0.3880208328125 0.8857421875 0.3971354171875 0.890625 0.45703125 0.890625 0.4661458328125 0.8857421875
0 0.4934895828125 0.8984375 0.5325520828125 0.90234375 0.5611979171875 0.900390625 0.5846354171875 0.896484375 0.6015625 0.8876953125 0.6041666671875 0.8818359375 0.609375 0.8466796875 0.6770833328125 0.2607421875 0.6770833328125 0.2353515625 0.67578125 0.234375 0.65234375 0.232421875 0.5143229171875 0.228515625 0.5065104171875 0.232421875 0.5026041671875 0.2373046875 0.5 0.2490234375 0.4765625 0.7060546875 0.4739583328125 0.7685546875 0.4739583328125 0.8896484375 0.4856770828125 0.896484375 0.4934895828125 0.8984375
1 0.07942708281250001 0.720703125 0.1028645828125 0.720703125 0.109375 0.7158203125 0.109375 0.6708984375 0.10546875 0.66796875 0.0455729171875 0.662109375 0.01953125 0.662109375 0.0182291671875 0.6630859375 0.0182291671875 0.7138671875 0.01953125 0.71484375 0.07942708281250001 0.720703125
1 0.1263020828125 0.7265625 0.1393229171875 0.728515625 0.1627604171875 0.728515625 0.1901041671875 0.7236328125 0.1927083328125 0.7197265625 0.1927083328125 0.6787109375 0.1888020828125 0.673828125 0.1106770828125 0.66796875 0.109375 0.6689453125 0.109375 0.7177734375 0.1158854171875 0.72265625 0.1263020828125 0.7265625
1 0.23567708281250002 0.736328125 0.24479166718749998 0.7294921875 0.24479166718749998 0.6865234375 0.24348958281250002 0.685546875 0.1940104171875 0.68359375 0.1927083328125 0.6845703125 0.1927083328125 0.7314453125 0.20703125 0.736328125 0.23567708281250002 0.736328125
1 0.27734375 0.732421875 0.28125 0.7294921875 0.2838541671875 0.7236328125 0.2838541671875 0.6787109375 0.2825520828125 0.677734375 0.25390625 0.677734375 0.2526041671875 0.6787109375 0.25 0.6904296875 0.25 0.7314453125 0.2513020828125 0.732421875 0.27734375 0.732421875
1 0.2981770828125 0.736328125 0.3111979171875 0.740234375 0.3502604171875 0.740234375 0.37890625 0.73046875 0.3854166671875 0.7255859375 0.3880208328125 0.6982421875 0.3880208328125 0.6826171875 0.38671875 0.681640625 0.2903645828125 0.6796875 0.2890625 0.6806640625 0.2864583328125 0.6865234375 0.2864583328125 0.7275390625 0.2890625 0.7314453125 0.2981770828125 0.736328125
1 0.4309895828125 0.73828125 0.47265625 0.736328125 0.4739583328125 0.7353515625 0.4765625 0.7236328125 0.4765625 0.6845703125 0.47265625 0.681640625 0.39453125 0.68359375 0.3932291671875 0.6845703125 0.390625 0.6943359375 0.390625 0.7333984375 0.39453125 0.73828125 0.4309895828125 0.73828125
1 0.51171875 0.744140625 0.55859375 0.74609375 0.59765625 0.744140625 0.6106770828125 0.7421875 0.6158854171875 0.740234375 0.6197916671875 0.7353515625 0.6223958328125 0.7138671875 0.6223958328125 0.6865234375 0.62109375 0.685546875 0.48046875 0.685546875 0.4791666671875 0.6865234375 0.4765625 0.7041015625 0.4765625 0.7373046875 0.48046875 0.740234375 0.51171875 0.744140625