0 0 0.8896484375 0.00390625 0.892578125 0.014322917187500001 0.892578125 0.0299479171875 0.888671875 0.0338541671875 0.8857421875 0.3489583328125 0.2373046875 0.3541666671875 0.2236328125 0.3541666671875 0.2138671875 0.33203125 0.19921875 0.30859375 0.193359375 0.29296875 0.193359375 0.2825520828125 0.1953125 0.2708333328125 0.2041015625 0.1640625 0.4052734375 0.09375 0.5419921875 0.0078125 0.7158203125 0.0026041671875 0.7294921875 0 0.7373046875 0 0.8896484375
0 0.09765625 0.880859375 0.1041666671875 0.8759765625 0.1119791671875 0.8623046875 0.3854166671875 0.3095703125 0.3854166671875 0.2822265625 0.3828125 0.2587890625 0.375 0.2294921875 0.37109375 0.2265625 0.3606770828125 0.224609375 0.3541666671875 0.2294921875 0.3463541671875 0.2431640625 0.1510416671875 0.6357421875 0.06770833281250001 0.8076171875 0.046875 0.8544921875 0.0442708328125 0.8662109375 0.06380208281250001 0.876953125 0.07942708281250001 0.880859375 0.09765625 0.880859375
0 0.1471354171875 0.875 0.1653645828125 0.876953125 0.1888020828125 0.876953125 0.1966145828125 0.875 0.20052083281250002 0.8720703125 0.4791666671875 0.3408203125 0.4869791671875 0.3115234375 0.4869791671875 0.2841796875 0.48046875 0.279296875 0.43359375 0.2734375 0.4153645828125 0.2734375 0.4036458328125 0.2822265625 0.3020833328125 0.4755859375 0.1744791671875 0.7294921875 0.125 0.8349609375 0.1223958328125 0.8466796875 0.1223958328125 0.8642578125 0.12890625 0.869140625 0.1471354171875 0.875
0 0.23046875 0.869140625 0.26171875 0.876953125 0.2955729171875 0.880859375 0.3059895828125 0.880859375 0.3125 0.8740234375 0.6276041671875 0.2861328125 0.6276041671875 0.2783203125 0.625 0.2744140625 0.6028645828125 0.263671875 0.57421875 0.255859375 0.5455729171875 0.25390625 0.5403645828125 0.255859375 0.53125 0.2646484375 0.234375 0.7705078125 0.20052083281250002 0.8369140625 0.1979166671875 0.8486328125 0.203125 0.8544921875 0.21744791718749998 0.86328125 0.23046875 0.869140625
0 0.3893229171875 0.869140625 0.3997395828125 0.87109375 0.41015625 0.87109375 0.4166666671875 0.8681640625 0.4270833328125 0.8525390625 0.5364583328125 0.6630859375 0.7369791671875 0.3056640625 0.7395833328125 0.2998046875 0.7395833328125 0.2880859375 0.6940104171875 0.26953125 0.6809895828125 0.265625 0.66796875 0.265625 0.6627604171875 0.267578125 0.6510416671875 0.2783203125 0.4505208328125 0.6201171875 0.3854166671875 0.7333984375 0.3359375 0.8232421875 0.3333333328125 0.8291015625 0.3333333328125 0.8427734375 0.33984375 0.849609375 0.3893229171875 0.869140625
0 0.5065104171875 0.841796875 0.5143229171875 0.841796875 0.5260416671875 0.8330078125 0.9479166671874999 0.3974609375 0.9973958328125001 0.3447265625 0.9973958328125001 0.3134765625 0.9908854171874999 0.30859375 0.9700520828125001 0.298828125 0.9622395828125001 0.296875 0.9544270828125001 0.296875 0.7916666671875 0.4326171875 0.6614583328125 0.5615234375 0.5989583328125 0.6259765625 0.4583333328125 0.7958984375 0.453125 0.8037109375 0.453125 0.8076171875 0.4908854171875 0.833984375 0.5065104171875 0.841796875
0 1 0.3623046875 0.99609375 0.353515625 0.9791666671874999 0.3662109375 0.96875 0.3759765625 0.90625 0.4384765625 0.5494791671875 0.8076171875 0.5416666671875 0.8193359375 0.5416666671875 0.8251953125 0.5442708328125 0.8291015625 0.5533854171875 0.8359375 0.59765625 0.861328125 0.6028645828125 0.86328125 0.61328125 0.86328125 0.6184895828125 0.861328125 0.6302083328125 0.8525390625 0.6380208328125 0.8447265625 0.9973958328125001 0.4638671875 1 0.4541015625 1 0.3623046875
1 0.1080729171875 0.68359375 0.1236979171875 0.685546875 0.1302083328125 0.6787109375 0.15625 0.6259765625 0.15234375 0.623046875 0.1106770828125 0.61328125 0.07942708281250001 0.607421875 0.06640625 0.607421875 0.05208333281250001 0.6318359375 0.0416666671875 0.6533203125 0.0364583328125 0.6650390625 0.0364583328125 0.6669921875 0.0403645828125 0.669921875 0.1080729171875 0.68359375
1 0.1966145828125 0.68359375 0.20052083281250002 0.6806640625 0.2265625 0.6298828125 0.2265625 0.6240234375 0.22265625 0.62109375 0.20703125 0.6171875 0.17578125 0.611328125 0.1653645828125 0.611328125 0.1588541671875 0.6201171875 0.1432291671875 0.6513671875 0.1380208328125 0.6630859375 0.1380208328125 0.6708984375 0.1393229171875 0.671875 0.1966145828125 0.68359375
1 0.2799479171875 0.67578125 0.2903645828125 0.67578125 0.3046875 0.6533203125 0.3203125 0.6240234375 0.3203125 0.6181640625 0.3138020828125 0.615234375 0.27734375 0.607421875 0.24869791718749998 0.6015625 0.24088541718749998 0.6015625 0.23697916718749998 0.6064453125 0.21614583281250002 0.6474609375 0.21354166718749998 0.6533203125 0.21354166718749998 0.6611328125 0.21484375 0.662109375 0.2799479171875 0.67578125
1 0.41015625 0.67578125 0.4153645828125 0.67578125 0.4244791671875 0.6630859375 0.4375 0.6396484375 0.4479166671875 0.6201171875 0.4479166671875 0.6162109375 0.4440104171875 0.61328125 0.4283854171875 0.607421875 0.3450520828125 0.5859375 0.3411458328125 0.5888671875 0.3359375 0.5966796875 0.3177083328125 0.6279296875 0.3098958328125 0.6416015625 0.3098958328125 0.6474609375 0.3111979171875 0.6484375 0.41015625 0.67578125
1 0.5221354171875 0.673828125 0.52734375 0.673828125 0.5338541671875 0.6669921875 0.5572916671875 0.6240234375 0.5598958328125 0.6162109375 0.5533854171875 0.611328125 0.4986979171875 0.591796875 0.4778645828125 0.5859375 0.4752604171875 0.5859375 0.46875 0.5888671875 0.4401041671875 0.6376953125 0.4401041671875 0.6435546875 0.4440104171875 0.646484375 0.5221354171875 0.673828125
1 0.6809895828125 0.669921875 0.7161458328125 0.6357421875 0.7265625 0.6240234375 0.7291666671875 0.6181640625 0.6966145828125 0.59765625 0.6783854171875 0.587890625 0.6731770828125 0.5859375 0.6627604171875 0.5859375 0.6510416671875 0.5947265625 0.6171875 0.6298828125 0.6145833328125 0.6337890625 0.6184895828125 0.63671875 0.67578125 0.669921875 0.6809895828125 0.669921875
1 0.7721354171875 0.6953125 0.77734375 0.6953125 0.8151041671874999 0.6552734375 0.8203125 0.6474609375 0.8203125 0.6416015625 0.8059895828125001 0.630859375 0.7721354171875 0.61328125 0.75390625 0.60546875 0.74609375 0.60546875 0.7057291671875 0.6455078125 0.7005208328125 0.6513671875 0.7005208328125 0.6533203125 0.70703125 0.658203125 0.7721354171875 0.6953125