0 0.07682291718749999 0.814453125 0.1236979171875 0.814453125 0.21223958281250002 0.796875 0.21614583281250002 0.7919921875 0.2734375 0.1455078125 0.2708333328125 0.1416015625 0.25 0.1240234375 0.1979166671875 0.0830078125 0.16015625 0.056640625 0.12890625 0.056640625 0.11328125 0.05859375 0.07682291718749999 0.06640625 0.05338541718749999 0.07421875 0.046875 0.0791015625 0.0442708328125 0.0830078125 0.0416666671875 0.1474609375 0.0208333328125 0.8037109375 0.0234375 0.8076171875 0.0299479171875 0.8125 0.07682291718749999 0.814453125
0 0.2591145828125 0.798828125 0.29296875 0.796875 0.3138020828125 0.79296875 0.3190104171875 0.791015625 0.3229166671875 0.7861328125 0.3203125 0.5791015625 0.3098958328125 0.1591796875 0.3033854171875 0.154296875 0.2981770828125 0.15234375 0.2565104171875 0.15234375 0.24348958281250002 0.15625 0.23697916718749998 0.1611328125 0.234375 0.1728515625 0.22916666718749998 0.3271484375 0.21875 0.7060546875 0.21875 0.7939453125 0.22786458281250002 0.798828125 0.2591145828125 0.798828125
0 0.3255208328125 0.8115234375 0.328125 0.8154296875 0.3346354171875 0.8203125 0.33984375 0.822265625 0.35546875 0.82421875 0.42578125 0.826171875 0.4544270828125 0.822265625 0.4700520828125 0.81640625 0.4817708328125 0.8095703125 0.4817708328125 0.7763671875 0.4453125 0.1572265625 0.4427083328125 0.1513671875 0.4361979171875 0.146484375 0.4309895828125 0.14453125 0.4049479171875 0.14453125 0.3450520828125 0.15234375 0.32421875 0.15625 0.3138020828125 0.16015625 0.3098958328125 0.1650390625 0.3072916671875 0.1884765625 0.3072916671875 0.2158203125 0.3229166671875 0.7880859375 0.3255208328125 0.8115234375
0 0.4895833328125 0.7685546875 0.4973958328125 0.8232421875 0.5 0.8291015625 0.5065104171875 0.833984375 0.5169270828125 0.8359375 0.5403645828125 0.8359375 0.5481770828125 0.833984375 0.5520833328125 0.8310546875 0.5546875 0.8251953125 0.5546875 0.7978515625 0.5026041671875 0.1806640625 0.5 0.1728515625 0.4908854171875 0.16796875 0.48046875 0.166015625 0.46484375 0.166015625 0.4544270828125 0.16796875 0.4427083328125 0.1767578125 0.4427083328125 0.2041015625 0.4557291671875 0.3916015625 0.4895833328125 0.7685546875
0 0.5572916671875 0.8349609375 0.5598958328125 0.8408203125 0.56640625 0.845703125 0.5716145828125 0.84765625 0.62890625 0.84765625 0.6627604171875 0.845703125 0.6692708328125 0.8427734375 0.6692708328125 0.8173828125 0.6015625 0.1943359375 0.5989583328125 0.1806640625 0.5963541671875 0.1767578125 0.58984375 0.173828125 0.5794270828125 0.173828125 0.5403645828125 0.181640625 0.50390625 0.19140625 0.5026041671875 0.1923828125 0.5026041671875 0.2197265625 0.5052083328125 0.2783203125 0.5572916671875 0.8349609375
0 0.6744791671875 0.8544921875 0.6783854171875 0.859375 0.69921875 0.8671875 0.70703125 0.869140625 0.7252604171875 0.87109375 0.8268229171874999 0.87109375 0.8684895828125001 0.8671875 0.875 0.8623046875 0.875 0.8486328125 0.8723958328125001 0.8310546875 0.7578125 0.1298828125 0.7552083328125 0.1240234375 0.7513020828125 0.12109375 0.7356770828125 0.12109375 0.6809895828125 0.126953125 0.5989583328125 0.1416015625 0.5963541671875 0.1455078125 0.5963541671875 0.1611328125 0.6354166671875 0.5224609375 0.6744791671875 0.8544921875
0 0.8697916671874999 0.8212890625 0.8802083328125001 0.8701171875 0.8841145828125001 0.875 0.89453125 0.876953125 0.9205729171874999 0.87890625 0.9752604171874999 0.87890625 0.9817708328125001 0.8740234375 0.9869791671874999 0.8623046875 0.9765625 0.8056640625 0.9375 0.5947265625 0.8385416671874999 0.1396484375 0.83203125 0.1328125 0.7981770828125 0.1328125 0.7825520828125 0.13671875 0.7669270828125 0.142578125 0.7630208328125 0.1455078125 0.7604166671875 0.1494140625 0.7604166671875 0.1650390625 0.828125 0.5947265625 0.8697916671874999 0.8212890625
1 0.1614583328125 0.5849609375 0.1640625 0.5732421875 0.1640625 0.5224609375 0.16015625 0.51953125 0.1549479171875 0.517578125 0.1315104171875 0.515625 0.08984375 0.517578125 0.05078125 0.521484375 0.0377604171875 0.5234375 0.03125 0.5263671875 0.0286458328125 0.5888671875 0.0325520828125 0.591796875 0.16015625 0.5859375 0.1614583328125 0.5849609375
1 0.3190104171875 0.5859375 0.3203125 0.5849609375 0.3203125 0.5302734375 0.31640625 0.525390625 0.30078125 0.521484375 0.2747395828125 0.521484375 0.24609375 0.5234375 0.23307291718749998 0.525390625 0.22786458281250002 0.52734375 0.22395833281250002 0.5302734375 0.22395833281250002 0.5869140625 0.22526041718749998 0.587890625 0.3190104171875 0.5859375
1 0.3502604171875 0.607421875 0.46484375 0.6015625 0.46875 0.5986328125 0.4661458328125 0.5439453125 0.4596354171875 0.537109375 0.4049479171875 0.537109375 0.3502604171875 0.541015625 0.32421875 0.544921875 0.3203125 0.5478515625 0.3203125 0.6005859375 0.32421875 0.607421875 0.3502604171875 0.607421875
1 0.48046875 0.6171875 0.4908854171875 0.6171875 0.5377604171875 0.61328125 0.5390625 0.6123046875 0.5390625 0.5986328125 0.5338541671875 0.5498046875 0.5299479171875 0.546875 0.5143229171875 0.546875 0.4778645828125 0.55078125 0.4739583328125 0.5537109375 0.4739583328125 0.5810546875 0.4791666671875 0.6162109375 0.48046875 0.6171875
1 0.5455729171875 0.619140625 0.6393229171875 0.61328125 0.6432291671875 0.6103515625 0.6432291671875 0.5908203125 0.6380208328125 0.5458984375 0.6341145828125 0.54296875 0.5872395828125 0.544921875 0.5403645828125 0.548828125 0.5364583328125 0.5517578125 0.5364583328125 0.5830078125 0.5390625 0.6142578125 0.5455729171875 0.619140625
1 0.65234375 0.62890625 0.74609375 0.62890625 0.8294270828125001 0.626953125 0.8333333328125001 0.6240234375 0.8333333328125001 0.6162109375 0.8229166671874999 0.5556640625 0.8111979171874999 0.548828125 0.6497395828125 0.55859375 0.64453125 0.560546875 0.6432291671875 0.5615234375 0.6432291671875 0.5927734375 0.6484375 0.6259765625 0.65234375 0.62890625
1 0.8359375 0.6298828125 0.83984375 0.6328125 0.8736979171874999 0.6328125 0.9127604171874999 0.630859375 0.9388020828125001 0.62890625 0.9401041671874999 0.6279296875 0.9401041671874999 0.6083984375 0.9348958328125001 0.5810546875 0.9296875 0.5615234375 0.92578125 0.55859375 0.88671875 0.560546875 0.8268229171874999 0.56640625 0.8255208328125001 0.5673828125 0.8255208328125001 0.5771484375 0.8333333328125001 0.6201171875 0.8359375 0.6298828125