0 0 0.6064453125 0.0026041671875 0.6259765625 0.03125 0.7900390625 0.05208333281250001 0.8974609375 0.0546875 0.9052734375 0.06119791718749999 0.912109375 0.06901041718749999 0.9140625 0.09505208281250001 0.9140625 0.1080729171875 0.912109375 0.1236979171875 0.90625 0.1276041671875 0.9033203125 0.1276041671875 0.8798828125 0.1145833328125 0.7724609375 0.0546875 0.3623046875 0.05208333281250001 0.3525390625 0.0455729171875 0.345703125 0.0221354171875 0.345703125 0.0013020828125 0.34765625 0 0.3486328125 0 0.6064453125
0 0.1328125 0.9033203125 0.1354166671875 0.9072265625 0.1419270828125 0.91015625 0.1549479171875 0.912109375 0.1809895828125 0.91015625 0.1940104171875 0.908203125 0.20703125 0.904296875 0.2109375 0.8994140625 0.2109375 0.8935546875 0.1692708328125 0.3330078125 0.1653645828125 0.330078125 0.1575520828125 0.328125 0.1471354171875 0.328125 0.06380208281250001 0.33203125 0.05338541718749999 0.333984375 0.05208333281250001 0.3349609375 0.05208333281250001 0.3466796875 0.1302083328125 0.8935546875 0.1328125 0.9033203125
0 0.21744791718749998 0.900390625 0.22786458281250002 0.90234375 0.24348958281250002 0.90234375 0.26171875 0.900390625 0.2721354171875 0.896484375 0.2760416671875 0.8916015625 0.2760416671875 0.8818359375 0.2552083328125 0.5654296875 0.22916666718749998 0.3583984375 0.2265625 0.3486328125 0.22265625 0.34375 0.20963541718749998 0.341796875 0.16015625 0.341796875 0.1536458328125 0.3447265625 0.1510416671875 0.3486328125 0.1510416671875 0.3642578125 0.2109375 0.8935546875 0.21744791718749998 0.900390625
0 0.296875 0.8798828125 0.2994791671875 0.8896484375 0.3059895828125 0.89453125 0.3346354171875 0.89453125 0.35546875 0.892578125 0.37109375 0.890625 0.3776041671875 0.8857421875 0.3776041671875 0.8740234375 0.3333333328125 0.3173828125 0.3307291671875 0.2998046875 0.3229166671875 0.2841796875 0.3138020828125 0.28125 0.25390625 0.28125 0.23046875 0.283203125 0.22916666718749998 0.2841796875 0.2265625 0.2900390625 0.2265625 0.3134765625 0.23177083281250002 0.3720703125 0.296875 0.8798828125
0 0.3854166671875 0.8837890625 0.3919270828125 0.88671875 0.4205729171875 0.88671875 0.45703125 0.880859375 0.4609375 0.8759765625 0.4609375 0.8466796875 0.4557291671875 0.7294921875 0.4348958328125 0.3466796875 0.4283854171875 0.3359375 0.4153645828125 0.3359375 0.3372395828125 0.341796875 0.33203125 0.34375 0.3307291671875 0.3447265625 0.3307291671875 0.3681640625 0.3828125 0.8779296875 0.3854166671875 0.8837890625
0 0.4661458328125 0.8701171875 0.46875 0.8740234375 0.4778645828125 0.880859375 0.49609375 0.8828125 0.5221354171875 0.880859375 0.53515625 0.87890625 0.5403645828125 0.876953125 0.546875 0.8701171875 0.546875 0.8271484375 0.5260416671875 0.3564453125 0.51953125 0.349609375 0.4388020828125 0.3515625 0.4322916671875 0.3603515625 0.4296875 0.3681640625 0.4296875 0.3876953125 0.4635416671875 0.8505859375 0.4661458328125 0.8701171875
0 0.55859375 0.8671875 0.6002604171875 0.8671875 0.61328125 0.865234375 0.64453125 0.857421875 0.6484375 0.8525390625 0.6458333328125 0.3310546875 0.6432291671875 0.3251953125 0.6393229171875 0.322265625 0.6184895828125 0.3203125 0.5013020828125 0.328125 0.48046875 0.33203125 0.4791666671875 0.3349609375 0.5494791671875 0.8603515625 0.5520833328125 0.8642578125 0.55859375 0.8671875
1 0.0286458328125 0.7685546875 0.0325520828125 0.771484375 0.07161458281250001 0.771484375 0.1002604171875 0.767578125 0.1080729171875 0.765625 0.1119791671875 0.7626953125 0.1067708328125 0.7197265625 0.10546875 0.71875 0.0221354171875 0.72265625 0.0208333328125 0.7236328125 0.0208333328125 0.7333984375 0.0260416671875 0.7626953125 0.0286458328125 0.7685546875
1 0.1184895828125 0.76953125 0.1549479171875 0.76953125 0.1731770828125 0.767578125 0.1888020828125 0.763671875 0.1953125 0.7607421875 0.1953125 0.7353515625 0.1927083328125 0.7177734375 0.1888020828125 0.712890625 0.1106770828125 0.720703125 0.1067708328125 0.7236328125 0.1067708328125 0.7255859375 0.1119791671875 0.7626953125 0.1184895828125 0.76953125
1 0.20182291718749998 0.76171875 0.23046875 0.76171875 0.2513020828125 0.759765625 0.2591145828125 0.7578125 0.2630208328125 0.7548828125 0.2630208328125 0.7255859375 0.2604166671875 0.7099609375 0.2591145828125 0.708984375 0.1966145828125 0.712890625 0.1927083328125 0.7158203125 0.1927083328125 0.7216796875 0.1979166671875 0.7587890625 0.20182291718749998 0.76171875
1 0.28515625 0.755859375 0.3190104171875 0.755859375 0.34765625 0.75390625 0.3606770828125 0.751953125 0.3645833328125 0.7490234375 0.3645833328125 0.7255859375 0.3619791671875 0.7060546875 0.3580729171875 0.703125 0.2799479171875 0.708984375 0.2760416671875 0.7119140625 0.2760416671875 0.7158203125 0.28125 0.7529296875 0.28515625 0.755859375
1 0.3723958328125 0.7451171875 0.3763020828125 0.748046875 0.3841145828125 0.748046875 0.4518229171875 0.740234375 0.4557291671875 0.7373046875 0.453125 0.6943359375 0.44921875 0.69140625 0.3684895828125 0.69921875 0.3671875 0.7001953125 0.3671875 0.7138671875 0.3697916671875 0.7392578125 0.3723958328125 0.7451171875
1 0.4622395828125 0.7421875 0.4752604171875 0.744140625 0.50390625 0.744140625 0.5169270828125 0.7421875 0.5325520828125 0.73828125 0.5390625 0.7353515625 0.5390625 0.7080078125 0.5364583328125 0.6904296875 0.53515625 0.689453125 0.45703125 0.6953125 0.4557291671875 0.6962890625 0.4557291671875 0.7255859375 0.4583333328125 0.7392578125 0.4622395828125 0.7421875
1 0.54296875 0.732421875 0.55859375 0.734375 0.59765625 0.734375 0.6315104171875 0.73046875 0.64453125 0.7265625 0.6484375 0.7236328125 0.6484375 0.6806640625 0.6471354171875 0.6796875 0.5403645828125 0.68359375 0.5364583328125 0.6865234375 0.5364583328125 0.6904296875 0.5390625 0.7275390625 0.54296875 0.732421875