0 0.20703125 0.849609375 0.22265625 0.8515625 0.2591145828125 0.8515625 0.26953125 0.849609375 0.28515625 0.84375 0.2890625 0.8408203125 0.2942708328125 0.8271484375 0.2786458328125 0.1904296875 0.2747395828125 0.1875 0.24609375 0.181640625 0.1705729171875 0.181640625 0.1692708328125 0.1826171875 0.1666666671875 0.1865234375 0.1927083328125 0.8349609375 0.1979166671875 0.8447265625 0.20703125 0.849609375
0 0.296875 0.8349609375 0.2994791671875 0.8466796875 0.3033854171875 0.849609375 0.3111979171875 0.8515625 0.3450520828125 0.8515625 0.3528645828125 0.849609375 0.359375 0.8447265625 0.3515625 0.2568359375 0.3489583328125 0.2021484375 0.34375 0.1904296875 0.3385416671875 0.1826171875 0.3346354171875 0.1796875 0.3268229171875 0.177734375 0.2981770828125 0.177734375 0.2877604171875 0.1796875 0.28125 0.1845703125 0.2786458328125 0.1923828125 0.2786458328125 0.2744140625 0.2916666671875 0.7275390625 0.296875 0.8349609375
0 0.45703125 0.85546875 0.5143229171875 0.85546875 0.5208333328125 0.8505859375 0.5234375 0.8466796875 0.5234375 0.6123046875 0.5208333328125 0.3408203125 0.5182291671875 0.2216796875 0.515625 0.1845703125 0.5091145828125 0.177734375 0.44921875 0.177734375 0.4453125 0.1806640625 0.4453125 0.6826171875 0.4479166671875 0.8486328125 0.45703125 0.85546875
0 0.53125 0.8486328125 0.5377604171875 0.853515625 0.54296875 0.85546875 0.55859375 0.857421875 0.6341145828125 0.857421875 0.6497395828125 0.853515625 0.65625 0.8486328125 0.6536458328125 0.1611328125 0.6497395828125 0.158203125 0.63671875 0.15625 0.5377604171875 0.154296875 0.5221354171875 0.15625 0.5143229171875 0.158203125 0.5104166671875 0.1611328125 0.5078125 0.1650390625 0.5078125 0.1748046875 0.5286458328125 0.8427734375 0.53125 0.8486328125
0 0.6588541671875 0.8447265625 0.6640625 0.8525390625 0.6731770828125 0.859375 0.6861979171875 0.865234375 0.7278645828125 0.865234375 0.73828125 0.86328125 0.7447916671875 0.8583984375 0.7473958328125 0.8525390625 0.75 0.8173828125 0.75 0.4560546875 0.7473958328125 0.2822265625 0.7447916671875 0.2353515625 0.7408854171875 0.232421875 0.7122395828125 0.23046875 0.6940104171875 0.23046875 0.6627604171875 0.232421875 0.65625 0.2392578125 0.6536458328125 0.2666015625 0.6536458328125 0.6279296875 0.65625 0.7841796875 0.6588541671875 0.8447265625
0 0.7552083328125 0.8544921875 0.76171875 0.859375 0.7721354171875 0.86328125 0.8190104171874999 0.86328125 0.82421875 0.861328125 0.8307291671874999 0.8544921875 0.8333333328125001 0.7099609375 0.8333333328125001 0.1708984375 0.8307291671874999 0.1669921875 0.82421875 0.1640625 0.76171875 0.1640625 0.7395833328125 0.1845703125 0.7213541671875 0.2060546875 0.7083333328125 0.2236328125 0.7083333328125 0.2255859375 0.75 0.8466796875 0.7552083328125 0.8544921875
0 0.8424479171874999 0.8671875 0.8658854171874999 0.87109375 0.8893229171874999 0.87109375 0.9049479171874999 0.869140625 0.91015625 0.8671875 0.9166666671874999 0.8623046875 0.9192708328125001 0.8349609375 0.921875 0.7392578125 0.9244791671874999 0.2216796875 0.921875 0.2119140625 0.9192708328125001 0.2080078125 0.9153645828125001 0.205078125 0.9075520828125001 0.203125 0.8450520828125001 0.203125 0.8385416671874999 0.2099609375 0.8359375 0.4306640625 0.8333333328125001 0.6923828125 0.8333333328125001 0.8564453125 0.8385416671874999 0.8642578125 0.8424479171874999 0.8671875
0 1 0.1943359375 0.99609375 0.1875 0.97265625 0.181640625 0.91796875 0.181640625 0.9127604171874999 0.18359375 0.90625 0.1884765625 0.90625 0.1962890625 0.921875 0.6083984375 0.92578125 0.61328125 0.99609375 0.61328125 1 0.6103515625 1 0.1943359375
1 0.20182291718749998 0.65234375 0.22786458281250002 0.65234375 0.2747395828125 0.650390625 0.2890625 0.6474609375 0.2890625 0.6083984375 0.2864583328125 0.5888671875 0.28515625 0.587890625 0.1861979171875 0.58984375 0.1848958328125 0.5908203125 0.1848958328125 0.6474609375 0.1888020828125 0.650390625 0.20182291718749998 0.65234375
1 0.29296875 0.669921875 0.3450520828125 0.669921875 0.3528645828125 0.66796875 0.3567708328125 0.6591796875 0.3567708328125 0.6181640625 0.3541666671875 0.6083984375 0.3528645828125 0.607421875 0.3450520828125 0.607421875 0.2903645828125 0.609375 0.2890625 0.6103515625 0.2890625 0.6455078125 0.2916666671875 0.6689453125 0.29296875 0.669921875
1 0.4440104171875 0.658203125 0.4453125 0.6572265625 0.4479166671875 0.6513671875 0.4479166671875 0.6064453125 0.4440104171875 0.599609375 0.3606770828125 0.599609375 0.359375 0.6005859375 0.359375 0.6572265625 0.3606770828125 0.658203125 0.4440104171875 0.658203125
1 0.5091145828125 0.671875 0.51953125 0.669921875 0.5234375 0.6650390625 0.5234375 0.6123046875 0.51953125 0.609375 0.4934895828125 0.609375 0.4518229171875 0.611328125 0.4479166671875 0.6142578125 0.4479166671875 0.6708984375 0.44921875 0.671875 0.5091145828125 0.671875
1 0.5403645828125 0.66796875 0.6471354171875 0.66796875 0.6536458328125 0.6650390625 0.6536458328125 0.6103515625 0.6497395828125 0.607421875 0.5299479171875 0.60546875 0.5260416671875 0.6083984375 0.5260416671875 0.6572265625 0.5299479171875 0.666015625 0.5403645828125 0.66796875
1 0.6575520828125 0.67578125 0.7330729171875 0.67578125 0.75 0.6728515625 0.7526041671875 0.6689453125 0.7526041671875 0.6201171875 0.7486979171875 0.61328125 0.6575520828125 0.615234375 0.6536458328125 0.6181640625 0.6536458328125 0.6455078125 0.65625 0.6748046875 0.6575520828125 0.67578125
1 0.8294270828125001 0.677734375 0.8333333328125001 0.6748046875 0.8359375 0.6474609375 0.8359375 0.6259765625 0.8333333328125001 0.6181640625 0.83203125 0.6171875 0.7565104171875 0.615234375 0.7526041671875 0.6181640625 0.7526041671875 0.6728515625 0.76171875 0.677734375 0.8294270828125001 0.677734375
1 0.84765625 0.68359375 0.89453125 0.68359375 0.91796875 0.681640625 0.9192708328125001 0.6806640625 0.921875 0.6767578125 0.921875 0.6240234375 0.91796875 0.62109375 0.8372395828125001 0.62109375 0.8359375 0.6220703125 0.8359375 0.6748046875 0.8424479171874999 0.681640625 0.84765625 0.68359375