0 0.0377604171875 0.787109375 0.08984375 0.787109375 0.09765625 0.78515625 0.1015625 0.7822265625 0.1041666671875 0.7646484375 0.1536458328125 0.1611328125 0.1536458328125 0.1591796875 0.1419270828125 0.150390625 0.1341145828125 0.1484375 0.1158854171875 0.1484375 0.07942708281250001 0.15234375 0.07161458281250001 0.154296875 0.06510416718749999 0.1591796875 0.0625 0.1708984375 0.0234375 0.5888671875 0.010416667187500001 0.7587890625 0.010416667187500001 0.7802734375 0.01953125 0.78515625 0.0377604171875 0.787109375
0 0.1705729171875 0.791015625 0.1966145828125 0.7890625 0.20182291718749998 0.787109375 0.20572916718749998 0.7841796875 0.20833333281250002 0.7783203125 0.21354166718749998 0.7255859375 0.234375 0.2216796875 0.234375 0.1708984375 0.23177083281250002 0.1650390625 0.22265625 0.162109375 0.1809895828125 0.162109375 0.16015625 0.1640625 0.1536458328125 0.1669921875 0.1484375 0.1748046875 0.1354166671875 0.3134765625 0.1223958328125 0.5166015625 0.1119791671875 0.7099609375 0.109375 0.7861328125 0.11328125 0.7890625 0.1263020828125 0.791015625 0.1705729171875 0.791015625
0 0.2513020828125 0.791015625 0.2877604171875 0.791015625 0.3033854171875 0.7890625 0.3098958328125 0.7861328125 0.3125 0.7802734375 0.3255208328125 0.2021484375 0.3255208328125 0.1552734375 0.3216145828125 0.15234375 0.2591145828125 0.154296875 0.24609375 0.15625 0.23958333281250002 0.1611328125 0.23697916718749998 0.1650390625 0.22916666718749998 0.3330078125 0.22135416718749998 0.5634765625 0.21614583281250002 0.7236328125 0.21614583281250002 0.7841796875 0.22265625 0.7890625 0.2513020828125 0.791015625
0 0.3268229171875 0.791015625 0.3606770828125 0.79296875 0.4075520828125 0.791015625 0.4127604171875 0.7890625 0.4192708328125 0.7841796875 0.421875 0.7802734375 0.4270833328125 0.5869140625 0.4270833328125 0.2744140625 0.4244791671875 0.1611328125 0.421875 0.1513671875 0.4127604171875 0.146484375 0.3502604171875 0.14453125 0.3346354171875 0.150390625 0.328125 0.1572265625 0.3203125 0.3076171875 0.3177083328125 0.4287109375 0.3177083328125 0.7822265625 0.3203125 0.7880859375 0.3268229171875 0.791015625
0 0.44921875 0.78515625 0.4908854171875 0.78515625 0.4986979171875 0.783203125 0.5052083328125 0.7783203125 0.5052083328125 0.1220703125 0.5026041671875 0.1181640625 0.49609375 0.115234375 0.4856770828125 0.11328125 0.4596354171875 0.11328125 0.44140625 0.1171875 0.4361979171875 0.119140625 0.4296875 0.1240234375 0.4270833328125 0.1279296875 0.4270833328125 0.7783203125 0.4361979171875 0.783203125 0.44921875 0.78515625
0 0.5104166671875 0.7802734375 0.5221354171875 0.7890625 0.55859375 0.791015625 0.5950520828125 0.791015625 0.6028645828125 0.7890625 0.6119791671875 0.7822265625 0.6223958328125 0.7587890625 0.625 0.7431640625 0.6276041671875 0.6162109375 0.6302083328125 0.3134765625 0.609375 0.1279296875 0.6041666671875 0.1181640625 0.6002604171875 0.115234375 0.5768229171875 0.115234375 0.5377604171875 0.1171875 0.5169270828125 0.12109375 0.5104166671875 0.1259765625 0.5078125 0.1337890625 0.5052083328125 0.1728515625 0.5026041671875 0.2763671875 0.5052083328125 0.6865234375 0.5078125 0.7705078125 0.5104166671875 0.7802734375
1 0.1158854171875 0.6015625 0.1171875 0.6005859375 0.1197916671875 0.5751953125 0.1197916671875 0.5458984375 0.1184895828125 0.544921875 0.0325520828125 0.544921875 0.0286458328125 0.5478515625 0.0260416671875 0.5615234375 0.0234375 0.5908203125 0.0234375 0.6005859375 0.0247395828125 0.6015625 0.1158854171875 0.6015625
1 0.22135416718749998 0.5986328125 0.22135416718749998 0.5478515625 0.21744791718749998 0.544921875 0.1471354171875 0.54296875 0.1236979171875 0.544921875 0.1197916671875 0.5498046875 0.1171875 0.5986328125 0.12109375 0.6015625 0.21744791718749998 0.6015625 0.22135416718749998 0.5986328125
1 0.3138020828125 0.599609375 0.3151041671875 0.5986328125 0.3151041671875 0.5439453125 0.3111979171875 0.541015625 0.24609375 0.541015625 0.22526041718749998 0.54296875 0.22135416718749998 0.5458984375 0.22135416718749998 0.5986328125 0.22526041718749998 0.6015625 0.3138020828125 0.599609375
1 0.4231770828125 0.59765625 0.4244791671875 0.5966796875 0.4270833328125 0.5888671875 0.4270833328125 0.5419921875 0.4231770828125 0.5390625 0.3424479171875 0.5390625 0.3190104171875 0.541015625 0.3177083328125 0.5419921875 0.3177083328125 0.5986328125 0.3190104171875 0.599609375 0.4231770828125 0.59765625
1 0.5013020828125 0.59375 0.5026041671875 0.5927734375 0.5026041671875 0.5380859375 0.5013020828125 0.537109375 0.4856770828125 0.53515625 0.4596354171875 0.53515625 0.43359375 0.537109375 0.4296875 0.5400390625 0.4270833328125 0.5478515625 0.4270833328125 0.5927734375 0.4309895828125 0.595703125 0.5013020828125 0.59375
1 0.6106770828125 0.59375 0.6119791671875 0.5927734375 0.6119791671875 0.5361328125 0.6106770828125 0.53515625 0.51171875 0.53515625 0.5065104171875 0.537109375 0.5052083328125 0.5380859375 0.5052083328125 0.5927734375 0.5091145828125 0.595703125 0.6106770828125 0.59375