0 0.1666666671875 0.9150390625 0.1692708328125 0.9267578125 0.1783854171875 0.931640625 0.23307291718749998 0.9375 0.24869791718749998 0.9375 0.25390625 0.935546875 0.2578125 0.9306640625 0.3203125 0.2158203125 0.3138020828125 0.2109375 0.24869791718749998 0.173828125 0.20182291718749998 0.1484375 0.1888020828125 0.142578125 0.1080729171875 0.142578125 0.09244791718749999 0.146484375 0.08854166718749999 0.1494140625 0.08854166718749999 0.2001953125 0.1223958328125 0.5244140625 0.1666666671875 0.9150390625
0 0.24479166718749998 0.7216796875 0.265625 0.9169921875 0.2682291671875 0.9306640625 0.2708333328125 0.9345703125 0.2799479171875 0.94140625 0.30078125 0.94921875 0.3216145828125 0.94921875 0.33984375 0.947265625 0.3606770828125 0.943359375 0.3697916671875 0.9365234375 0.3619791671875 0.2412109375 0.3424479171875 0.224609375 0.21484375 0.224609375 0.20833333281250002 0.2294921875 0.20572916718749998 0.2373046875 0.20572916718749998 0.2607421875 0.20833333281250002 0.2958984375 0.24479166718749998 0.7216796875
0 0.3619791671875 0.7705078125 0.3697916671875 0.9267578125 0.3723958328125 0.9404296875 0.37890625 0.9453125 0.3971354171875 0.947265625 0.4283854171875 0.947265625 0.4348958328125 0.9443359375 0.4348958328125 0.5947265625 0.4296875 0.2685546875 0.4231770828125 0.26171875 0.4075520828125 0.2578125 0.3528645828125 0.2578125 0.3515625 0.2587890625 0.3489583328125 0.2626953125 0.3489583328125 0.3623046875 0.3515625 0.4599609375 0.3619791671875 0.7705078125
0 0.4401041671875 0.9423828125 0.4466145828125 0.947265625 0.4596354171875 0.94921875 0.49609375 0.951171875 0.5169270828125 0.94921875 0.5234375 0.9423828125 0.546875 0.2041015625 0.5442708328125 0.1982421875 0.5377604171875 0.193359375 0.47265625 0.19140625 0.4466145828125 0.19140625 0.4361979171875 0.193359375 0.4296875 0.1982421875 0.4296875 0.2255859375 0.4375 0.8388671875 0.4401041671875 0.9423828125
0 0.55078125 0.94921875 0.5638020828125 0.94921875 0.58984375 0.947265625 0.5963541671875 0.9423828125 0.6041666671875 0.7685546875 0.6171875 0.3037109375 0.6171875 0.2705078125 0.61328125 0.267578125 0.60546875 0.265625 0.5638020828125 0.265625 0.5455729171875 0.267578125 0.5390625 0.2724609375 0.5364583328125 0.3349609375 0.53125 0.7119140625 0.53125 0.9443359375 0.5377604171875 0.947265625 0.55078125 0.94921875
0 0.6497395828125 0.947265625 0.6627604171875 0.9453125 0.66796875 0.943359375 0.6770833328125 0.9365234375 0.6901041671875 0.7548828125 0.71875 0.2294921875 0.7096354171875 0.224609375 0.6966145828125 0.22265625 0.63671875 0.22265625 0.6263020828125 0.224609375 0.6158854171875 0.228515625 0.6041666671875 0.2373046875 0.6015625 0.2412109375 0.5963541671875 0.2529296875 0.5989583328125 0.9404296875 0.60546875 0.947265625 0.6497395828125 0.947265625
0 0.83203125 0.94921875 0.8385416671874999 0.9443359375 0.84375 0.9345703125 0.8463541671874999 0.9150390625 0.8880208328125001 0.4091796875 0.8880208328125001 0.3935546875 0.8841145828125001 0.388671875 0.8138020828125001 0.388671875 0.8098958328125001 0.3916015625 0.8046875 0.4267578125 0.765625 0.8759765625 0.7630208328125 0.9423828125 0.76953125 0.947265625 0.7825520828125 0.94921875 0.83203125 0.94921875
0 0.8763020828125001 0.951171875 0.8828125 0.9482421875 0.8880208328125001 0.9365234375 0.8958333328125001 0.8857421875 0.96875 0.3134765625 0.96875 0.3056640625 0.9661458328125001 0.3017578125 0.9596354171874999 0.296875 0.9127604171874999 0.296875 0.8919270828125001 0.30078125 0.8880208328125001 0.3037109375 0.8463541671874999 0.8623046875 0.8411458328125001 0.9443359375 0.84765625 0.94921875 0.8606770828125001 0.951171875 0.8763020828125001 0.951171875
0 1 0.3134765625 0.99609375 0.30859375 0.9752604171874999 0.30859375 0.96875 0.3154296875 0.9114583328125001 0.7587890625 0.8880208328125001 0.9501953125 0.8971354171874999 0.955078125 0.9752604171874999 0.955078125 0.9934895828125001 0.953125 0.9973958328125001 0.9501953125 1 0.9384765625 1 0.3134765625
1 0.15234375 0.76171875 0.18359375 0.765625 0.21484375 0.765625 0.23567708281250002 0.763671875 0.2421875 0.7607421875 0.24479166718749998 0.7568359375 0.24479166718749998 0.7373046875 0.23958333281250002 0.7060546875 0.23567708281250002 0.701171875 0.14453125 0.701171875 0.1432291671875 0.7021484375 0.1432291671875 0.7060546875 0.1484375 0.7548828125 0.15234375 0.76171875
1 0.25390625 0.767578125 0.2591145828125 0.76953125 0.27734375 0.771484375 0.3216145828125 0.771484375 0.3528645828125 0.767578125 0.3567708328125 0.7646484375 0.3567708328125 0.7119140625 0.3528645828125 0.708984375 0.24869791718749998 0.7109375 0.24739583281250002 0.7119140625 0.24739583281250002 0.7412109375 0.25 0.7626953125 0.25390625 0.767578125
1 0.3658854171875 0.771484375 0.38671875 0.7734375 0.4309895828125 0.7734375 0.4348958328125 0.7685546875 0.4348958328125 0.7431640625 0.4322916671875 0.7138671875 0.4309895828125 0.712890625 0.3658854171875 0.7109375 0.3619791671875 0.7138671875 0.3619791671875 0.7646484375 0.3645833328125 0.7705078125 0.3658854171875 0.771484375
1 0.5221354171875 0.77734375 0.5260416671875 0.7744140625 0.5286458328125 0.7685546875 0.5286458328125 0.7177734375 0.5247395828125 0.71484375 0.44140625 0.716796875 0.4375 0.7197265625 0.4375 0.7705078125 0.44140625 0.77734375 0.5221354171875 0.77734375
1 0.53515625 0.775390625 0.5950520828125 0.775390625 0.6002604171875 0.7734375 0.6015625 0.7724609375 0.6041666671875 0.7548828125 0.6041666671875 0.7158203125 0.6002604171875 0.712890625 0.53515625 0.71484375 0.53125 0.7177734375 0.53125 0.7705078125 0.5338541671875 0.7744140625 0.53515625 0.775390625
1 0.6184895828125 0.779296875 0.6263020828125 0.779296875 0.6705729171875 0.775390625 0.68359375 0.7734375 0.6875 0.7705078125 0.6901041671875 0.7470703125 0.6901041671875 0.7138671875 0.6888020828125 0.712890625 0.6080729171875 0.716796875 0.6067708328125 0.7177734375 0.6067708328125 0.7763671875 0.6080729171875 0.77734375 0.6184895828125 0.779296875
1 0.7278645828125 0.78125 0.74609375 0.78125 0.76953125 0.779296875 0.7760416671875 0.7724609375 0.7786458328125 0.7490234375 0.7786458328125 0.7197265625 0.77734375 0.71875 0.7018229171875 0.71484375 0.6966145828125 0.71484375 0.6953125 0.7158203125 0.6927083328125 0.7314453125 0.6927083328125 0.7724609375 0.69921875 0.77734375 0.7278645828125 0.78125
1 0.8450520828125001 0.78515625 0.8515625 0.7802734375 0.8567708328125001 0.7412109375 0.8567708328125001 0.7255859375 0.8528645828125001 0.72265625 0.7825520828125 0.72265625 0.78125 0.7236328125 0.7786458328125 0.7373046875 0.7760416671875 0.7783203125 0.7799479171875 0.783203125 0.7877604171875 0.78515625 0.8450520828125001 0.78515625
1 0.8684895828125001 0.787109375 0.90234375 0.787109375 0.90625 0.7841796875 0.9088541671874999 0.7724609375 0.9114583328125001 0.7509765625 0.9114583328125001 0.7294921875 0.91015625 0.728515625 0.8658854171874999 0.7265625 0.8606770828125001 0.7265625 0.859375 0.7275390625 0.8567708328125001 0.7529296875 0.8567708328125001 0.7822265625 0.8606770828125001 0.78515625 0.8684895828125001 0.787109375
1 1 0.7431640625 0.99609375 0.740234375 0.91796875 0.73828125 0.9140625 0.7412109375 0.9114583328125001 0.7607421875 0.9088541671874999 0.7822265625 0.9088541671874999 0.7958984375 0.9127604171874999 0.798828125 0.94140625 0.80078125 0.9986979171874999 0.80078125 1 0.7998046875 1 0.7431640625