0 0.39453125 0.7890625 0.41015625 0.787109375 0.4166666671875 0.7822265625 0.4192708328125 0.7783203125 0.421875 0.7587890625 0.4322916671875 0.5888671875 0.4453125 0.3134765625 0.4453125 0.2509765625 0.4440104171875 0.25 0.4309895828125 0.24609375 0.41796875 0.244140625 0.3684895828125 0.240234375 0.35546875 0.240234375 0.3450520828125 0.2421875 0.3411458328125 0.2451171875 0.3385416671875 0.2509765625 0.3255208328125 0.3876953125 0.3229166671875 0.7822265625 0.3268229171875 0.787109375 0.3372395828125 0.7890625 0.39453125 0.7890625
0 0.53125 0.7822265625 0.5390625 0.6767578125 0.5598958328125 0.2919921875 0.5598958328125 0.2607421875 0.5559895828125 0.2578125 0.51953125 0.25390625 0.4622395828125 0.251953125 0.4544270828125 0.25390625 0.4505208328125 0.2587890625 0.4479166671875 0.2666015625 0.4322916671875 0.6123046875 0.4270833328125 0.7802734375 0.43359375 0.787109375 0.5247395828125 0.787109375 0.53125 0.7822265625
0 0.54296875 0.78515625 0.5533854171875 0.7890625 0.57421875 0.791015625 0.6471354171875 0.791015625 0.6536458328125 0.7841796875 0.6588541671875 0.7314453125 0.6848958328125 0.3916015625 0.6875 0.3447265625 0.6875 0.2646484375 0.6861979171875 0.263671875 0.6731770828125 0.26171875 0.58203125 0.2578125 0.5716145828125 0.259765625 0.5651041671875 0.2646484375 0.5520833328125 0.4404296875 0.5416666671875 0.6435546875 0.5364583328125 0.7685546875 0.5364583328125 0.7783203125 0.5390625 0.7822265625 0.54296875 0.78515625
0 0.68359375 0.787109375 0.7200520828125 0.78515625 0.7291666671875 0.7802734375 0.7317708328125 0.7724609375 0.765625 0.2763671875 0.765625 0.2705078125 0.7630208328125 0.2666015625 0.75390625 0.26171875 0.7174479171875 0.2578125 0.6940104171875 0.2578125 0.6901041671875 0.2607421875 0.6614583328125 0.7314453125 0.6614583328125 0.7802734375 0.66796875 0.78515625 0.68359375 0.787109375
0 0.7903645828125 0.787109375 0.796875 0.7841796875 0.7994791671875 0.7802734375 0.8020833328125001 0.7705078125 0.8098958328125001 0.6787109375 0.8307291671874999 0.3740234375 0.8307291671874999 0.3173828125 0.82421875 0.3125 0.8111979171874999 0.310546875 0.7669270828125 0.310546875 0.7630208328125 0.3154296875 0.7395833328125 0.6142578125 0.7317708328125 0.7802734375 0.7356770828125 0.783203125 0.74609375 0.787109375 0.7903645828125 0.787109375
0 0.8346354171874999 0.78515625 0.8411458328125001 0.7802734375 0.8541666671874999 0.6259765625 0.8671875 0.4287109375 0.8697916671874999 0.3662109375 0.8697916671874999 0.3388671875 0.8645833328125001 0.3310546875 0.8580729171874999 0.326171875 0.8528645828125001 0.326171875 0.83984375 0.330078125 0.8333333328125001 0.3349609375 0.8307291671874999 0.3701171875 0.8020833328125001 0.7587890625 0.8020833328125001 0.7822265625 0.80859375 0.78515625 0.8346354171874999 0.78515625
0 0.90234375 0.787109375 0.9153645828125001 0.78515625 0.9192708328125001 0.7822265625 0.9427083328125001 0.3291015625 0.92578125 0.3203125 0.87890625 0.31640625 0.8619791671874999 0.3251953125 0.84375 0.7802734375 0.84765625 0.783203125 0.8658854171874999 0.787109375 0.90234375 0.787109375
0 1 0.2626953125 0.9934895828125001 0.2578125 0.9830729171874999 0.255859375 0.9309895828125001 0.255859375 0.81640625 0.3046875 0.8125 0.3076171875 0.9192708328125001 0.7705078125 0.921875 0.7763671875 0.92578125 0.779296875 0.9361979171874999 0.78125 0.9674479171874999 0.78125 0.98046875 0.779296875 0.9869791671874999 0.7744140625 0.9895833328125001 0.7626953125 0.9973958328125001 0.6298828125 1 0.5263671875 1 0.2626953125
1 0.3815104171875 0.642578125 0.41796875 0.640625 0.42578125 0.638671875 0.4296875 0.6357421875 0.4322916671875 0.5947265625 0.4283854171875 0.591796875 0.33203125 0.59375 0.3307291671875 0.5947265625 0.328125 0.6064453125 0.328125 0.6396484375 0.33203125 0.642578125 0.3815104171875 0.642578125
1 0.44140625 0.642578125 0.4700520828125 0.64453125 0.5143229171875 0.64453125 0.5377604171875 0.642578125 0.5390625 0.6416015625 0.5416666671875 0.6318359375 0.5416666671875 0.5986328125 0.5403645828125 0.59765625 0.4388020828125 0.59375 0.4348958328125 0.5947265625 0.4322916671875 0.6005859375 0.4322916671875 0.6376953125 0.4361979171875 0.640625 0.44140625 0.642578125
1 0.66015625 0.646484375 0.6640625 0.6435546875 0.6666666671875 0.6240234375 0.6666666671875 0.6025390625 0.6653645828125 0.6015625 0.6184895828125 0.599609375 0.5533854171875 0.599609375 0.5520833328125 0.6005859375 0.5494791671875 0.6416015625 0.5533854171875 0.64453125 0.5638020828125 0.646484375 0.66015625 0.646484375
1 0.7278645828125 0.646484375 0.7356770828125 0.64453125 0.7395833328125 0.6416015625 0.7421875 0.6044921875 0.73828125 0.6015625 0.6731770828125 0.599609375 0.6692708328125 0.6025390625 0.6666666671875 0.6396484375 0.6731770828125 0.64453125 0.7044270828125 0.646484375 0.7278645828125 0.646484375
1 0.7513020828125 0.646484375 0.7955729171875 0.6484375 0.80859375 0.646484375 0.8125 0.6435546875 0.8151041671874999 0.6123046875 0.8151041671874999 0.6044921875 0.8138020828125001 0.603515625 0.7513020828125 0.599609375 0.74609375 0.599609375 0.7421875 0.6025390625 0.7395833328125 0.6240234375 0.7395833328125 0.6435546875 0.7408854171875 0.64453125 0.7513020828125 0.646484375
1 0.8502604171874999 0.6484375 0.8515625 0.6474609375 0.8541666671874999 0.6279296875 0.8541666671874999 0.6044921875 0.8528645828125001 0.603515625 0.81640625 0.603515625 0.8151041671874999 0.6044921875 0.8125 0.6220703125 0.8125 0.6474609375 0.8138020828125001 0.6484375 0.8502604171874999 0.6484375
1 0.9166666671874999 0.6572265625 0.9192708328125001 0.6181640625 0.9153645828125001 0.615234375 0.8580729171874999 0.615234375 0.8541666671874999 0.6181640625 0.8515625 0.6572265625 0.85546875 0.66015625 0.9075520828125001 0.66015625 0.9166666671874999 0.6572265625
1 0.93359375 0.6484375 0.9700520828125001 0.6484375 0.98828125 0.646484375 0.9947916671874999 0.6435546875 0.9947916671874999 0.6044921875 0.9934895828125001 0.603515625 0.92578125 0.603515625 0.921875 0.6064453125 0.9192708328125001 0.6181640625 0.9192708328125001 0.6455078125 0.9205729171874999 0.646484375 0.93359375 0.6484375