0 0.08854166718749999 0.6767578125 0.1119791671875 0.7607421875 0.1158854171875 0.765625 0.12890625 0.76953125 0.1471354171875 0.771484375 0.1731770828125 0.76953125 0.1822916671875 0.7646484375 0.20572916718749998 0.2861328125 0.20182291718749998 0.28515625 0.01171875 0.337890625 0.010416667187500001 0.3388671875 0.010416667187500001 0.3505859375 0.0234375 0.4130859375 0.08854166718749999 0.6767578125
0 0.1966145828125 0.779296875 0.22005208281250002 0.783203125 0.24869791718749998 0.783203125 0.2565104171875 0.779296875 0.265625 0.7724609375 0.2682291671875 0.7666015625 0.3046875 0.2802734375 0.3020833328125 0.2763671875 0.2955729171875 0.271484375 0.2825520828125 0.271484375 0.2669270828125 0.275390625 0.13671875 0.330078125 0.1223958328125 0.3408203125 0.1197916671875 0.3701171875 0.1848958328125 0.7646484375 0.1901041671875 0.7744140625 0.1966145828125 0.779296875
0 0.28125 0.7724609375 0.2903645828125 0.775390625 0.3138020828125 0.77734375 0.3372395828125 0.77734375 0.3528645828125 0.775390625 0.3658854171875 0.7734375 0.3723958328125 0.7685546875 0.453125 0.2744140625 0.453125 0.2607421875 0.4518229171875 0.259765625 0.3736979171875 0.259765625 0.32421875 0.279296875 0.26171875 0.306640625 0.23828125 0.318359375 0.234375 0.3212890625 0.234375 0.3447265625 0.265625 0.6630859375 0.28125 0.7724609375
0 0.4283854171875 0.7734375 0.4322916671875 0.7685546875 0.5182291671875 0.2880859375 0.5182291671875 0.2822265625 0.5091145828125 0.275390625 0.4856770828125 0.2734375 0.4700520828125 0.2734375 0.4596354171875 0.275390625 0.3958333328125 0.3291015625 0.375 0.3505859375 0.3723958328125 0.3623046875 0.375 0.7685546875 0.3841145828125 0.7734375 0.4283854171875 0.7734375
0 0.4596354171875 0.80078125 0.4830729171875 0.80078125 0.4934895828125 0.798828125 0.5 0.7939453125 0.5026041671875 0.7900390625 0.5625 0.3095703125 0.5625 0.3076171875 0.55859375 0.3046875 0.5169270828125 0.30078125 0.51171875 0.302734375 0.5026041671875 0.3095703125 0.4869791671875 0.3251953125 0.4505208328125 0.3681640625 0.4453125 0.3759765625 0.4427083328125 0.3974609375 0.4322916671875 0.7431640625 0.4322916671875 0.7919921875 0.44140625 0.796875 0.4596354171875 0.80078125
0 0.5533854171875 0.80078125 0.55859375 0.798828125 0.5625 0.7939453125 0.578125 0.6943359375 0.6276041671875 0.3564453125 0.6354166671875 0.2763671875 0.6341145828125 0.2734375 0.5872395828125 0.26953125 0.5833333328125 0.2705078125 0.578125 0.2783203125 0.5494791671875 0.3408203125 0.5130208328125 0.7412109375 0.5104166671875 0.7919921875 0.51953125 0.798828125 0.52734375 0.80078125 0.5533854171875 0.80078125
0 0.5846354171875 0.798828125 0.6158854171875 0.798828125 0.6236979171875 0.796875 0.6276041671875 0.7919921875 0.6302083328125 0.7822265625 0.6770833328125 0.5048828125 0.6848958328125 0.4423828125 0.6848958328125 0.4287109375 0.68359375 0.427734375 0.6263020828125 0.412109375 0.62109375 0.412109375 0.6171875 0.4150390625 0.6145833328125 0.4267578125 0.5911458328125 0.5830078125 0.5755208328125 0.7158203125 0.5729166671875 0.7587890625 0.5729166671875 0.7900390625 0.5755208328125 0.7939453125 0.5846354171875 0.798828125
1 0.09505208281250001 0.681640625 0.1236979171875 0.685546875 0.1471354171875 0.685546875 0.1627604171875 0.68359375 0.171875 0.6787109375 0.1692708328125 0.6572265625 0.1653645828125 0.650390625 0.08723958281250001 0.646484375 0.08333333281250001 0.6494140625 0.08333333281250001 0.6513671875 0.08854166718749999 0.6748046875 0.09505208281250001 0.681640625
1 0.1744791671875 0.6826171875 0.1783854171875 0.685546875 0.1940104171875 0.689453125 0.22526041718749998 0.693359375 0.24609375 0.693359375 0.2513020828125 0.69140625 0.2604166671875 0.6845703125 0.2604166671875 0.6650390625 0.2565104171875 0.654296875 0.1705729171875 0.65234375 0.1692708328125 0.6533203125 0.1692708328125 0.6611328125 0.171875 0.6767578125 0.1744791671875 0.6826171875
1 0.2747395828125 0.68359375 0.2877604171875 0.685546875 0.3606770828125 0.685546875 0.3684895828125 0.68359375 0.3723958328125 0.6806640625 0.3723958328125 0.6533203125 0.37109375 0.65234375 0.2669270828125 0.650390625 0.265625 0.6513671875 0.265625 0.6591796875 0.2682291671875 0.6787109375 0.2747395828125 0.68359375
1 0.3997395828125 0.685546875 0.43359375 0.685546875 0.4348958328125 0.6845703125 0.4348958328125 0.6572265625 0.4309895828125 0.654296875 0.3763020828125 0.65234375 0.375 0.6533203125 0.375 0.6826171875 0.3763020828125 0.68359375 0.3997395828125 0.685546875
1 0.44921875 0.703125 0.4778645828125 0.70703125 0.50390625 0.70703125 0.5078125 0.7041015625 0.5104166671875 0.7001953125 0.5104166671875 0.6728515625 0.5091145828125 0.671875 0.4440104171875 0.6640625 0.4388020828125 0.6640625 0.4375 0.6650390625 0.4348958328125 0.6728515625 0.4348958328125 0.6962890625 0.4388020828125 0.69921875 0.44921875 0.703125
1 0.53515625 0.7109375 0.5690104171875 0.7109375 0.5755208328125 0.7060546875 0.578125 0.6982421875 0.5807291671875 0.6787109375 0.5768229171875 0.67578125 0.5221354171875 0.673828125 0.5182291671875 0.6767578125 0.5182291671875 0.7060546875 0.51953125 0.70703125 0.53515625 0.7109375
1 0.5950520828125 0.70703125 0.63671875 0.70703125 0.640625 0.7041015625 0.6458333328125 0.6806640625 0.6458333328125 0.6748046875 0.6419270828125 0.671875 0.5846354171875 0.671875 0.5833333328125 0.6728515625 0.5807291671875 0.6806640625 0.5807291671875 0.7001953125 0.5846354171875 0.705078125 0.5950520828125 0.70703125