0 0.1770833328125 0.7568359375 0.1875 0.8056640625 0.203125 0.8642578125 0.20572916718749998 0.8701171875 0.21223958281250002 0.875 0.21744791718749998 0.876953125 0.26171875 0.8828125 0.2877604171875 0.8828125 0.3033854171875 0.880859375 0.3125 0.8759765625 0.3125 0.8369140625 0.2682291671875 0.3232421875 0.2604166671875 0.3076171875 0.25390625 0.3046875 0.2513020828125 0.3046875 0.1966145828125 0.3203125 0.1080729171875 0.3515625 0.1041666671875 0.3544921875 0.1041666671875 0.3798828125 0.1067708328125 0.3974609375 0.1770833328125 0.7568359375
0 0.3177083328125 0.8837890625 0.3203125 0.8876953125 0.3268229171875 0.892578125 0.3450520828125 0.896484375 0.41796875 0.896484375 0.4322916671875 0.8876953125 0.4348958328125 0.8759765625 0.4505208328125 0.2900390625 0.44921875 0.2890625 0.3580729171875 0.28125 0.3372395828125 0.2890625 0.2825520828125 0.3203125 0.2604166671875 0.3369140625 0.2604166671875 0.3525390625 0.3020833328125 0.7626953125 0.3177083328125 0.8837890625
0 0.4440104171875 0.890625 0.4596354171875 0.89453125 0.4778645828125 0.896484375 0.51171875 0.896484375 0.54296875 0.888671875 0.5494791671875 0.8837890625 0.5520833328125 0.8759765625 0.5859375 0.3955078125 0.5859375 0.3662109375 0.546875 0.3056640625 0.54296875 0.302734375 0.46484375 0.30078125 0.45703125 0.302734375 0.453125 0.3056640625 0.4348958328125 0.3466796875 0.4322916671875 0.3564453125 0.4296875 0.3681640625 0.4296875 0.3818359375 0.4401041671875 0.8857421875 0.4440104171875 0.890625
0 0.61328125 0.892578125 0.6315104171875 0.890625 0.6549479171875 0.8828125 0.6614583328125 0.8759765625 0.6640625 0.8701171875 0.6848958328125 0.7548828125 0.7369791671875 0.4248046875 0.7395833328125 0.4072265625 0.7395833328125 0.3740234375 0.65234375 0.3203125 0.6419270828125 0.31640625 0.5611979171875 0.318359375 0.5598958328125 0.3193359375 0.5572916671875 0.8779296875 0.5638020828125 0.884765625 0.5794270828125 0.890625 0.61328125 0.892578125
0 0.6744791671875 0.8955078125 0.69140625 0.90234375 0.71484375 0.904296875 0.7565104171875 0.90234375 0.7721354171875 0.8984375 0.7786458328125 0.8935546875 0.7838541671875 0.8857421875 0.9479166671874999 0.2548828125 0.9479166671874999 0.2373046875 0.9388020828125001 0.232421875 0.9231770828125001 0.228515625 0.73828125 0.2109375 0.6315104171875 0.205078125 0.625 0.2080078125 0.6197916671875 0.2177734375 0.6145833328125 0.2666015625 0.6119791671875 0.3076171875 0.6666666671875 0.8837890625 0.6692708328125 0.8896484375 0.6744791671875 0.8955078125
0 1 0.4521484375 0.9947916671874999 0.4384765625 0.9908854171874999 0.435546875 0.9466145828125001 0.416015625 0.91796875 0.408203125 0.91015625 0.408203125 0.90625 0.4111328125 0.8984375 0.4306640625 0.8854166671874999 0.4755859375 0.7916666671875 0.8544921875 0.7864583328125 0.8779296875 0.7864583328125 0.8857421875 0.7903645828125 0.888671875 0.80078125 0.892578125 0.8138020828125001 0.89453125 0.87109375 0.89453125 0.8854166671874999 0.8896484375 0.9479166671874999 0.6923828125 0.9973958328125001 0.5263671875 1 0.5029296875 1 0.4521484375
1 0.1809895828125 0.76171875 0.1888020828125 0.763671875 0.22526041718749998 0.767578125 0.25390625 0.767578125 0.2903645828125 0.763671875 0.3020833328125 0.7607421875 0.3020833328125 0.7353515625 0.2981770828125 0.72265625 0.1731770828125 0.720703125 0.171875 0.7216796875 0.171875 0.7314453125 0.1770833328125 0.7568359375 0.1809895828125 0.76171875
1 0.3111979171875 0.775390625 0.3268229171875 0.779296875 0.42578125 0.779296875 0.4348958328125 0.7763671875 0.4348958328125 0.7392578125 0.43359375 0.73828125 0.3033854171875 0.732421875 0.3020833328125 0.7333984375 0.3020833328125 0.7548828125 0.3046875 0.7705078125 0.3111979171875 0.775390625
1 0.4440104171875 0.77734375 0.4544270828125 0.779296875 0.5325520828125 0.779296875 0.5533854171875 0.775390625 0.5572916671875 0.7724609375 0.5598958328125 0.7587890625 0.5598958328125 0.7353515625 0.55859375 0.734375 0.44140625 0.73828125 0.4401041671875 0.7392578125 0.4375 0.7431640625 0.4375 0.7587890625 0.4401041671875 0.7744140625 0.4440104171875 0.77734375
1 0.59765625 0.77734375 0.6497395828125 0.77734375 0.6731770828125 0.771484375 0.6796875 0.7666015625 0.6822916671875 0.7626953125 0.6848958328125 0.7470703125 0.6848958328125 0.7333984375 0.68359375 0.732421875 0.56640625 0.73046875 0.5625 0.7314453125 0.5598958328125 0.7451171875 0.5598958328125 0.7685546875 0.56640625 0.771484375 0.59765625 0.77734375
1 0.7018229171875 0.7890625 0.7356770828125 0.7890625 0.8059895828125001 0.78515625 0.8098958328125001 0.7822265625 0.8151041671874999 0.7646484375 0.8177083328125001 0.7470703125 0.81640625 0.74609375 0.6966145828125 0.74609375 0.6927083328125 0.7587890625 0.6901041671875 0.7744140625 0.6901041671875 0.7841796875 0.6940104171875 0.787109375 0.7018229171875 0.7890625
1 0.91015625 0.779296875 0.91796875 0.77734375 0.921875 0.7724609375 0.9296875 0.7412109375 0.92578125 0.73828125 0.82421875 0.736328125 0.8203125 0.7392578125 0.8177083328125001 0.7470703125 0.8125 0.7724609375 0.8190104171874999 0.775390625 0.83984375 0.779296875 0.91015625 0.779296875