0 0 0.7587890625 0.009114582812499999 0.763671875 0.0481770828125 0.76171875 0.05729166718749999 0.7568359375 0.05989583281250001 0.7431640625 0.109375 0.2041015625 0.109375 0.1962890625 0.09505208281250001 0.185546875 0.07682291718749999 0.185546875 0.05598958281250001 0.189453125 0.04296875 0.1953125 0.0390625 0.1982421875 0.0364583328125 0.2041015625 0.015625 0.3935546875 0.0026041671875 0.5478515625 0 0.5830078125 0 0.7587890625
0 0.09895833281250001 0.7626953125 0.1145833328125 0.6103515625 0.1458333328125 0.2744140625 0.1484375 0.2314453125 0.1419270828125 0.224609375 0.11328125 0.224609375 0.1028645828125 0.2265625 0.09895833281250001 0.2294921875 0.09635416718749999 0.2353515625 0.09114583281250001 0.2802734375 0.0703125 0.5556640625 0.05989583281250001 0.7626953125 0.06640625 0.765625 0.09505208281250001 0.765625 0.09895833281250001 0.7626953125
0 0.1315104171875 0.767578125 0.1966145828125 0.767578125 0.21744791718749998 0.765625 0.21875 0.7646484375 0.22135416718749998 0.7607421875 0.22395833281250002 0.7412109375 0.23697916718749998 0.5537109375 0.2578125 0.1826171875 0.2552083328125 0.1767578125 0.24869791718749998 0.171875 0.21484375 0.171875 0.1653645828125 0.1796875 0.15625 0.1865234375 0.1510416671875 0.1962890625 0.1015625 0.7197265625 0.1015625 0.7607421875 0.10546875 0.765625 0.1315104171875 0.767578125
0 0.2838541671875 0.7607421875 0.2942708328125 0.5244140625 0.2994791671875 0.2880859375 0.2994791671875 0.1767578125 0.2981770828125 0.17578125 0.28515625 0.17578125 0.2669270828125 0.177734375 0.26171875 0.1796875 0.2604166671875 0.1806640625 0.2578125 0.1962890625 0.22916666718749998 0.6806640625 0.2265625 0.7626953125 0.23307291718749998 0.767578125 0.27734375 0.767578125 0.2838541671875 0.7607421875
0 0.38671875 0.771484375 0.390625 0.7666015625 0.4114583328125 0.1298828125 0.3984375 0.1103515625 0.3919270828125 0.107421875 0.3372395828125 0.111328125 0.30859375 0.1171875 0.3020833328125 0.1240234375 0.2838541671875 0.7646484375 0.2877604171875 0.76953125 0.3033854171875 0.771484375 0.38671875 0.771484375
0 0.3958333328125 0.7724609375 0.3997395828125 0.775390625 0.4153645828125 0.779296875 0.51171875 0.779296875 0.5208333328125 0.7744140625 0.5260416671875 0.7666015625 0.5260416671875 0.4482421875 0.5234375 0.2685546875 0.5208333328125 0.1513671875 0.5182291671875 0.1396484375 0.5143229171875 0.134765625 0.4856770828125 0.134765625 0.4127604171875 0.142578125 0.4075520828125 0.14453125 0.3984375 0.1513671875 0.3958333328125 0.1611328125 0.3932291671875 0.2373046875 0.390625 0.5498046875 0.390625 0.6767578125 0.3932291671875 0.7646484375 0.3958333328125 0.7724609375
0 0.5377604171875 0.78125 0.6184895828125 0.78125 0.6223958328125 0.7763671875 0.6223958328125 0.7177734375 0.6067708328125 0.2490234375 0.6015625 0.1474609375 0.5989583328125 0.1318359375 0.5950520828125 0.12890625 0.58203125 0.12890625 0.56640625 0.130859375 0.5299479171875 0.138671875 0.5234375 0.1435546875 0.5234375 0.3193359375 0.53125 0.7763671875 0.5377604171875 0.78125
0 0.6276041671875 0.7763671875 0.6315104171875 0.779296875 0.6393229171875 0.78125 0.7174479171875 0.78125 0.7239583328125 0.7763671875 0.7239583328125 0.7587890625 0.6953125 0.2119140625 0.6875 0.0927734375 0.6783854171875 0.087890625 0.6549479171875 0.087890625 0.6236979171875 0.091796875 0.6041666671875 0.0986328125 0.6015625 0.1025390625 0.6015625 0.1337890625 0.625 0.7705078125 0.6276041671875 0.7763671875
0 0.7265625 0.7783203125 0.73046875 0.78125 0.7721354171875 0.78125 0.7734375 0.7802734375 0.7734375 0.7353515625 0.7708333328125 0.6748046875 0.7317708328125 0.1005859375 0.7291666671875 0.0927734375 0.7252604171875 0.08984375 0.7096354171875 0.08984375 0.69921875 0.091796875 0.6927083328125 0.0947265625 0.6901041671875 0.0986328125 0.6901041671875 0.1435546875 0.7057291671875 0.4541015625 0.7265625 0.7783203125
0 0.7760416671875 0.7802734375 0.7799479171875 0.783203125 0.79296875 0.78515625 0.8268229171874999 0.78515625 0.828125 0.7841796875 0.828125 0.7626953125 0.8125 0.5400390625 0.7734375 0.0908203125 0.7708333328125 0.0791015625 0.7669270828125 0.076171875 0.7513020828125 0.076171875 0.73828125 0.078125 0.7330729171875 0.080078125 0.7291666671875 0.0830078125 0.7291666671875 0.0966796875 0.7734375 0.7587890625 0.7760416671875 0.7802734375
0 0.8307291671874999 0.7705078125 0.8333333328125001 0.7763671875 0.83984375 0.78125 0.8736979171874999 0.78515625 0.9309895828125001 0.7890625 0.9778645828125001 0.7890625 0.9934895828125001 0.787109375 0.9973958328125001 0.7841796875 0.9973958328125001 0.6435546875 0.9453125 0.1044921875 0.94140625 0.1015625 0.93359375 0.099609375 0.8997395828125001 0.09765625 0.8736979171874999 0.09765625 0.8138020828125001 0.10546875 0.7903645828125 0.111328125 0.78125 0.1162109375 0.7786458328125 0.1220703125 0.78125 0.1787109375 0.8255208328125001 0.7255859375 0.8307291671874999 0.7705078125
1 0.06901041718749999 0.57421875 0.0703125 0.5732421875 0.07291666718749999 0.5419921875 0.07291666718749999 0.5224609375 0.07161458281250001 0.521484375 0.05859375 0.51953125 0.0221354171875 0.521484375 0.009114582812499999 0.5234375 0.0052083328125 0.5302734375 0.0026041671875 0.5556640625 0.0026041671875 0.5771484375 0.00390625 0.578125 0.06901041718749999 0.57421875
1 0.1106770828125 0.578125 0.1158854171875 0.576171875 0.1171875 0.5751953125 0.1223958328125 0.5263671875 0.1184895828125 0.5234375 0.07942708281250001 0.5234375 0.07291666718749999 0.5263671875 0.0703125 0.5498046875 0.0703125 0.5771484375 0.07161458281250001 0.578125 0.1106770828125 0.578125
1 0.234375 0.5693359375 0.23697916718749998 0.5556640625 0.23697916718749998 0.5166015625 0.23567708281250002 0.515625 0.22005208281250002 0.513671875 0.1393229171875 0.513671875 0.1263020828125 0.517578125 0.1223958328125 0.5205078125 0.1197916671875 0.5380859375 0.1171875 0.5693359375 0.12109375 0.572265625 0.23307291718749998 0.5703125 0.234375 0.5693359375
1 0.26953125 0.572265625 0.2903645828125 0.5703125 0.2916666671875 0.5693359375 0.2942708328125 0.5185546875 0.2903645828125 0.515625 0.2669270828125 0.515625 0.24348958281250002 0.517578125 0.23958333281250002 0.5205078125 0.23697916718749998 0.5517578125 0.23697916718749998 0.5712890625 0.23828125 0.572265625 0.26953125 0.572265625
1 0.390625 0.5673828125 0.390625 0.5146484375 0.3893229171875 0.513671875 0.3502604171875 0.513671875 0.3190104171875 0.515625 0.2981770828125 0.517578125 0.2942708328125 0.5205078125 0.2916666671875 0.5693359375 0.2955729171875 0.57421875 0.38671875 0.5703125 0.390625 0.5673828125
1 0.5247395828125 0.56640625 0.5260416671875 0.5654296875 0.5260416671875 0.5087890625 0.5247395828125 0.5078125 0.5143229171875 0.505859375 0.45703125 0.505859375 0.42578125 0.5078125 0.39453125 0.51171875 0.3932291671875 0.5126953125 0.3932291671875 0.5693359375 0.39453125 0.5703125 0.5247395828125 0.56640625
1 0.5716145828125 0.564453125 0.61328125 0.5625 0.6145833328125 0.5615234375 0.6145833328125 0.5068359375 0.6080729171875 0.501953125 0.5768229171875 0.501953125 0.54296875 0.50390625 0.5325520828125 0.505859375 0.5286458328125 0.5087890625 0.5286458328125 0.5634765625 0.5299479171875 0.564453125 0.5716145828125 0.564453125
1 0.7096354171875 0.5625 0.7109375 0.5615234375 0.7109375 0.5205078125 0.7083333328125 0.5029296875 0.70703125 0.501953125 0.6966145828125 0.5 0.6263020828125 0.501953125 0.62109375 0.50390625 0.6171875 0.5068359375 0.6197916671875 0.5615234375 0.62109375 0.5625 0.7096354171875 0.5625
1 0.7174479171875 0.564453125 0.7565104171875 0.564453125 0.7604166671875 0.5615234375 0.7604166671875 0.5263671875 0.7578125 0.5029296875 0.7565104171875 0.501953125 0.7122395828125 0.501953125 0.7109375 0.5029296875 0.7109375 0.5380859375 0.7135416671875 0.5615234375 0.7174479171875 0.564453125
1 0.7630208328125 0.5615234375 0.7643229171875 0.5625 0.80859375 0.5625 0.8125 0.5595703125 0.8125 0.5458984375 0.8098958328125001 0.5048828125 0.8072916671874999 0.5009765625 0.79296875 0.498046875 0.7721354171875 0.498046875 0.76171875 0.5 0.7578125 0.5029296875 0.7578125 0.5107421875 0.7604166671875 0.5498046875 0.7630208328125 0.5615234375
1 0.8190104171874999 0.5625 0.8294270828125001 0.564453125 0.8372395828125001 0.564453125 0.9830729171874999 0.55859375 0.9869791671874999 0.5556640625 0.9817708328125001 0.5048828125 0.9778645828125001 0.49609375 0.8736979171874999 0.49609375 0.8424479171874999 0.498046875 0.82421875 0.5 0.81640625 0.501953125 0.8125 0.5048828125 0.8125 0.5361328125 0.8151041671874999 0.5595703125 0.8190104171874999 0.5625