0 0 0.8408203125 0.006510417187500001 0.845703125 0.08723958281250001 0.85546875 0.1106770828125 0.85546875 0.1158854171875 0.853515625 0.1223958328125 0.8486328125 0.1223958328125 0.8408203125 0.1119791671875 0.3525390625 0.1015625 0.2353515625 0.09765625 0.228515625 0.00390625 0.23046875 0 0.2333984375 0 0.8408203125
0 0.1263020828125 0.857421875 0.13671875 0.859375 0.1705729171875 0.861328125 0.17578125 0.859375 0.1822916671875 0.8544921875 0.1848958328125 0.8427734375 0.1848958328125 0.6240234375 0.1796875 0.2099609375 0.17578125 0.205078125 0.1575520828125 0.19921875 0.15234375 0.19921875 0.1263020828125 0.201171875 0.1158854171875 0.203125 0.1080729171875 0.205078125 0.09895833281250001 0.2119140625 0.09635416718749999 0.2158203125 0.09635416718749999 0.2236328125 0.1197916671875 0.8505859375 0.1263020828125 0.857421875
0 0.2565104171875 0.865234375 0.2747395828125 0.865234375 0.28125 0.8603515625 0.2838541671875 0.8544921875 0.3229166671875 0.1767578125 0.2903645828125 0.15234375 0.2643229171875 0.14453125 0.19140625 0.15234375 0.1848958328125 0.1572265625 0.1744791671875 0.1669921875 0.1875 0.8583984375 0.1966145828125 0.861328125 0.2565104171875 0.865234375
0 0.2903645828125 0.8671875 0.2955729171875 0.869140625 0.3059895828125 0.87109375 0.3268229171875 0.87109375 0.3333333328125 0.8662109375 0.3333333328125 0.8583984375 0.3307291671875 0.6259765625 0.3203125 0.2119140625 0.3177083328125 0.1982421875 0.31640625 0.197265625 0.30078125 0.197265625 0.28515625 0.19921875 0.2786458328125 0.2041015625 0.28125 0.7705078125 0.2838541671875 0.8623046875 0.2903645828125 0.8671875
0 0.3359375 0.8603515625 0.3424479171875 0.865234375 0.34765625 0.8671875 0.3606770828125 0.869140625 0.3893229171875 0.87109375 0.3997395828125 0.869140625 0.40625 0.8662109375 0.4088541671875 0.6650390625 0.4010416671875 0.1884765625 0.3958333328125 0.1787109375 0.3893229171875 0.17578125 0.37890625 0.17578125 0.3268229171875 0.181640625 0.3229166671875 0.1845703125 0.3203125 0.1884765625 0.3203125 0.2216796875 0.3333333328125 0.8466796875 0.3359375 0.8603515625
0 0.4114583328125 0.8623046875 0.4205729171875 0.869140625 0.43359375 0.873046875 0.51953125 0.8828125 0.5299479171875 0.8828125 0.5390625 0.8759765625 0.546875 0.8662109375 0.5494791671875 0.8447265625 0.5546875 0.6748046875 0.5598958328125 0.1279296875 0.5572916671875 0.1162109375 0.5546875 0.1123046875 0.5377604171875 0.099609375 0.5247395828125 0.095703125 0.5013020828125 0.095703125 0.41796875 0.103515625 0.4049479171875 0.107421875 0.4010416671875 0.1103515625 0.3984375 0.1162109375 0.3984375 0.1474609375 0.4088541671875 0.8564453125 0.4114583328125 0.8623046875
0 0.5768229171875 0.873046875 0.5846354171875 0.875 0.6341145828125 0.8828125 0.6783854171875 0.884765625 0.7174479171875 0.8828125 0.7252604171875 0.880859375 0.734375 0.8740234375 0.7864583328125 0.2060546875 0.7890625 0.1337890625 0.7890625 0.0771484375 0.7864583328125 0.0654296875 0.76953125 0.048828125 0.7513020828125 0.04296875 0.7356770828125 0.041015625 0.6888020828125 0.044921875 0.6263020828125 0.0546875 0.5846354171875 0.0625 0.5768229171875 0.064453125 0.5690104171875 0.068359375 0.5625 0.0751953125 0.5572916671875 0.8505859375 0.5598958328125 0.8583984375 0.5651041671875 0.8662109375 0.5768229171875 0.873046875
1 0 0.6630859375 0.0013020828125 0.6640625 0.006510417187500001 0.666015625 0.0377604171875 0.66796875 0.08463541718749999 0.669921875 0.11328125 0.669921875 0.1145833328125 0.6689453125 0.1145833328125 0.6201171875 0.1106770828125 0.61328125 0.009114582812499999 0.609375 0.0013020828125 0.611328125 0 0.6123046875 0 0.6630859375
1 0.12890625 0.6796875 0.1731770828125 0.6796875 0.1783854171875 0.677734375 0.1822916671875 0.6748046875 0.1848958328125 0.6572265625 0.1848958328125 0.6220703125 0.18359375 0.62109375 0.1158854171875 0.62109375 0.1145833328125 0.6220703125 0.1145833328125 0.6572265625 0.1171875 0.6767578125 0.12890625 0.6796875
1 0.21484375 0.67578125 0.2799479171875 0.67578125 0.28125 0.6748046875 0.28125 0.6181640625 0.2799479171875 0.6171875 0.22786458281250002 0.615234375 0.1888020828125 0.615234375 0.1875 0.6162109375 0.1875 0.6708984375 0.19140625 0.673828125 0.21484375 0.67578125
1 0.33984375 0.6796875 0.3606770828125 0.681640625 0.39453125 0.681640625 0.4049479171875 0.677734375 0.40625 0.6767578125 0.40625 0.6220703125 0.40234375 0.619140625 0.33203125 0.619140625 0.3307291671875 0.6201171875 0.3307291671875 0.6728515625 0.3333333328125 0.6767578125 0.33984375 0.6796875
1 0.3033854171875 0.6796875 0.3190104171875 0.6796875 0.3268229171875 0.677734375 0.3307291671875 0.6748046875 0.3307291671875 0.6220703125 0.3268229171875 0.619140625 0.2825520828125 0.6171875 0.28125 0.6181640625 0.28125 0.6748046875 0.28515625 0.677734375 0.3033854171875 0.6796875
1 0.4596354171875 0.68359375 0.5299479171875 0.6875 0.54296875 0.685546875 0.5520833328125 0.6787109375 0.5520833328125 0.6240234375 0.55078125 0.623046875 0.4127604171875 0.619140625 0.4114583328125 0.6201171875 0.4114583328125 0.6767578125 0.4153645828125 0.6796875 0.4596354171875 0.68359375
1 0.56640625 0.66015625 0.5794270828125 0.662109375 0.65234375 0.669921875 0.7356770828125 0.669921875 0.7421875 0.6669921875 0.7447916671875 0.6513671875 0.7447916671875 0.6064453125 0.7434895828125 0.60546875 0.5768229171875 0.59765625 0.5638020828125 0.59765625 0.5625 0.5986328125 0.5598958328125 0.6025390625 0.5598958328125 0.6572265625 0.5611979171875 0.658203125 0.56640625 0.66015625