0 0 0.8857421875 0.006510417187500001 0.892578125 0.05859375 0.892578125 0.07682291718749999 0.890625 0.08984375 0.88671875 0.09635416718749999 0.8798828125 0.09895833281250001 0.8544921875 0.1536458328125 0.2216796875 0.1536458328125 0.1982421875 0.1393229171875 0.193359375 0.1236979171875 0.19140625 0.07942708281250001 0.19140625 0.06640625 0.1953125 0.0546875 0.2060546875 0.05208333281250001 0.2119140625 0.0234375 0.4462890625 0.0052083328125 0.6337890625 0 0.6904296875 0 0.8857421875
0 0.1315104171875 0.888671875 0.1471354171875 0.888671875 0.1575520828125 0.88671875 0.1640625 0.8837890625 0.1666666671875 0.8759765625 0.1796875 0.7392578125 0.20052083281250002 0.4599609375 0.20833333281250002 0.3349609375 0.21354166718749998 0.1962890625 0.21354166718749998 0.1923828125 0.20703125 0.185546875 0.1809895828125 0.185546875 0.1705729171875 0.1875 0.16015625 0.19140625 0.15625 0.1962890625 0.1276041671875 0.4970703125 0.1041666671875 0.7763671875 0.09895833281250001 0.8544921875 0.09895833281250001 0.8818359375 0.11328125 0.88671875 0.1315104171875 0.888671875
0 0.20182291718749998 0.89453125 0.2565104171875 0.89453125 0.2604166671875 0.8896484375 0.2630208328125 0.8623046875 0.2760416671875 0.6669921875 0.3020833328125 0.2080078125 0.3020833328125 0.1708984375 0.2994791671875 0.1669921875 0.2903645828125 0.162109375 0.24088541718749998 0.15234375 0.23046875 0.15234375 0.21875 0.1611328125 0.2109375 0.1689453125 0.1666666671875 0.8525390625 0.1666666671875 0.8857421875 0.17578125 0.890625 0.20182291718749998 0.89453125
0 0.2747395828125 0.90234375 0.3294270828125 0.90625 0.3450520828125 0.90625 0.3541666671875 0.8994140625 0.3567708328125 0.8857421875 0.3776041671875 0.4755859375 0.390625 0.1357421875 0.3841145828125 0.130859375 0.3763020828125 0.12890625 0.3294270828125 0.1328125 0.3190104171875 0.134765625 0.3138020828125 0.13671875 0.3046875 0.1435546875 0.3020833328125 0.1650390625 0.2604166671875 0.8759765625 0.2604166671875 0.8955078125 0.2669270828125 0.900390625 0.2747395828125 0.90234375
0 0.3971354171875 0.91015625 0.4778645828125 0.91015625 0.484375 0.9052734375 0.4869791671875 0.8798828125 0.5078125 0.2373046875 0.5104166671875 0.1357421875 0.5078125 0.1044921875 0.4986979171875 0.099609375 0.47265625 0.099609375 0.4283854171875 0.103515625 0.3997395828125 0.111328125 0.3984375 0.1123046875 0.3932291671875 0.1416015625 0.3567708328125 0.8583984375 0.3567708328125 0.9013671875 0.3658854171875 0.90625 0.3971354171875 0.91015625
0 0.55078125 0.919921875 0.5638020828125 0.91796875 0.5703125 0.9111328125 0.5729166671875 0.8798828125 0.6067708328125 0.0849609375 0.6067708328125 0.0771484375 0.6041666671875 0.0732421875 0.5924479171875 0.064453125 0.5872395828125 0.0625 0.5247395828125 0.064453125 0.5104166671875 0.0751953125 0.4895833328125 0.7314453125 0.4869791671875 0.9130859375 0.5065104171875 0.91796875 0.52734375 0.919921875 0.55078125 0.919921875
0 0.6393229171875 0.912109375 0.6458333328125 0.9072265625 0.6484375 0.8740234375 0.6510416671875 0.7841796875 0.65625 0.1181640625 0.64453125 0.115234375 0.6263020828125 0.11328125 0.6028645828125 0.115234375 0.5963541671875 0.1181640625 0.59375 0.1240234375 0.5911458328125 0.1611328125 0.578125 0.7509765625 0.5755208328125 0.9052734375 0.58203125 0.91015625 0.58984375 0.912109375 0.6393229171875 0.912109375
1 0.08984375 0.67578125 0.1106770828125 0.673828125 0.1145833328125 0.6708984375 0.1171875 0.6298828125 0.1171875 0.6123046875 0.1158854171875 0.611328125 0.014322917187500001 0.609375 0.0078125 0.6142578125 0.0026041671875 0.6650390625 0.0026041671875 0.6728515625 0.00390625 0.673828125 0.08984375 0.67578125
1 0.1809895828125 0.66796875 0.1848958328125 0.6611328125 0.1875 0.6044921875 0.1861979171875 0.603515625 0.1236979171875 0.6015625 0.1197916671875 0.6044921875 0.1171875 0.6142578125 0.1145833328125 0.6416015625 0.1145833328125 0.6650390625 0.1184895828125 0.66796875 0.1809895828125 0.66796875
1 0.19921875 0.669921875 0.2721354171875 0.669921875 0.2734375 0.6689453125 0.2760416671875 0.6552734375 0.2786458328125 0.6103515625 0.2786458328125 0.6064453125 0.2747395828125 0.603515625 0.19140625 0.603515625 0.1875 0.6064453125 0.1848958328125 0.6298828125 0.1848958328125 0.6669921875 0.1861979171875 0.66796875 0.19921875 0.669921875
1 0.3580729171875 0.669921875 0.3658854171875 0.66796875 0.3671875 0.6669921875 0.3697916671875 0.6474609375 0.3697916671875 0.5986328125 0.3684895828125 0.59765625 0.2825520828125 0.59765625 0.2786458328125 0.6005859375 0.2760416671875 0.6240234375 0.2760416671875 0.6669921875 0.2799479171875 0.669921875 0.3580729171875 0.669921875
1 0.41015625 0.671875 0.4908854171875 0.671875 0.4921875 0.6708984375 0.4947916671875 0.6494140625 0.4947916671875 0.6044921875 0.4908854171875 0.6015625 0.37890625 0.599609375 0.3723958328125 0.6025390625 0.3697916671875 0.6376953125 0.3697916671875 0.6669921875 0.3736979171875 0.669921875 0.41015625 0.671875
1 0.5247395828125 0.671875 0.5638020828125 0.671875 0.57421875 0.669921875 0.5755208328125 0.6689453125 0.578125 0.6396484375 0.578125 0.6025390625 0.57421875 0.599609375 0.4986979171875 0.599609375 0.4947916671875 0.6025390625 0.4947916671875 0.6689453125 0.49609375 0.669921875 0.5247395828125 0.671875
1 0.6471354171875 0.66796875 0.6484375 0.6669921875 0.6484375 0.5986328125 0.64453125 0.595703125 0.58203125 0.595703125 0.5807291671875 0.5966796875 0.5807291671875 0.6650390625 0.58984375 0.66796875 0.6471354171875 0.66796875