0 0 0.4697265625 0.0078125 0.5341796875 0.0390625 0.7314453125 0.06510416718749999 0.8896484375 0.0703125 0.9052734375 0.07421875 0.908203125 0.08463541718749999 0.912109375 0.1184895828125 0.912109375 0.12890625 0.91015625 0.1354166671875 0.9052734375 0.1380208328125 0.8798828125 0.1380208328125 0.8466796875 0.06510416718749999 0.2705078125 0.05729166718749999 0.2353515625 0.05078125 0.23046875 0.0299479171875 0.228515625 0.006510417187500001 0.23046875 0 0.2353515625 0 0.4697265625
0 0.1458333328125 0.9150390625 0.1549479171875 0.921875 0.17578125 0.927734375 0.1966145828125 0.927734375 0.22265625 0.92578125 0.23307291718749998 0.921875 0.23697916718749998 0.9189453125 0.23958333281250002 0.9130859375 0.23958333281250002 0.8935546875 0.1848958328125 0.2666015625 0.1796875 0.2294921875 0.1731770828125 0.2265625 0.1575520828125 0.2265625 0.06640625 0.23046875 0.05989583281250001 0.2353515625 0.05989583281250001 0.2431640625 0.125 0.7607421875 0.1458333328125 0.9150390625
0 0.24479166718749998 0.9189453125 0.2513020828125 0.92578125 0.2643229171875 0.9296875 0.2903645828125 0.93359375 0.3190104171875 0.93359375 0.3268229171875 0.931640625 0.3307291671875 0.9287109375 0.3333333328125 0.9228515625 0.3333333328125 0.8994140625 0.3046875 0.2353515625 0.3020833328125 0.2197265625 0.2955729171875 0.21484375 0.21744791718749998 0.205078125 0.20182291718749998 0.205078125 0.1822916671875 0.2216796875 0.1640625 0.2822265625 0.1640625 0.2900390625 0.23958333281250002 0.8994140625 0.24479166718749998 0.9189453125
0 0.4361979171875 1 0.4401041671875 0.9951171875 0.4609375 0.9365234375 0.4713541671875 0.2275390625 0.4674479171875 0.224609375 0.41796875 0.2109375 0.32421875 0.2109375 0.3177083328125 0.2158203125 0.3177083328125 0.2333984375 0.3489583328125 0.8115234375 0.3619791671875 0.9990234375 0.36328125 1 0.4361979171875 1
0 0.5481770828125 0.51171875 0.5494791671875 0.5107421875 0.5520833328125 0.4326171875 0.5520833328125 0.2412109375 0.55078125 0.240234375 0.48046875 0.240234375 0.4661458328125 0.2490234375 0.4635416671875 0.2529296875 0.4661458328125 0.3291015625 0.5442708328125 0.5107421875 0.5481770828125 0.51171875
0 0.56640625 0.955078125 0.5950520828125 0.958984375 0.61328125 0.958984375 0.6197916671875 0.9521484375 0.625 0.9404296875 0.6640625 0.8251953125 0.7083333328125 0.2490234375 0.7083333328125 0.2353515625 0.7044270828125 0.232421875 0.6888020828125 0.232421875 0.57421875 0.23828125 0.55859375 0.240234375 0.5572916671875 0.2412109375 0.5572916671875 0.8857421875 0.5598958328125 0.9501953125 0.56640625 0.955078125
0 0.71484375 0.95703125 0.7200520828125 0.958984375 0.7513020828125 0.962890625 0.7591145828125 0.962890625 0.765625 0.9599609375 0.7708333328125 0.9482421875 0.78125 0.8505859375 0.8072916671874999 0.5146484375 0.8255208328125001 0.2509765625 0.8255208328125001 0.2373046875 0.8216145828125001 0.234375 0.7643229171875 0.234375 0.75390625 0.236328125 0.7395833328125 0.2470703125 0.734375 0.2548828125 0.7057291671875 0.7431640625 0.703125 0.8291015625 0.7057291671875 0.9482421875 0.7083333328125 0.9521484375 0.71484375 0.95703125
1 0.0481770828125 0.759765625 0.05598958281250001 0.76171875 0.07942708281250001 0.763671875 0.09505208281250001 0.763671875 0.1184895828125 0.759765625 0.125 0.7548828125 0.1223958328125 0.7255859375 0.1197916671875 0.7099609375 0.1184895828125 0.708984375 0.0403645828125 0.708984375 0.0390625 0.7099609375 0.0390625 0.7255859375 0.0442708328125 0.7548828125 0.0481770828125 0.759765625
1 0.1315104171875 0.7734375 0.14453125 0.77734375 0.1731770828125 0.78125 0.20442708281250002 0.78125 0.22265625 0.779296875 0.2265625 0.7763671875 0.2265625 0.7568359375 0.22395833281250002 0.7314453125 0.22005208281250002 0.728515625 0.1236979171875 0.72265625 0.1223958328125 0.7236328125 0.1223958328125 0.7373046875 0.1276041671875 0.7705078125 0.1315104171875 0.7734375
1 0.23567708281250002 0.783203125 0.26953125 0.7890625 0.31640625 0.7890625 0.3255208328125 0.7841796875 0.3255208328125 0.7490234375 0.3216145828125 0.736328125 0.22786458281250002 0.73046875 0.22395833281250002 0.7333984375 0.2265625 0.7666015625 0.22916666718749998 0.7783203125 0.23567708281250002 0.783203125
1 0.3541666671875 0.8427734375 0.3606770828125 0.84765625 0.3684895828125 0.849609375 0.3893229171875 0.8515625 0.4231770828125 0.8515625 0.4348958328125 0.8427734375 0.4557291671875 0.8037109375 0.4583333328125 0.7958984375 0.4583333328125 0.7509765625 0.4544270828125 0.748046875 0.3502604171875 0.78515625 0.3489583328125 0.7861328125 0.3489583328125 0.8134765625 0.3515625 0.8388671875 0.3541666671875 0.8427734375
1 0.5403645828125 0.8046875 0.55078125 0.8046875 0.5572916671875 0.7998046875 0.5572916671875 0.7568359375 0.5533854171875 0.75 0.48828125 0.744140625 0.4700520828125 0.744140625 0.46875 0.7451171875 0.46875 0.7939453125 0.47265625 0.796875 0.5403645828125 0.8046875
1 0.61328125 0.81640625 0.6184895828125 0.814453125 0.6223958328125 0.8115234375 0.6276041671875 0.8017578125 0.640625 0.7626953125 0.6432291671875 0.7509765625 0.6432291671875 0.7333984375 0.640625 0.7294921875 0.6393229171875 0.728515625 0.5598958328125 0.7587890625 0.5572916671875 0.7646484375 0.5598958328125 0.8076171875 0.5638020828125 0.810546875 0.61328125 0.81640625
1 0.7747395828125 0.802734375 0.78125 0.7958984375 0.7838541671875 0.7783203125 0.7838541671875 0.7470703125 0.7825520828125 0.74609375 0.73828125 0.744140625 0.72265625 0.744140625 0.7213541671875 0.7451171875 0.71875 0.7939453125 0.7278645828125 0.798828125 0.7408854171875 0.80078125 0.7747395828125 0.802734375