0 0 0.5634765625 0.06510416718749999 0.8212890625 0.07291666718749999 0.8486328125 0.07682291718749999 0.8515625 0.11328125 0.8515625 0.1197916671875 0.8486328125 0.1197916671875 0.8388671875 0.1145833328125 0.8134765625 0.03125 0.4599609375 0.0182291671875 0.4248046875 0.009114582812499999 0.421875 0.00390625 0.421875 0.0026041671875 0.4228515625 0 0.4267578125 0 0.5634765625
0 0.1783854171875 0.865234375 0.1940104171875 0.865234375 0.20052083281250002 0.8583984375 0.20052083281250002 0.8544921875 0.1692708328125 0.6923828125 0.09895833281250001 0.3544921875 0.09635416718749999 0.3466796875 0.09244791718749999 0.34375 0.07161458281250001 0.34375 0.06380208281250001 0.345703125 0.05729166718749999 0.3505859375 0.05729166718749999 0.3525390625 0.1744791671875 0.8603515625 0.1783854171875 0.865234375
0 0.203125 0.8603515625 0.21223958281250002 0.865234375 0.22265625 0.8671875 0.25390625 0.8671875 0.2604166671875 0.8642578125 0.2604166671875 0.8447265625 0.1901041671875 0.2998046875 0.1822916671875 0.2705078125 0.1783854171875 0.265625 0.10546875 0.263671875 0.08463541718749999 0.265625 0.08072916718749999 0.2685546875 0.08072916718749999 0.2783203125 0.20052083281250002 0.8564453125 0.203125 0.8603515625
0 0.265625 0.8740234375 0.2747395828125 0.87890625 0.30078125 0.8828125 0.3111979171875 0.8828125 0.3177083328125 0.8779296875 0.3177083328125 0.8720703125 0.2421875 0.3466796875 0.23567708281250002 0.341796875 0.18359375 0.341796875 0.1783854171875 0.34375 0.1744791671875 0.3466796875 0.1744791671875 0.3505859375 0.2630208328125 0.8681640625 0.265625 0.8740234375
0 0.3177083328125 0.8740234375 0.3229166671875 0.8818359375 0.33203125 0.88671875 0.3528645828125 0.888671875 0.3893229171875 0.888671875 0.3932291671875 0.8857421875 0.3932291671875 0.8408203125 0.3385416671875 0.1962890625 0.3216145828125 0.1875 0.29296875 0.1875 0.2513020828125 0.189453125 0.23046875 0.19140625 0.22526041718749998 0.193359375 0.22395833281250002 0.1943359375 0.22395833281250002 0.2119140625 0.3151041671875 0.8662109375 0.3177083328125 0.8740234375
0 0.3854166671875 0.7646484375 0.3984375 0.8857421875 0.4049479171875 0.890625 0.4466145828125 0.890625 0.4479166671875 0.8896484375 0.4479166671875 0.8662109375 0.3958333328125 0.2041015625 0.3893229171875 0.201171875 0.3424479171875 0.201171875 0.3359375 0.2041015625 0.3333333328125 0.2080078125 0.3333333328125 0.2216796875 0.3385416671875 0.2822265625 0.3854166671875 0.7646484375
0 0.4401041671875 0.7939453125 0.4479166671875 0.8759765625 0.4505208328125 0.8857421875 0.453125 0.8896484375 0.46484375 0.89453125 0.4934895828125 0.896484375 0.5143229171875 0.896484375 0.5208333328125 0.8935546875 0.5234375 0.8779296875 0.5026041671875 0.3330078125 0.4947916671875 0.2060546875 0.48828125 0.19921875 0.43359375 0.19921875 0.4049479171875 0.201171875 0.3997395828125 0.203125 0.3984375 0.2041015625 0.3984375 0.2412109375 0.40625 0.3505859375 0.4401041671875 0.7939453125
0 0.52734375 0.896484375 0.5377604171875 0.8984375 0.5690104171875 0.8984375 0.5729166671875 0.8955078125 0.5729166671875 0.8037109375 0.5651041671875 0.2216796875 0.5625 0.1904296875 0.5611979171875 0.189453125 0.52734375 0.189453125 0.50390625 0.19140625 0.5 0.1943359375 0.5 0.2412109375 0.5234375 0.8876953125 0.52734375 0.896484375
0 0.5794270828125 0.90234375 0.5846354171875 0.904296875 0.6080729171875 0.90625 0.6236979171875 0.90625 0.6276041671875 0.9033203125 0.6302083328125 0.8955078125 0.6328125 0.8173828125 0.6380208328125 0.3623046875 0.6380208328125 0.1904296875 0.6341145828125 0.1875 0.5768229171875 0.1875 0.5690104171875 0.189453125 0.5677083328125 0.1904296875 0.5677083328125 0.5556640625 0.5729166671875 0.8974609375 0.5794270828125 0.90234375
0 0.65234375 0.919921875 0.6861979171875 0.919921875 0.6901041671875 0.9169921875 0.6927083328125 0.8955078125 0.6979166671875 0.8173828125 0.7265625 0.1748046875 0.7200520828125 0.169921875 0.66015625 0.171875 0.6471354171875 0.173828125 0.6432291671875 0.1865234375 0.6354166671875 0.5673828125 0.6302083328125 0.9033203125 0.6328125 0.9130859375 0.64453125 0.91796875 0.65234375 0.919921875
0 0.70703125 0.92578125 0.7200520828125 0.927734375 0.7591145828125 0.927734375 0.7630208328125 0.9248046875 0.765625 0.9189453125 0.78125 0.7412109375 0.8229166671874999 0.1904296875 0.8229166671874999 0.1708984375 0.8216145828125001 0.169921875 0.7877604171875 0.169921875 0.7356770828125 0.171875 0.7265625 0.1767578125 0.7239583328125 0.1962890625 0.7135416671875 0.4130859375 0.6927083328125 0.8876953125 0.6927083328125 0.9189453125 0.6966145828125 0.921875 0.70703125 0.92578125
0 0.8111979171874999 0.927734375 0.83984375 0.927734375 0.8489583328125001 0.9208984375 0.8541666671874999 0.9091796875 0.859375 0.8720703125 0.9453125 0.1708984375 0.9453125 0.1650390625 0.9388020828125001 0.16015625 0.8997395828125001 0.16015625 0.8424479171874999 0.162109375 0.8307291671874999 0.1650390625 0.8020833328125001 0.4833984375 0.7734375 0.8369140625 0.7708333328125 0.8701171875 0.7708333328125 0.9189453125 0.77734375 0.923828125 0.8111979171874999 0.927734375
0 1 0.3603515625 0.9986979171874999 0.359375 0.98828125 0.357421875 0.92578125 0.357421875 0.921875 0.3603515625 0.8828125 0.6630859375 0.8541666671874999 0.9033203125 0.8567708328125001 0.9072265625 0.86328125 0.912109375 0.8841145828125001 0.919921875 0.9049479171874999 0.923828125 0.9283854171874999 0.923828125 0.94140625 0.921875 0.9466145828125001 0.919921875 0.9557291671874999 0.9130859375 0.9817708328125001 0.7705078125 0.9973958328125001 0.6611328125 1 0.6201171875 1 0.3603515625
1 0.0481770828125 0.732421875 0.08723958281250001 0.732421875 0.09114583281250001 0.7294921875 0.09114583281250001 0.7197265625 0.08854166718749999 0.7080078125 0.08203125 0.69140625 0.03515625 0.69140625 0.0338541671875 0.6923828125 0.0338541671875 0.6982421875 0.0416666671875 0.7275390625 0.0481770828125 0.732421875
1 0.09765625 0.734375 0.10546875 0.736328125 0.1341145828125 0.736328125 0.1458333328125 0.7333984375 0.1458333328125 0.7216796875 0.1432291671875 0.7080078125 0.140625 0.6982421875 0.13671875 0.693359375 0.08984375 0.693359375 0.08854166718749999 0.6943359375 0.08854166718749999 0.7021484375 0.09375 0.7255859375 0.09765625 0.734375
1 0.1549479171875 0.74609375 0.16796875 0.744140625 0.1770833328125 0.7373046875 0.171875 0.7021484375 0.16796875 0.69921875 0.14453125 0.703125 0.1432291671875 0.7041015625 0.1432291671875 0.7158203125 0.1510416671875 0.7431640625 0.1549479171875 0.74609375
1 0.1770833328125 0.7333984375 0.1809895828125 0.736328125 0.1940104171875 0.73828125 0.23307291718749998 0.73828125 0.23958333281250002 0.7353515625 0.23697916718749998 0.7080078125 0.234375 0.6982421875 0.23046875 0.6953125 0.1731770828125 0.6953125 0.171875 0.6962890625 0.171875 0.7080078125 0.1744791671875 0.7236328125 0.1770833328125 0.7333984375
1 0.24479166718749998 0.7529296875 0.24609375 0.75390625 0.2721354171875 0.755859375 0.2955729171875 0.755859375 0.2994791671875 0.7509765625 0.2994791671875 0.7490234375 0.2942708328125 0.7158203125 0.2903645828125 0.712890625 0.23828125 0.7109375 0.23697916718749998 0.7119140625 0.23697916718749998 0.7197265625 0.2421875 0.7470703125 0.24479166718749998 0.7529296875
1 0.3020833328125 0.7568359375 0.3059895828125 0.759765625 0.3736979171875 0.763671875 0.3802083328125 0.7587890625 0.3828125 0.7548828125 0.3828125 0.7431640625 0.3802083328125 0.7177734375 0.37890625 0.716796875 0.2981770828125 0.71484375 0.296875 0.7158203125 0.296875 0.7294921875 0.2994791671875 0.7509765625 0.3020833328125 0.7568359375
1 0.3880208328125 0.7626953125 0.3893229171875 0.763671875 0.43359375 0.763671875 0.4375 0.7607421875 0.4348958328125 0.7216796875 0.4309895828125 0.71875 0.41015625 0.71875 0.3841145828125 0.720703125 0.3828125 0.7216796875 0.3828125 0.7373046875 0.3854166671875 0.7587890625 0.3880208328125 0.7626953125
1 0.44140625 0.763671875 0.5013020828125 0.767578125 0.5143229171875 0.767578125 0.5182291671875 0.7646484375 0.5182291671875 0.7314453125 0.5143229171875 0.72265625 0.48046875 0.720703125 0.4388020828125 0.720703125 0.4375 0.7216796875 0.4375 0.7392578125 0.4401041671875 0.7626953125 0.44140625 0.763671875
1 0.5247395828125 0.767578125 0.56640625 0.76953125 0.5703125 0.7666015625 0.5703125 0.7275390625 0.56640625 0.724609375 0.54296875 0.72265625 0.51953125 0.72265625 0.5182291671875 0.7236328125 0.5182291671875 0.7490234375 0.5208333328125 0.7646484375 0.5247395828125 0.767578125
1 0.5768229171875 0.771484375 0.6028645828125 0.7734375 0.62890625 0.7734375 0.6328125 0.7705078125 0.6328125 0.7314453125 0.62890625 0.728515625 0.5716145828125 0.7265625 0.5703125 0.7275390625 0.5703125 0.7607421875 0.5729166671875 0.7685546875 0.5768229171875 0.771484375
1 0.66015625 0.783203125 0.6966145828125 0.783203125 0.6979166671875 0.7822265625 0.7005208328125 0.7509765625 0.6979166671875 0.7392578125 0.6966145828125 0.73828125 0.6783854171875 0.736328125 0.6393229171875 0.734375 0.6354166671875 0.7373046875 0.6354166671875 0.7783203125 0.6419270828125 0.78125 0.66015625 0.783203125
1 0.70703125 0.787109375 0.7747395828125 0.787109375 0.7760416671875 0.7861328125 0.7786458328125 0.7744140625 0.7786458328125 0.7431640625 0.77734375 0.7421875 0.75390625 0.740234375 0.7044270828125 0.740234375 0.703125 0.7412109375 0.7005208328125 0.7587890625 0.7005208328125 0.7841796875 0.7018229171875 0.78515625 0.70703125 0.787109375
1 0.86328125 0.791015625 0.8671875 0.7880859375 0.8697916671874999 0.7822265625 0.8723958328125001 0.7666015625 0.8723958328125001 0.7451171875 0.87109375 0.744140625 0.7903645828125 0.740234375 0.78515625 0.740234375 0.78125 0.7431640625 0.7786458328125 0.7822265625 0.7825520828125 0.787109375 0.8606770828125001 0.791015625 0.86328125 0.791015625
1 0.8919270828125001 0.783203125 0.92578125 0.787109375 0.9622395828125001 0.787109375 0.97265625 0.78515625 0.9765625 0.7822265625 0.9791666671874999 0.7763671875 0.9817708328125001 0.7607421875 0.984375 0.7412109375 0.9830729171874999 0.73828125 0.8841145828125001 0.732421875 0.87890625 0.732421875 0.875 0.7373046875 0.8723958328125001 0.7568359375 0.8723958328125001 0.7744140625 0.87890625 0.779296875 0.8919270828125001 0.783203125