0 0.1015625 0.9208984375 0.1067708328125 0.9384765625 0.1158854171875 0.9453125 0.1341145828125 0.94921875 0.15234375 0.951171875 0.1783854171875 0.951171875 0.1940104171875 0.94921875 0.21484375 0.9453125 0.21875 0.9423828125 0.22135416718749998 0.9345703125 0.22135416718749998 0.9130859375 0.21354166718749998 0.7568359375 0.1770833328125 0.2275390625 0.1705729171875 0.22265625 0.1549479171875 0.220703125 0.08984375 0.21875 0.009114582812499999 0.21875 0.0052083328125 0.2216796875 0.0026041671875 0.2255859375 0.0026041671875 0.2431640625 0.08333333281250001 0.8095703125 0.1015625 0.9208984375
0 0.24088541718749998 0.94921875 0.24869791718749998 0.951171875 0.2799479171875 0.951171875 0.3033854171875 0.9453125 0.3072916671875 0.9423828125 0.3098958328125 0.9384765625 0.3098958328125 0.9150390625 0.3046875 0.7529296875 0.2760416671875 0.2431640625 0.2721354171875 0.236328125 0.19140625 0.234375 0.1809895828125 0.234375 0.1770833328125 0.2373046875 0.1744791671875 0.2431640625 0.171875 0.3076171875 0.2265625 0.9287109375 0.22916666718749998 0.9423828125 0.24088541718749998 0.94921875
0 0.3151041671875 0.9306640625 0.32421875 0.9375 0.3346354171875 0.939453125 0.36328125 0.939453125 0.3671875 0.9345703125 0.4921875 0.2060546875 0.4674479171875 0.197265625 0.3450520828125 0.162109375 0.2825520828125 0.1640625 0.2786458328125 0.1669921875 0.2708333328125 0.1767578125 0.2708333328125 0.1806640625 0.3125 0.9208984375 0.3151041671875 0.9306640625
0 0.3697916671875 0.9326171875 0.3723958328125 0.9482421875 0.3763020828125 0.953125 0.3893229171875 0.958984375 0.4283854171875 0.96484375 0.4830729171875 0.966796875 0.4921875 0.9619140625 0.4947916671875 0.9541015625 0.5078125 0.7685546875 0.5208333328125 0.2197265625 0.5143229171875 0.216796875 0.3736979171875 0.216796875 0.3450520828125 0.21875 0.3385416671875 0.2275390625 0.3359375 0.2353515625 0.3359375 0.2451171875 0.359375 0.7607421875 0.3697916671875 0.9326171875
0 0.5169270828125 0.96875 0.5325520828125 0.974609375 0.5455729171875 0.9765625 0.58984375 0.9765625 0.5950520828125 0.974609375 0.6041666671875 0.9677734375 0.6067708328125 0.9638671875 0.6223958328125 0.7998046875 0.671875 0.1572265625 0.6692708328125 0.1533203125 0.6627604171875 0.150390625 0.65234375 0.1484375 0.61328125 0.1484375 0.5299479171875 0.15234375 0.5260416671875 0.1552734375 0.5234375 0.1787109375 0.515625 0.5068359375 0.5104166671875 0.7470703125 0.5104166671875 0.9599609375 0.5130208328125 0.9658203125 0.5169270828125 0.96875
0 0.62109375 0.9609375 0.6263020828125 0.962890625 0.6497395828125 0.96875 0.6888020828125 0.96875 0.7018229171875 0.96484375 0.7083333328125 0.9599609375 0.7135416671875 0.9462890625 0.7604166671875 0.7255859375 0.828125 0.1826171875 0.828125 0.1611328125 0.8216145828125001 0.15625 0.6809895828125 0.15625 0.6744791671875 0.1591796875 0.671875 0.1650390625 0.6692708328125 0.1767578125 0.6666666671875 0.2041015625 0.6458333328125 0.4541015625 0.6145833328125 0.8837890625 0.6119791671875 0.9423828125 0.6119791671875 0.9501953125 0.6145833328125 0.9560546875 0.62109375 0.9609375
1 0.08072916718749999 0.7783203125 0.08463541718749999 0.78125 0.1002604171875 0.78515625 0.1158854171875 0.787109375 0.13671875 0.7890625 0.1627604171875 0.7890625 0.20442708281250002 0.78515625 0.21354166718749998 0.7802734375 0.21354166718749998 0.7509765625 0.2109375 0.7275390625 0.20703125 0.724609375 0.07682291718749999 0.72265625 0.07291666718749999 0.7255859375 0.07291666718749999 0.7314453125 0.078125 0.7685546875 0.08072916718749999 0.7783203125
1 0.22005208281250002 0.78125 0.22526041718749998 0.783203125 0.24869791718749998 0.787109375 0.29296875 0.787109375 0.3020833328125 0.7822265625 0.3046875 0.7783203125 0.3046875 0.7626953125 0.3020833328125 0.7275390625 0.30078125 0.7265625 0.21484375 0.724609375 0.21354166718749998 0.7255859375 0.21354166718749998 0.7451171875 0.21614583281250002 0.7783203125 0.22005208281250002 0.78125
1 0.32421875 0.779296875 0.3528645828125 0.779296875 0.3567708328125 0.7763671875 0.3567708328125 0.7255859375 0.3528645828125 0.72265625 0.30859375 0.720703125 0.3072916671875 0.7216796875 0.3072916671875 0.7705078125 0.3098958328125 0.7744140625 0.32421875 0.779296875
1 0.3736979171875 0.791015625 0.39453125 0.794921875 0.4388020828125 0.80078125 0.4700520828125 0.802734375 0.49609375 0.802734375 0.5026041671875 0.7998046875 0.5052083328125 0.7958984375 0.5078125 0.7529296875 0.5078125 0.7451171875 0.50390625 0.7421875 0.3763020828125 0.732421875 0.36328125 0.732421875 0.3619791671875 0.7333984375 0.3619791671875 0.7822265625 0.3684895828125 0.7890625 0.3736979171875 0.791015625
1 0.5247395828125 0.8046875 0.5794270828125 0.810546875 0.6002604171875 0.810546875 0.61328125 0.80859375 0.6197916671875 0.8037109375 0.6223958328125 0.7958984375 0.625 0.7705078125 0.625 0.7490234375 0.6236979171875 0.748046875 0.5143229171875 0.7421875 0.5104166671875 0.7451171875 0.5104166671875 0.7978515625 0.5169270828125 0.802734375 0.5247395828125 0.8046875
1 0.6497395828125 0.798828125 0.6888020828125 0.802734375 0.7200520828125 0.802734375 0.7356770828125 0.80078125 0.7395833328125 0.7978515625 0.7421875 0.7919921875 0.75 0.7490234375 0.75 0.7412109375 0.7486979171875 0.740234375 0.63671875 0.734375 0.62890625 0.734375 0.6276041671875 0.7353515625 0.625 0.7626953125 0.625 0.7900390625 0.62890625 0.79296875 0.6497395828125 0.798828125