0 0.1328125 0.8232421875 0.1510416671875 0.9052734375 0.15625 0.9189453125 0.16015625 0.921875 0.1731770828125 0.92578125 0.23828125 0.92578125 0.2513020828125 0.921875 0.2552083328125 0.9189453125 0.2604166671875 0.9111328125 0.2604166671875 0.8798828125 0.234375 0.2216796875 0.22786458281250002 0.212890625 0.16015625 0.193359375 0.12890625 0.19140625 0.0403645828125 0.193359375 0.0299479171875 0.1953125 0.0260416671875 0.1982421875 0.0234375 0.2041015625 0.0234375 0.2099609375 0.046875 0.3544921875 0.1328125 0.8232421875
0 0.265625 0.9072265625 0.2682291671875 0.9111328125 0.2747395828125 0.916015625 0.2799479171875 0.91796875 0.2877604171875 0.919921875 0.2955729171875 0.919921875 0.3111979171875 0.91796875 0.3268229171875 0.9140625 0.3333333328125 0.9091796875 0.3333333328125 0.8759765625 0.2526041671875 0.2353515625 0.2513020828125 0.234375 0.23828125 0.234375 0.1731770828125 0.23828125 0.1692708328125 0.2412109375 0.1666666671875 0.2470703125 0.1692708328125 0.2744140625 0.2630208328125 0.8955078125 0.265625 0.9072265625
0 0.3411458328125 0.9208984375 0.3528645828125 0.92578125 0.3919270828125 0.927734375 0.46484375 0.927734375 0.4856770828125 0.923828125 0.4908854171875 0.921875 0.4973958328125 0.9150390625 0.4973958328125 0.9052734375 0.484375 0.6064453125 0.4635416671875 0.2763671875 0.4583333328125 0.2333984375 0.44921875 0.2265625 0.4388020828125 0.2265625 0.2669270828125 0.236328125 0.2552083328125 0.2392578125 0.2526041671875 0.2490234375 0.2552083328125 0.2763671875 0.3385416671875 0.9130859375 0.3411458328125 0.9208984375
0 0.4921875 0.8095703125 0.5 0.9111328125 0.5065104171875 0.916015625 0.55859375 0.916015625 0.5768229171875 0.9140625 0.5807291671875 0.9111328125 0.578125 0.7099609375 0.5598958328125 0.2197265625 0.5559895828125 0.21484375 0.48046875 0.216796875 0.4674479171875 0.21875 0.4635416671875 0.2216796875 0.4635416671875 0.2275390625 0.46875 0.3427734375 0.4921875 0.8095703125
0 0.5885416671875 0.9091796875 0.59765625 0.916015625 0.6080729171875 0.919921875 0.6471354171875 0.919921875 0.6549479171875 0.91796875 0.6614583328125 0.9130859375 0.6640625 0.9091796875 0.6666666671875 0.8818359375 0.6770833328125 0.1904296875 0.6731770828125 0.1875 0.6549479171875 0.18359375 0.62890625 0.18359375 0.5950520828125 0.185546875 0.57421875 0.1875 0.5690104171875 0.189453125 0.5625 0.1943359375 0.5625 0.2197265625 0.5859375 0.9033203125 0.5885416671875 0.9091796875
0 0.6770833328125 0.9052734375 0.6861979171875 0.91015625 0.6940104171875 0.912109375 0.7330729171875 0.912109375 0.7408854171875 0.91015625 0.75 0.9033203125 0.7552083328125 0.8896484375 0.7604166671875 0.8583984375 0.7708333328125 0.7138671875 0.7942708328125 0.2080078125 0.7903645828125 0.201171875 0.7018229171875 0.203125 0.6809895828125 0.205078125 0.6744791671875 0.2119140625 0.671875 0.2197265625 0.671875 0.7451171875 0.6744791671875 0.8974609375 0.6770833328125 0.9052734375
0 0.7825520828125 0.912109375 0.8190104171874999 0.912109375 0.83984375 0.90625 0.8489583328125001 0.8994140625 0.9270833328125001 0.2294921875 0.9270833328125001 0.2197265625 0.921875 0.2099609375 0.91015625 0.201171875 0.7981770828125 0.20703125 0.7942708328125 0.2099609375 0.7708333328125 0.7275390625 0.765625 0.8623046875 0.765625 0.9052734375 0.7747395828125 0.91015625 0.7825520828125 0.912109375
1 0 0.7255859375 0.0078125 0.7607421875 0.010416667187500001 0.7666015625 0.014322917187500001 0.76953125 0.07421875 0.76953125 0.1158854171875 0.767578125 0.1197916671875 0.7646484375 0.1197916671875 0.7529296875 0.1145833328125 0.7216796875 0.1106770828125 0.712890625 0.0325520828125 0.71484375 0.0013020828125 0.716796875 0 0.7177734375 0 0.7255859375
1 0.1263020828125 0.763671875 0.16015625 0.767578125 0.1861979171875 0.767578125 0.23567708281250002 0.76171875 0.2421875 0.7568359375 0.23697916718749998 0.7177734375 0.234375 0.7080078125 0.23046875 0.705078125 0.1158854171875 0.708984375 0.1145833328125 0.7099609375 0.1145833328125 0.7216796875 0.1223958328125 0.7607421875 0.1263020828125 0.763671875
1 0.24479166718749998 0.7607421875 0.24869791718749998 0.763671875 0.3033854171875 0.763671875 0.3151041671875 0.7607421875 0.3151041671875 0.7373046875 0.3125 0.7177734375 0.30859375 0.708984375 0.24088541718749998 0.708984375 0.23958333281250002 0.7099609375 0.23958333281250002 0.7255859375 0.2421875 0.7490234375 0.24479166718749998 0.7607421875
1 0.3268229171875 0.767578125 0.3424479171875 0.76953125 0.4674479171875 0.76953125 0.4830729171875 0.767578125 0.4869791671875 0.7646484375 0.4869791671875 0.7314453125 0.484375 0.7119140625 0.4830729171875 0.7109375 0.3190104171875 0.712890625 0.3177083328125 0.7138671875 0.3177083328125 0.7373046875 0.3229166671875 0.7646484375 0.3268229171875 0.767578125
1 0.50390625 0.765625 0.5716145828125 0.763671875 0.5755208328125 0.7607421875 0.578125 0.7568359375 0.578125 0.7255859375 0.5755208328125 0.7080078125 0.57421875 0.70703125 0.49609375 0.708984375 0.4947916671875 0.7099609375 0.4947916671875 0.7529296875 0.4986979171875 0.763671875 0.50390625 0.765625
1 0.58984375 0.7578125 0.6158854171875 0.76171875 0.65234375 0.76171875 0.6666666671875 0.7568359375 0.6692708328125 0.7509765625 0.6692708328125 0.7041015625 0.66796875 0.703125 0.58203125 0.703125 0.5807291671875 0.7041015625 0.5807291671875 0.7236328125 0.5833333328125 0.7529296875 0.58984375 0.7578125
1 0.6783854171875 0.751953125 0.68359375 0.75390625 0.75390625 0.75390625 0.765625 0.7509765625 0.7682291671875 0.7451171875 0.7708333328125 0.7099609375 0.7708333328125 0.6962890625 0.76953125 0.6953125 0.6731770828125 0.693359375 0.671875 0.6943359375 0.671875 0.7431640625 0.6744791671875 0.7490234375 0.6783854171875 0.751953125
1 0.77734375 0.74609375 0.7877604171875 0.75 0.83984375 0.75 0.8528645828125001 0.748046875 0.8619791671874999 0.7431640625 0.8671875 0.7060546875 0.8671875 0.6904296875 0.8658854171874999 0.689453125 0.7747395828125 0.69140625 0.7734375 0.6923828125 0.7708333328125 0.7158203125 0.7708333328125 0.7373046875 0.7734375 0.7431640625 0.77734375 0.74609375