0 0.1744791671875 0.8837890625 0.1796875 0.9150390625 0.18359375 0.91796875 0.19140625 0.919921875 0.21744791718749998 0.919921875 0.24088541718749998 0.916015625 0.24739583281250002 0.9111328125 0.3229166671875 0.3486328125 0.3203125 0.3388671875 0.31640625 0.3359375 0.28515625 0.328125 0.1940104171875 0.3125 0.1184895828125 0.3125 0.1145833328125 0.3154296875 0.1145833328125 0.3408203125 0.1588541671875 0.7783203125 0.1744791671875 0.8837890625
0 0.3385416671875 0.9052734375 0.3411458328125 0.9091796875 0.34765625 0.9140625 0.3502604171875 0.9140625 0.36328125 0.912109375 0.3684895828125 0.91015625 0.375 0.9052734375 0.3776041671875 0.8857421875 0.3776041671875 0.8349609375 0.3723958328125 0.7138671875 0.3567708328125 0.4677734375 0.3515625 0.4052734375 0.34765625 0.40234375 0.3111979171875 0.40234375 0.3098958328125 0.4033203125 0.3072916671875 0.4091796875 0.3098958328125 0.5029296875 0.3255208328125 0.7587890625 0.3385416671875 0.9052734375
0 0.3854166671875 0.9091796875 0.3919270828125 0.912109375 0.4466145828125 0.912109375 0.4700520828125 0.91015625 0.4908854171875 0.90625 0.4947916671875 0.9033203125 0.4947916671875 0.8232421875 0.4817708328125 0.3232421875 0.4791666671875 0.3173828125 0.4752604171875 0.314453125 0.35546875 0.314453125 0.3489583328125 0.3173828125 0.3463541671875 0.3212890625 0.3463541671875 0.3330078125 0.3828125 0.9013671875 0.3854166671875 0.9091796875
0 0.5 0.8994140625 0.5026041671875 0.9033203125 0.5091145828125 0.90625 0.56640625 0.90625 0.5794270828125 0.90234375 0.5833333328125 0.8994140625 0.5885416671875 0.8876953125 0.5911458328125 0.6572265625 0.5911458328125 0.3662109375 0.5846354171875 0.361328125 0.48828125 0.361328125 0.484375 0.3642578125 0.484375 0.4482421875 0.4973958328125 0.8837890625 0.5 0.8994140625
0 0.61328125 0.90625 0.6731770828125 0.90625 0.69140625 0.900390625 0.6979166671875 0.8955078125 0.7005208328125 0.8701171875 0.7161458328125 0.4091796875 0.7161458328125 0.3837890625 0.7122395828125 0.380859375 0.6705729171875 0.37890625 0.59765625 0.37890625 0.59375 0.3818359375 0.5911458328125 0.4912109375 0.5885416671875 0.8681640625 0.5911458328125 0.8955078125 0.59765625 0.90234375 0.61328125 0.90625
0 0.71484375 0.896484375 0.7200520828125 0.8984375 0.7356770828125 0.900390625 0.7721354171875 0.900390625 0.78515625 0.8984375 0.7903645828125 0.896484375 0.796875 0.8876953125 0.8229166671874999 0.5576171875 0.8307291671874999 0.4267578125 0.8307291671874999 0.3740234375 0.828125 0.3701171875 0.8216145828125001 0.365234375 0.8059895828125001 0.361328125 0.6575520828125 0.361328125 0.6458333328125 0.3642578125 0.6432291671875 0.3681640625 0.6432291671875 0.3720703125 0.703125 0.8876953125 0.71484375 0.896484375
0 0.8190104171874999 0.8984375 0.8528645828125001 0.8984375 0.87109375 0.896484375 0.88671875 0.890625 0.8932291671874999 0.8837890625 0.9088541671874999 0.7607421875 0.953125 0.3740234375 0.953125 0.3525390625 0.9466145828125001 0.34765625 0.83984375 0.34765625 0.8059895828125001 0.349609375 0.7721354171875 0.353515625 0.7708333328125 0.3544921875 0.7994791671875 0.8916015625 0.8033854171874999 0.89453125 0.8190104171874999 0.8984375
0 1 0.3759765625 0.99609375 0.373046875 0.95703125 0.373046875 0.953125 0.3759765625 0.9479166671874999 0.4052734375 0.9322916671874999 0.5400390625 0.8958333328125001 0.8603515625 0.8958333328125001 0.8876953125 0.9127604171874999 0.896484375 0.9205729171874999 0.8984375 0.9440104171874999 0.8984375 0.95703125 0.890625 0.9609375 0.8857421875 0.9947916671874999 0.6142578125 1 0.5556640625 1 0.3759765625
1 0.16796875 0.787109375 0.20963541718749998 0.787109375 0.23046875 0.78515625 0.234375 0.7822265625 0.234375 0.7548828125 0.23177083281250002 0.7392578125 0.22786458281250002 0.736328125 0.1627604171875 0.740234375 0.1614583328125 0.7412109375 0.1614583328125 0.7607421875 0.1640625 0.7841796875 0.16796875 0.787109375
1 0.23697916718749998 0.7783203125 0.24088541718749998 0.78125 0.2903645828125 0.78125 0.3216145828125 0.779296875 0.3229166671875 0.7783203125 0.3255208328125 0.7744140625 0.3255208328125 0.7509765625 0.3229166671875 0.7333984375 0.3190104171875 0.73046875 0.23307291718749998 0.734375 0.23177083281250002 0.7353515625 0.23177083281250002 0.7431640625 0.234375 0.7705078125 0.23697916718749998 0.7783203125
1 0.3346354171875 0.779296875 0.3502604171875 0.779296875 0.3606770828125 0.77734375 0.37109375 0.7734375 0.375 0.7705078125 0.3723958328125 0.7294921875 0.37109375 0.728515625 0.3658854171875 0.728515625 0.3268229171875 0.73046875 0.3255208328125 0.7314453125 0.3255208328125 0.7705078125 0.328125 0.7744140625 0.3346354171875 0.779296875
1 0.3841145828125 0.79296875 0.4752604171875 0.791015625 0.48828125 0.7890625 0.4921875 0.7861328125 0.4921875 0.7451171875 0.4908854171875 0.744140625 0.37890625 0.74609375 0.375 0.7490234375 0.375 0.7685546875 0.3776041671875 0.7900390625 0.3841145828125 0.79296875
1 0.4986979171875 0.7734375 0.56640625 0.7734375 0.5846354171875 0.771484375 0.5885416671875 0.7685546875 0.5885416671875 0.7255859375 0.5872395828125 0.724609375 0.49609375 0.7265625 0.4921875 0.7294921875 0.4921875 0.7509765625 0.4947916671875 0.7705078125 0.4986979171875 0.7734375
1 0.61328125 0.771484375 0.68359375 0.771484375 0.6940104171875 0.76953125 0.703125 0.7646484375 0.7057291671875 0.7412109375 0.7057291671875 0.7255859375 0.7018229171875 0.72265625 0.5924479171875 0.72265625 0.5885416671875 0.7255859375 0.5885416671875 0.7646484375 0.5950520828125 0.76953125 0.61328125 0.771484375
1 0.72265625 0.7734375 0.7513020828125 0.775390625 0.7825520828125 0.775390625 0.80078125 0.7734375 0.8046875 0.7705078125 0.8072916671874999 0.7490234375 0.8072916671874999 0.7294921875 0.8033854171874999 0.7265625 0.7096354171875 0.72265625 0.7057291671875 0.7255859375 0.7057291671875 0.7646484375 0.7122395828125 0.76953125 0.72265625 0.7734375
1 0.8190104171874999 0.765625 0.85546875 0.765625 0.8919270828125001 0.763671875 0.90234375 0.76171875 0.9088541671874999 0.7568359375 0.9114583328125001 0.7353515625 0.9114583328125001 0.7177734375 0.91015625 0.716796875 0.8111979171874999 0.71875 0.8072916671874999 0.7216796875 0.8072916671874999 0.7626953125 0.80859375 0.763671875 0.8190104171874999 0.765625
1 0.9388020828125001 0.765625 0.9622395828125001 0.765625 0.9700520828125001 0.763671875 0.9739583328125001 0.7607421875 0.9765625 0.7509765625 0.9791666671874999 0.7216796875 0.9778645828125001 0.720703125 0.9231770828125001 0.716796875 0.9153645828125001 0.716796875 0.9140625 0.7177734375 0.9114583328125001 0.7314453125 0.9114583328125001 0.7587890625 0.91796875 0.76171875 0.9388020828125001 0.765625