0 0.1341145828125 0.775390625 0.1549479171875 0.775390625 0.1640625 0.7705078125 0.1953125 0.7333984375 0.23697916718749998 0.6728515625 0.2630208328125 0.6181640625 0.28125 0.5654296875 0.2838541671875 0.5517578125 0.3125 0.3154296875 0.3125 0.3076171875 0.3098958328125 0.3017578125 0.3033854171875 0.296875 0.2825520828125 0.291015625 0.26953125 0.2890625 0.2565104171875 0.2890625 0.24479166718749998 0.2978515625 0.2421875 0.3037109375 0.1328125 0.6552734375 0.1067708328125 0.7470703125 0.1041666671875 0.7568359375 0.1041666671875 0.7646484375 0.1106770828125 0.76953125 0.1341145828125 0.775390625
0 0.2799479171875 0.759765625 0.3190104171875 0.76171875 0.33984375 0.759765625 0.34375 0.7568359375 0.3697916671875 0.6064453125 0.3984375 0.3564453125 0.4036458328125 0.2998046875 0.4036458328125 0.2783203125 0.3971354171875 0.271484375 0.3658854171875 0.267578125 0.3268229171875 0.267578125 0.3229166671875 0.2705078125 0.3203125 0.2763671875 0.2708333328125 0.6494140625 0.2604166671875 0.7314453125 0.2604166671875 0.7529296875 0.26953125 0.7578125 0.2799479171875 0.759765625
0 0.3893229171875 0.76171875 0.3997395828125 0.759765625 0.4036458328125 0.7568359375 0.484375 0.2568359375 0.484375 0.2373046875 0.4817708328125 0.2314453125 0.4752604171875 0.2265625 0.4283854171875 0.2265625 0.421875 0.2314453125 0.3567708328125 0.7080078125 0.3515625 0.7548828125 0.35546875 0.7578125 0.3763020828125 0.76171875 0.3893229171875 0.76171875
0 0.4440104171875 0.76171875 0.4778645828125 0.76171875 0.4856770828125 0.759765625 0.4921875 0.7548828125 0.5234375 0.6044921875 0.59375 0.2392578125 0.59375 0.2353515625 0.5885416671875 0.2275390625 0.5794270828125 0.220703125 0.5065104171875 0.216796875 0.5013020828125 0.21875 0.4921875 0.2275390625 0.4869791671875 0.2490234375 0.4661458328125 0.3720703125 0.4322916671875 0.5830078125 0.4166666671875 0.6943359375 0.4088541671875 0.7509765625 0.4114583328125 0.7548828125 0.4153645828125 0.7578125 0.4440104171875 0.76171875
0 0.5091145828125 0.7578125 0.52734375 0.759765625 0.5403645828125 0.7578125 0.5455729171875 0.755859375 0.5520833328125 0.7509765625 0.5598958328125 0.7216796875 0.5833333328125 0.6103515625 0.6510416671875 0.2685546875 0.6510416671875 0.2626953125 0.64453125 0.2578125 0.6028645828125 0.25390625 0.5950520828125 0.255859375 0.5885416671875 0.2607421875 0.5859375 0.2646484375 0.5104166671875 0.6552734375 0.4973958328125 0.7431640625 0.4973958328125 0.7509765625 0.50390625 0.755859375 0.5091145828125 0.7578125
0 0.6080729171875 0.755859375 0.6497395828125 0.755859375 0.6588541671875 0.7490234375 0.6614583328125 0.7412109375 0.6927083328125 0.6025390625 0.7682291671875 0.2451171875 0.7682291671875 0.2197265625 0.7591145828125 0.21484375 0.7278645828125 0.2109375 0.7018229171875 0.208984375 0.67578125 0.208984375 0.6653645828125 0.212890625 0.65625 0.2197265625 0.640625 0.2451171875 0.5625 0.7255859375 0.5625 0.7431640625 0.5716145828125 0.75 0.6080729171875 0.755859375
0 0.7356770828125 0.755859375 0.7486979171875 0.755859375 0.7565104171875 0.75390625 0.7604166671875 0.7490234375 0.7682291671875 0.7255859375 0.78125 0.6708984375 0.8854166671874999 0.2138671875 0.8854166671874999 0.2119140625 0.87890625 0.203125 0.80859375 0.197265625 0.7877604171875 0.197265625 0.7721354171875 0.203125 0.7682291671875 0.2099609375 0.6666666671875 0.7197265625 0.6640625 0.7412109375 0.6731770828125 0.74609375 0.69140625 0.75 0.7356770828125 0.755859375
0 0.7825520828125 0.748046875 0.8190104171874999 0.751953125 0.83984375 0.751953125 0.84375 0.7490234375 0.8463541671874999 0.7431640625 0.890625 0.5771484375 0.96875 0.2548828125 0.9739583328125001 0.2294921875 0.9700520828125001 0.220703125 0.94921875 0.216796875 0.9049479171874999 0.212890625 0.8971354171874999 0.212890625 0.8854166671874999 0.2177734375 0.8828125 0.2236328125 0.8020833328125001 0.5712890625 0.7708333328125 0.7236328125 0.7708333328125 0.7431640625 0.7747395828125 0.74609375 0.7825520828125 0.748046875
1 0.1653645828125 0.626953125 0.20182291718749998 0.630859375 0.21223958281250002 0.626953125 0.21875 0.6201171875 0.23177083281250002 0.5849609375 0.23177083281250002 0.5810546875 0.22786458281250002 0.578125 0.1627604171875 0.57421875 0.1588541671875 0.5810546875 0.1536458328125 0.5986328125 0.1484375 0.6181640625 0.1484375 0.6220703125 0.1497395828125 0.623046875 0.1653645828125 0.626953125
1 0.3606770828125 0.62890625 0.3645833328125 0.6259765625 0.3697916671875 0.6025390625 0.3697916671875 0.5830078125 0.3684895828125 0.58203125 0.28515625 0.578125 0.28125 0.5810546875 0.2786458328125 0.5947265625 0.2760416671875 0.6240234375 0.2799479171875 0.626953125 0.3528645828125 0.630859375 0.3606770828125 0.62890625
1 0.3997395828125 0.615234375 0.4231770828125 0.615234375 0.4270833328125 0.6123046875 0.4322916671875 0.5810546875 0.4322916671875 0.5693359375 0.4309895828125 0.568359375 0.40234375 0.56640625 0.37890625 0.56640625 0.375 0.5751953125 0.3723958328125 0.5888671875 0.3723958328125 0.6123046875 0.3736979171875 0.61328125 0.3997395828125 0.615234375
1 0.4830729171875 0.615234375 0.5169270828125 0.615234375 0.5208333328125 0.6123046875 0.5286458328125 0.5732421875 0.5286458328125 0.5712890625 0.5247395828125 0.568359375 0.44140625 0.560546875 0.4375 0.5634765625 0.4348958328125 0.5693359375 0.4322916671875 0.5849609375 0.4322916671875 0.6083984375 0.43359375 0.609375 0.4830729171875 0.615234375
1 0.55078125 0.615234375 0.5794270828125 0.615234375 0.5807291671875 0.6142578125 0.5885416671875 0.5791015625 0.5885416671875 0.5712890625 0.5872395828125 0.5703125 0.5768229171875 0.568359375 0.5325520828125 0.564453125 0.5286458328125 0.5693359375 0.5260416671875 0.5810546875 0.5234375 0.5947265625 0.5234375 0.6103515625 0.5247395828125 0.611328125 0.55078125 0.615234375
1 0.62109375 0.611328125 0.6653645828125 0.615234375 0.6861979171875 0.615234375 0.6901041671875 0.6123046875 0.6979166671875 0.5732421875 0.6979166671875 0.5712890625 0.6940104171875 0.568359375 0.61328125 0.560546875 0.59765625 0.560546875 0.59375 0.5634765625 0.5911458328125 0.5732421875 0.5885416671875 0.5888671875 0.5885416671875 0.6044921875 0.5924479171875 0.607421875 0.62109375 0.611328125
1 0.7096354171875 0.60546875 0.75390625 0.611328125 0.77734375 0.61328125 0.7903645828125 0.61328125 0.7916666671875 0.6123046875 0.7994791671875 0.5791015625 0.7994791671875 0.5673828125 0.7981770828125 0.56640625 0.71484375 0.556640625 0.7109375 0.5615234375 0.7005208328125 0.5986328125 0.7005208328125 0.6005859375 0.7044270828125 0.603515625 0.7096354171875 0.60546875
1 0.8763020828125001 0.61328125 0.8828125 0.6083984375 0.890625 0.5771484375 0.890625 0.5673828125 0.8893229171874999 0.56640625 0.8815104171874999 0.564453125 0.8190104171874999 0.556640625 0.8111979171874999 0.556640625 0.8020833328125001 0.5771484375 0.7994791671875 0.5849609375 0.7994791671875 0.6025390625 0.80078125 0.603515625 0.8763020828125001 0.61328125