0 0 0.7919921875 0.00390625 0.794921875 0.01171875 0.794921875 0.0169270828125 0.79296875 0.0234375 0.7861328125 0.1770833328125 0.2724609375 0.1822916671875 0.2509765625 0.1796875 0.2470703125 0.16796875 0.23828125 0.1393229171875 0.234375 0.11328125 0.234375 0.109375 0.2392578125 0.09895833281250001 0.2666015625 0.0078125 0.5810546875 0 0.6123046875 0 0.7919921875
0 0.05078125 0.787109375 0.07942708281250001 0.79296875 0.11328125 0.796875 0.12109375 0.796875 0.1315104171875 0.794921875 0.13671875 0.79296875 0.1458333328125 0.7861328125 0.15625 0.7607421875 0.3151041671875 0.2529296875 0.3151041671875 0.2490234375 0.3125 0.2451171875 0.2955729171875 0.232421875 0.2721354171875 0.2265625 0.22005208281250002 0.220703125 0.20182291718749998 0.220703125 0.1953125 0.2255859375 0.1875 0.2373046875 0.1354166671875 0.4013671875 0.0234375 0.7548828125 0.0234375 0.7724609375 0.0299479171875 0.78125 0.05078125 0.787109375
0 0.16015625 0.7890625 0.1809895828125 0.79296875 0.20442708281250002 0.79296875 0.21354166718749998 0.7880859375 0.2552083328125 0.6708984375 0.3723958328125 0.3037109375 0.3776041671875 0.2666015625 0.34765625 0.2578125 0.3346354171875 0.255859375 0.32421875 0.255859375 0.3072916671875 0.2666015625 0.1979166671875 0.6201171875 0.15625 0.7607421875 0.1536458328125 0.7724609375 0.1536458328125 0.7861328125 0.1549479171875 0.787109375 0.16015625 0.7890625
0 0.2630208328125 0.7841796875 0.2838541671875 0.8056640625 0.28515625 0.806640625 0.2955729171875 0.806640625 0.2994791671875 0.8037109375 0.3098958328125 0.7841796875 0.4765625 0.2587890625 0.4765625 0.2373046875 0.47265625 0.232421875 0.4049479171875 0.220703125 0.3971354171875 0.220703125 0.3854166671875 0.2236328125 0.2526041671875 0.6787109375 0.25 0.6923828125 0.2526041671875 0.7236328125 0.2604166671875 0.7783203125 0.2630208328125 0.7841796875
0 0.3372395828125 0.787109375 0.3528645828125 0.783203125 0.359375 0.7763671875 0.5078125 0.2900390625 0.5078125 0.2724609375 0.5013020828125 0.267578125 0.48828125 0.263671875 0.4778645828125 0.263671875 0.4713541671875 0.2685546875 0.4557291671875 0.2919921875 0.34375 0.6474609375 0.3151041671875 0.7509765625 0.3125 0.7666015625 0.3125 0.7822265625 0.3190104171875 0.787109375 0.3372395828125 0.787109375
0 0.37890625 0.779296875 0.40234375 0.779296875 0.40625 0.7763671875 0.4192708328125 0.7373046875 0.5598958328125 0.2861328125 0.5598958328125 0.2763671875 0.5559895828125 0.2734375 0.53515625 0.271484375 0.5169270828125 0.271484375 0.5104166671875 0.2783203125 0.4036458328125 0.6162109375 0.3645833328125 0.7470703125 0.359375 0.7666015625 0.359375 0.7724609375 0.3684895828125 0.77734375 0.37890625 0.779296875
0 0.4283854171875 0.763671875 0.4596354171875 0.76953125 0.48046875 0.771484375 0.48828125 0.76953125 0.4921875 0.7666015625 0.4973958328125 0.7587890625 0.5104166671875 0.7255859375 0.5338541671875 0.6533203125 0.6484375 0.2939453125 0.6536458328125 0.2744140625 0.6510416671875 0.2705078125 0.6419270828125 0.265625 0.5768229171875 0.255859375 0.57421875 0.255859375 0.5677083328125 0.2607421875 0.5651041671875 0.2646484375 0.4661458328125 0.5791015625 0.4140625 0.7509765625 0.4140625 0.7568359375 0.41796875 0.759765625 0.4283854171875 0.763671875
0 0.5403645828125 0.755859375 0.5924479171875 0.76171875 0.6028645828125 0.759765625 0.609375 0.7529296875 0.6197916671875 0.7275390625 0.7604166671875 0.2958984375 0.7630208328125 0.2783203125 0.7526041671875 0.2470703125 0.7486979171875 0.244140625 0.67578125 0.228515625 0.6653645828125 0.228515625 0.6536458328125 0.2392578125 0.5078125 0.7294921875 0.5052083328125 0.7451171875 0.51171875 0.75 0.51953125 0.751953125 0.5403645828125 0.755859375
0 0.6614583328125 0.7412109375 0.6640625 0.7373046875 0.8020833328125001 0.3037109375 0.8072916671874999 0.2802734375 0.8033854171874999 0.27734375 0.7903645828125 0.2734375 0.7747395828125 0.271484375 0.7682291671875 0.2783203125 0.7395833328125 0.3505859375 0.6848958328125 0.5126953125 0.6197916671875 0.7255859375 0.6171875 0.7373046875 0.6236979171875 0.7421875 0.6549479171875 0.74609375 0.6614583328125 0.7412109375
1 0 0.6416015625 0.01953125 0.646484375 0.05859375 0.650390625 0.0625 0.6474609375 0.07291666718749999 0.6103515625 0.07291666718749999 0.6025390625 0.06380208281250001 0.599609375 0.01171875 0.591796875 0.009114582812499999 0.591796875 0.0052083328125 0.5947265625 0 0.6103515625 0 0.6416015625
1 0.16015625 0.646484375 0.1809895828125 0.646484375 0.1875 0.6416015625 0.1901041671875 0.6357421875 0.1979166671875 0.6123046875 0.20052083281250002 0.5986328125 0.19921875 0.59765625 0.08463541718749999 0.580078125 0.08072916718749999 0.5830078125 0.07291666718749999 0.6044921875 0.06770833281250001 0.6220703125 0.06770833281250001 0.6279296875 0.07161458281250001 0.630859375 0.16015625 0.646484375
1 0.21223958281250002 0.638671875 0.24869791718749998 0.64453125 0.2591145828125 0.64453125 0.2630208328125 0.6416015625 0.2682291671875 0.6298828125 0.2760416671875 0.6044921875 0.2760416671875 0.5947265625 0.2721354171875 0.591796875 0.22005208281250002 0.5859375 0.21223958281250002 0.5859375 0.20833333281250002 0.5908203125 0.203125 0.6064453125 0.1979166671875 0.6240234375 0.1979166671875 0.6337890625 0.19921875 0.634765625 0.21223958281250002 0.638671875
1 0.3033854171875 0.642578125 0.3216145828125 0.64453125 0.3450520828125 0.64453125 0.3463541671875 0.6435546875 0.359375 0.6044921875 0.359375 0.5966796875 0.3580729171875 0.595703125 0.29296875 0.587890625 0.28515625 0.587890625 0.28125 0.5908203125 0.2786458328125 0.5966796875 0.2682291671875 0.6279296875 0.2682291671875 0.6357421875 0.26953125 0.63671875 0.3033854171875 0.642578125
1 0.38671875 0.638671875 0.39453125 0.638671875 0.4010416671875 0.6337890625 0.4114583328125 0.5986328125 0.4114583328125 0.5908203125 0.41015625 0.58984375 0.3815104171875 0.5859375 0.3684895828125 0.5859375 0.3645833328125 0.5888671875 0.3567708328125 0.6083984375 0.3515625 0.6259765625 0.3515625 0.6318359375 0.3606770828125 0.634765625 0.38671875 0.638671875
1 0.4466145828125 0.634765625 0.4505208328125 0.6318359375 0.453125 0.6259765625 0.4609375 0.6025390625 0.4635416671875 0.5888671875 0.4596354171875 0.5859375 0.44140625 0.58203125 0.4283854171875 0.580078125 0.41796875 0.580078125 0.4114583328125 0.5927734375 0.4036458328125 0.6181640625 0.4036458328125 0.6279296875 0.4283854171875 0.6328125 0.4466145828125 0.634765625
1 0.46484375 0.615234375 0.4856770828125 0.619140625 0.53515625 0.626953125 0.5377604171875 0.626953125 0.5416666671875 0.6240234375 0.5546875 0.5849609375 0.5546875 0.5810546875 0.5533854171875 0.580078125 0.5481770828125 0.578125 0.4778645828125 0.56640625 0.47265625 0.56640625 0.46875 0.5693359375 0.4661458328125 0.5771484375 0.4583333328125 0.6064453125 0.4583333328125 0.6123046875 0.4596354171875 0.61328125 0.46484375 0.615234375
1 0.6419270828125 0.625 0.6497395828125 0.625 0.6510416671875 0.6240234375 0.6640625 0.5849609375 0.6640625 0.5810546875 0.66015625 0.578125 0.5716145828125 0.5625 0.5638020828125 0.5625 0.5598958328125 0.5673828125 0.5546875 0.5810546875 0.5494791671875 0.5986328125 0.5494791671875 0.6064453125 0.5533854171875 0.609375 0.6419270828125 0.625
1 0.68359375 0.611328125 0.7018229171875 0.61328125 0.7057291671875 0.6083984375 0.7161458328125 0.5712890625 0.7122395828125 0.568359375 0.6731770828125 0.5625 0.6692708328125 0.5654296875 0.6640625 0.5791015625 0.6588541671875 0.5966796875 0.6588541671875 0.6044921875 0.6627604171875 0.607421875 0.68359375 0.611328125