0 0.06119791718749999 0.69921875 0.07942708281250001 0.701171875 0.1653645828125 0.701171875 0.1940104171875 0.697265625 0.203125 0.6923828125 0.20572916718749998 0.6884765625 0.20833333281250002 0.6728515625 0.2265625 0.4599609375 0.24479166718749998 0.1728515625 0.24479166718749998 0.1259765625 0.2421875 0.1220703125 0.23307291718749998 0.1171875 0.12890625 0.107421875 0.1028645828125 0.107421875 0.09375 0.1103515625 0.09114583281250001 0.1220703125 0.06770833281250001 0.3447265625 0.046875 0.5869140625 0.0416666671875 0.6611328125 0.0416666671875 0.6904296875 0.0455729171875 0.6953125 0.06119791718749999 0.69921875
0 0.28515625 0.697265625 0.30859375 0.693359375 0.3125 0.6904296875 0.3151041671875 0.6787109375 0.359375 0.1025390625 0.3567708328125 0.0908203125 0.3502604171875 0.07421875 0.3424479171875 0.0703125 0.29296875 0.05859375 0.2747395828125 0.05859375 0.2604166671875 0.0693359375 0.2578125 0.0732421875 0.24479166718749998 0.2099609375 0.21875 0.5263671875 0.20833333281250002 0.6904296875 0.21744791718749998 0.6953125 0.23046875 0.697265625 0.28515625 0.697265625
0 0.32421875 0.6953125 0.3424479171875 0.697265625 0.38671875 0.697265625 0.39453125 0.6953125 0.3984375 0.6923828125 0.4010416671875 0.6708984375 0.4192708328125 0.4306640625 0.4348958328125 0.1630859375 0.4348958328125 0.1220703125 0.4283854171875 0.1171875 0.4205729171875 0.115234375 0.3736979171875 0.109375 0.36328125 0.11328125 0.3567708328125 0.1181640625 0.3515625 0.1572265625 0.3177083328125 0.6337890625 0.3151041671875 0.6787109375 0.3151041671875 0.6865234375 0.3177083328125 0.6923828125 0.32421875 0.6953125
0 0.4205729171875 0.69921875 0.47265625 0.69921875 0.48046875 0.697265625 0.484375 0.6923828125 0.4895833328125 0.6552734375 0.5052083328125 0.4287109375 0.5182291671875 0.2001953125 0.5208333328125 0.1142578125 0.5169270828125 0.111328125 0.51171875 0.109375 0.4986979171875 0.107421875 0.4674479171875 0.10546875 0.4518229171875 0.10546875 0.4453125 0.1083984375 0.4401041671875 0.1162109375 0.4348958328125 0.1826171875 0.4010416671875 0.6650390625 0.4010416671875 0.6923828125 0.4075520828125 0.697265625 0.4205729171875 0.69921875
0 0.5690104171875 0.701171875 0.5924479171875 0.701171875 0.6263020828125 0.69921875 0.6302083328125 0.6962890625 0.6328125 0.6826171875 0.6666666671875 0.1123046875 0.66015625 0.107421875 0.55859375 0.09765625 0.53515625 0.09765625 0.5286458328125 0.1025390625 0.5260416671875 0.1123046875 0.5234375 0.1513671875 0.4895833328125 0.6650390625 0.4895833328125 0.6943359375 0.4986979171875 0.69921875 0.5690104171875 0.701171875
0 0.66015625 0.69921875 0.6861979171875 0.69921875 0.69921875 0.697265625 0.703125 0.6943359375 0.7057291671875 0.6845703125 0.7291666671875 0.2216796875 0.7291666671875 0.1845703125 0.7200520828125 0.1796875 0.7044270828125 0.17578125 0.6731770828125 0.17578125 0.6653645828125 0.177734375 0.6614583328125 0.1806640625 0.6588541671875 0.1904296875 0.640625 0.4931640625 0.6354166671875 0.5947265625 0.6354166671875 0.6943359375 0.6419270828125 0.697265625 0.66015625 0.69921875
0 0.7174479171875 0.69921875 0.7356770828125 0.701171875 0.7981770828125 0.701171875 0.8046875 0.6962890625 0.8072916671874999 0.6826171875 0.8255208328125001 0.1748046875 0.8255208328125001 0.1240234375 0.82421875 0.123046875 0.79296875 0.119140625 0.7408854171875 0.119140625 0.7330729171875 0.12109375 0.7265625 0.1259765625 0.7239583328125 0.1298828125 0.7083333328125 0.1611328125 0.7057291671875 0.1669921875 0.7057291671875 0.6943359375 0.7096354171875 0.697265625 0.7174479171875 0.69921875
1 0.07161458281250001 0.529296875 0.19140625 0.533203125 0.21484375 0.533203125 0.21875 0.5302734375 0.22395833281250002 0.4931640625 0.22395833281250002 0.4833984375 0.22265625 0.482421875 0.21484375 0.48046875 0.1966145828125 0.478515625 0.07942708281250001 0.474609375 0.06901041718749999 0.4765625 0.06510416718749999 0.4794921875 0.0625 0.5048828125 0.0625 0.5263671875 0.06380208281250001 0.52734375 0.07161458281250001 0.529296875
1 0.3216145828125 0.53125 0.3229166671875 0.5302734375 0.3255208328125 0.5263671875 0.328125 0.4970703125 0.328125 0.4833984375 0.32421875 0.48046875 0.3138020828125 0.478515625 0.26953125 0.4765625 0.23046875 0.4765625 0.22395833281250002 0.4833984375 0.22135416718749998 0.5263671875 0.22526041718749998 0.529296875 0.30078125 0.53125 0.3216145828125 0.53125
1 0.40234375 0.5390625 0.4075520828125 0.5390625 0.4114583328125 0.5361328125 0.4140625 0.5126953125 0.4140625 0.4892578125 0.4127604171875 0.48828125 0.3997395828125 0.486328125 0.3606770828125 0.484375 0.33203125 0.484375 0.328125 0.4873046875 0.3255208328125 0.5185546875 0.3255208328125 0.5341796875 0.3268229171875 0.53515625 0.40234375 0.5390625
1 0.4934895828125 0.5390625 0.4947916671875 0.5380859375 0.4973958328125 0.5205078125 0.4973958328125 0.4892578125 0.49609375 0.48828125 0.4388020828125 0.484375 0.41796875 0.484375 0.4140625 0.4912109375 0.4114583328125 0.5322265625 0.4153645828125 0.53515625 0.48046875 0.5390625 0.4934895828125 0.5390625
1 0.61328125 0.552734375 0.63671875 0.552734375 0.6380208328125 0.5517578125 0.640625 0.5361328125 0.640625 0.5068359375 0.63671875 0.50390625 0.5403645828125 0.498046875 0.5091145828125 0.498046875 0.5078125 0.4990234375 0.5052083328125 0.5146484375 0.5052083328125 0.5458984375 0.5065104171875 0.546875 0.61328125 0.552734375
1 0.70703125 0.541015625 0.7109375 0.5302734375 0.7109375 0.4912109375 0.7096354171875 0.490234375 0.68359375 0.48828125 0.64453125 0.48828125 0.640625 0.4912109375 0.640625 0.5361328125 0.64453125 0.5390625 0.70703125 0.541015625
1 0.8059895828125001 0.544921875 0.8098958328125001 0.5419921875 0.8125 0.4970703125 0.80859375 0.494140625 0.7825520828125 0.4921875 0.7122395828125 0.4921875 0.7109375 0.4931640625 0.7083333328125 0.5380859375 0.7122395828125 0.541015625 0.7981770828125 0.544921875 0.8059895828125001 0.544921875