0 0.21484375 0.8828125 0.23828125 0.888671875 0.32421875 0.888671875 0.3307291671875 0.8818359375 0.328125 0.2900390625 0.3216145828125 0.28515625 0.30859375 0.279296875 0.2565104171875 0.27734375 0.1861979171875 0.27734375 0.1796875 0.2802734375 0.1770833328125 0.3017578125 0.1770833328125 0.3193359375 0.2109375 0.8798828125 0.21484375 0.8828125
0 0.3333333328125 0.8779296875 0.3424479171875 0.8828125 0.3919270828125 0.8828125 0.3971354171875 0.880859375 0.4010416671875 0.8759765625 0.40625 0.4775390625 0.40625 0.3291015625 0.3997395828125 0.32421875 0.3528645828125 0.3203125 0.3294270828125 0.3203125 0.3229166671875 0.3251953125 0.3203125 0.3291015625 0.3203125 0.4091796875 0.328125 0.7880859375 0.3333333328125 0.8779296875
0 0.41796875 0.888671875 0.4544270828125 0.888671875 0.4596354171875 0.88671875 0.4661458328125 0.8818359375 0.46875 0.8779296875 0.484375 0.3388671875 0.4817708328125 0.3349609375 0.47265625 0.330078125 0.4127604171875 0.330078125 0.40625 0.3349609375 0.4036458328125 0.5380859375 0.4036458328125 0.8837890625 0.4075520828125 0.88671875 0.41796875 0.888671875
0 0.48828125 0.890625 0.4947916671875 0.8857421875 0.4973958328125 0.7744140625 0.5 0.5732421875 0.5 0.3740234375 0.4986979171875 0.373046875 0.4856770828125 0.373046875 0.48046875 0.375 0.4765625 0.3818359375 0.46875 0.6572265625 0.4661458328125 0.8818359375 0.47265625 0.888671875 0.48046875 0.890625 0.48828125 0.890625
0 0.50390625 0.892578125 0.5299479171875 0.8984375 0.5559895828125 0.888671875 0.5625 0.8818359375 0.5833333328125 0.3994140625 0.5833333328125 0.3525390625 0.5807291671875 0.3349609375 0.57421875 0.33203125 0.50390625 0.330078125 0.5 0.3330078125 0.4973958328125 0.3388671875 0.4947916671875 0.7060546875 0.4947916671875 0.8369140625 0.4973958328125 0.8896484375 0.50390625 0.892578125
0 0.5846354171875 0.88671875 0.5950520828125 0.888671875 0.6263020828125 0.888671875 0.6315104171875 0.88671875 0.6380208328125 0.8818359375 0.640625 0.8662109375 0.6510416671875 0.7333984375 0.671875 0.3759765625 0.671875 0.3330078125 0.6653645828125 0.330078125 0.6263020828125 0.328125 0.58984375 0.328125 0.5807291671875 0.3330078125 0.5677083328125 0.7197265625 0.5677083328125 0.8740234375 0.5729166671875 0.8818359375 0.5846354171875 0.88671875
0 0.6549479171875 0.888671875 0.6653645828125 0.890625 0.6731770828125 0.890625 0.6783854171875 0.888671875 0.6848958328125 0.8837890625 0.6875 0.8544921875 0.7005208328125 0.6767578125 0.7239583328125 0.3212890625 0.7239583328125 0.3037109375 0.7174479171875 0.30078125 0.6783854171875 0.30078125 0.63671875 0.3125 0.6106770828125 0.322265625 0.609375 0.3232421875 0.6458333328125 0.8798828125 0.6484375 0.8837890625 0.6549479171875 0.888671875
0 0.8033854171874999 0.890625 0.8216145828125001 0.89453125 0.8580729171874999 0.89453125 0.8684895828125001 0.892578125 0.875 0.8876953125 0.8802083328125001 0.8603515625 0.9348958328125001 0.4892578125 0.9557291671874999 0.3349609375 0.9583333328125001 0.2978515625 0.9544270828125001 0.294921875 0.9205729171874999 0.29296875 0.8658854171874999 0.29296875 0.8619791671874999 0.2958984375 0.859375 0.3134765625 0.7942708328125 0.8681640625 0.7942708328125 0.8837890625 0.796875 0.8876953125 0.8033854171874999 0.890625
0 1 0.2998046875 0.99609375 0.29296875 0.9674479171874999 0.29296875 0.9609375 0.2958984375 0.9036458328125001 0.6904296875 0.8776041671874999 0.8818359375 0.8841145828125001 0.888671875 0.89453125 0.892578125 0.9361979171874999 0.892578125 0.9453125 0.8876953125 0.9479166671874999 0.8818359375 0.9973958328125001 0.5380859375 1 0.5068359375 1 0.2998046875
1 0.2799479171875 0.734375 0.3216145828125 0.732421875 0.328125 0.7275390625 0.328125 0.6904296875 0.32421875 0.681640625 0.20442708281250002 0.68359375 0.20052083281250002 0.6865234375 0.203125 0.7294921875 0.20963541718749998 0.734375 0.2799479171875 0.734375
1 0.3450520828125 0.740234375 0.3893229171875 0.740234375 0.3971354171875 0.73828125 0.4010416671875 0.7353515625 0.4036458328125 0.7255859375 0.4036458328125 0.6904296875 0.40234375 0.689453125 0.3294270828125 0.6875 0.328125 0.6884765625 0.328125 0.7333984375 0.33203125 0.73828125 0.3450520828125 0.740234375
1 0.4361979171875 0.744140625 0.4596354171875 0.7421875 0.46484375 0.740234375 0.46875 0.7373046875 0.46875 0.6923828125 0.4674479171875 0.69140625 0.4049479171875 0.69140625 0.4036458328125 0.6923828125 0.4036458328125 0.7373046875 0.41015625 0.7421875 0.4361979171875 0.744140625
1 0.4856770828125 0.748046875 0.4947916671875 0.7431640625 0.4973958328125 0.6982421875 0.4934895828125 0.6953125 0.47265625 0.697265625 0.4713541671875 0.6982421875 0.46875 0.7021484375 0.46875 0.7431640625 0.4778645828125 0.748046875 0.4856770828125 0.748046875
1 0.5611979171875 0.74609375 0.5651041671875 0.7431640625 0.5677083328125 0.7373046875 0.5677083328125 0.6962890625 0.56640625 0.6953125 0.4986979171875 0.6953125 0.4973958328125 0.6962890625 0.4947916671875 0.7392578125 0.4986979171875 0.744140625 0.51171875 0.74609375 0.5611979171875 0.74609375
1 0.5872395828125 0.744140625 0.6028645828125 0.74609375 0.6393229171875 0.74609375 0.6484375 0.7412109375 0.6510416671875 0.7333984375 0.6510416671875 0.6943359375 0.6497395828125 0.693359375 0.5716145828125 0.6875 0.5703125 0.6884765625 0.5677083328125 0.6923828125 0.5677083328125 0.7353515625 0.57421875 0.740234375 0.5872395828125 0.744140625
1 0.6627604171875 0.748046875 0.67578125 0.75 0.6888020828125 0.75 0.6953125 0.7451171875 0.6979166671875 0.7197265625 0.6979166671875 0.7021484375 0.6940104171875 0.69921875 0.6549479171875 0.69140625 0.6536458328125 0.6923828125 0.6510416671875 0.6982421875 0.6510416671875 0.7392578125 0.6536458328125 0.7431640625 0.6627604171875 0.748046875
1 0.7252604171875 0.75390625 0.7721354171875 0.75390625 0.8033854171874999 0.75 0.8098958328125001 0.7431640625 0.8125 0.7216796875 0.8125 0.7021484375 0.8111979171874999 0.701171875 0.7018229171875 0.701171875 0.6979166671875 0.7041015625 0.6953125 0.7294921875 0.6953125 0.7470703125 0.7044270828125 0.751953125 0.7252604171875 0.75390625
1 0.8763020828125001 0.755859375 0.88671875 0.75390625 0.8958333328125001 0.7490234375 0.9010416671874999 0.7138671875 0.9010416671874999 0.7060546875 0.8997395828125001 0.705078125 0.8190104171874999 0.703125 0.8151041671874999 0.7060546875 0.8125 0.7177734375 0.8098958328125001 0.7490234375 0.8138020828125001 0.751953125 0.8346354171874999 0.755859375 0.8763020828125001 0.755859375
1 0.9596354171874999 0.755859375 0.9661458328125001 0.7509765625 0.9713541671874999 0.7158203125 0.9713541671874999 0.7080078125 0.9700520828125001 0.70703125 0.9049479171874999 0.703125 0.9010416671874999 0.7060546875 0.8984375 0.7236328125 0.8958333328125001 0.7470703125 0.8997395828125001 0.751953125 0.9127604171874999 0.755859375 0.9596354171874999 0.755859375