0 0.06380208281250001 0.79296875 0.07682291718749999 0.794921875 0.09505208281250001 0.794921875 0.1002604171875 0.79296875 0.1067708328125 0.7880859375 0.3020833328125 0.2373046875 0.3020833328125 0.2294921875 0.27734375 0.2109375 0.20963541718749998 0.208984375 0.20572916718749998 0.2138671875 0.109375 0.5205078125 0.03125 0.7744140625 0.0338541671875 0.7802734375 0.04296875 0.787109375 0.06380208281250001 0.79296875
0 0.1263020828125 0.783203125 0.15234375 0.787109375 0.1627604171875 0.787109375 0.1705729171875 0.78515625 0.1770833328125 0.7802734375 0.23958333281250002 0.5908203125 0.3385416671875 0.2548828125 0.3385416671875 0.2529296875 0.3346354171875 0.25 0.3216145828125 0.24609375 0.3111979171875 0.244140625 0.2825520828125 0.2421875 0.2734375 0.2509765625 0.2682291671875 0.2626953125 0.23958333281250002 0.3447265625 0.1979166671875 0.4775390625 0.1354166671875 0.6806640625 0.1145833328125 0.7548828125 0.1119791671875 0.7666015625 0.1119791671875 0.7763671875 0.1158854171875 0.779296875 0.1263020828125 0.783203125
0 0.21484375 0.779296875 0.23567708281250002 0.783203125 0.24869791718749998 0.783203125 0.2526041671875 0.7802734375 0.2604166671875 0.7646484375 0.375 0.4150390625 0.4401041671875 0.2041015625 0.4453125 0.1845703125 0.4453125 0.1787109375 0.44140625 0.17578125 0.43359375 0.173828125 0.3997395828125 0.169921875 0.37890625 0.169921875 0.3723958328125 0.1748046875 0.3697916671875 0.1787109375 0.328125 0.3037109375 0.21875 0.6513671875 0.1875 0.7529296875 0.1875 0.7685546875 0.19140625 0.771484375 0.21484375 0.779296875
0 0.2643229171875 0.791015625 0.3033854171875 0.798828125 0.3216145828125 0.798828125 0.3307291671875 0.7919921875 0.3385416671875 0.7822265625 0.4296875 0.5341796875 0.5494791671875 0.1884765625 0.5494791671875 0.1748046875 0.54296875 0.169921875 0.5143229171875 0.1640625 0.4986979171875 0.1640625 0.4596354171875 0.169921875 0.453125 0.1748046875 0.4505208328125 0.1787109375 0.4296875 0.2353515625 0.2994791671875 0.6376953125 0.2552083328125 0.7763671875 0.2552083328125 0.7822265625 0.2578125 0.7861328125 0.2643229171875 0.791015625
0 0.3893229171875 0.787109375 0.4153645828125 0.791015625 0.4231770828125 0.791015625 0.43359375 0.787109375 0.4401041671875 0.7822265625 0.4583333328125 0.7392578125 0.671875 0.1923828125 0.671875 0.1865234375 0.6666666671875 0.1650390625 0.6614583328125 0.1572265625 0.65234375 0.15234375 0.5690104171875 0.1484375 0.5625 0.1533203125 0.5520833328125 0.1787109375 0.4973958328125 0.3330078125 0.3567708328125 0.7373046875 0.3489583328125 0.7607421875 0.3489583328125 0.7705078125 0.3580729171875 0.77734375 0.3893229171875 0.787109375
0 0.46484375 0.7734375 0.4752604171875 0.77734375 0.5091145828125 0.787109375 0.51953125 0.7890625 0.53515625 0.7890625 0.5403645828125 0.787109375 0.546875 0.7822265625 0.5520833328125 0.7744140625 0.5625 0.7490234375 0.6145833328125 0.6123046875 0.75 0.2392578125 0.7552083328125 0.2236328125 0.7552083328125 0.2138671875 0.74609375 0.20703125 0.7356770828125 0.203125 0.69921875 0.197265625 0.66796875 0.197265625 0.65625 0.2099609375 0.625 0.2880859375 0.5520833328125 0.4853515625 0.4713541671875 0.7197265625 0.4583333328125 0.7587890625 0.4583333328125 0.7666015625 0.4609375 0.7705078125 0.46484375 0.7734375
0 0.5768229171875 0.783203125 0.6028645828125 0.7890625 0.61328125 0.7890625 0.6197916671875 0.7841796875 0.625 0.7763671875 0.8177083328125001 0.2998046875 0.8255208328125001 0.2373046875 0.8255208328125001 0.2119140625 0.8190104171874999 0.20703125 0.7903645828125 0.203125 0.7669270828125 0.203125 0.7630208328125 0.2060546875 0.7552083328125 0.2236328125 0.7265625 0.3017578125 0.5703125 0.7470703125 0.5625 0.7705078125 0.5651041671875 0.7763671875 0.5716145828125 0.78125 0.5768229171875 0.783203125
1 0.1471354171875 0.630859375 0.1536458328125 0.6279296875 0.1692708328125 0.5810546875 0.1692708328125 0.5771484375 0.10546875 0.56640625 0.1002604171875 0.56640625 0.09635416718749999 0.5693359375 0.0859375 0.6044921875 0.08333333281250001 0.6181640625 0.08723958281250001 0.62109375 0.1158854171875 0.62890625 0.1471354171875 0.630859375
1 0.20442708281250002 0.62890625 0.21744791718749998 0.62890625 0.22395833281250002 0.6240234375 0.2265625 0.6201171875 0.2421875 0.5771484375 0.23828125 0.57421875 0.17578125 0.56640625 0.171875 0.5693359375 0.1614583328125 0.6005859375 0.1588541671875 0.6103515625 0.1588541671875 0.6181640625 0.1627604171875 0.62109375 0.20442708281250002 0.62890625
1 0.2955729171875 0.625 0.3033854171875 0.625 0.3046875 0.6240234375 0.3177083328125 0.5849609375 0.3177083328125 0.5771484375 0.3138020828125 0.57421875 0.2565104171875 0.5625 0.2513020828125 0.5625 0.24739583281250002 0.5654296875 0.23958333281250002 0.5869140625 0.234375 0.6044921875 0.234375 0.6103515625 0.24348958281250002 0.6171875 0.2955729171875 0.625
1 0.3450520828125 0.634765625 0.3763020828125 0.638671875 0.3815104171875 0.638671875 0.3893229171875 0.63671875 0.3932291671875 0.6337890625 0.4088541671875 0.5908203125 0.4088541671875 0.5849609375 0.4075520828125 0.583984375 0.3268229171875 0.5703125 0.32421875 0.5703125 0.3203125 0.5732421875 0.3177083328125 0.5810546875 0.3046875 0.6220703125 0.3046875 0.6240234375 0.30859375 0.626953125 0.3450520828125 0.634765625
1 0.41796875 0.619140625 0.46484375 0.62890625 0.4778645828125 0.630859375 0.4934895828125 0.630859375 0.5 0.6259765625 0.5026041671875 0.6220703125 0.515625 0.5869140625 0.515625 0.5810546875 0.43359375 0.56640625 0.42578125 0.56640625 0.4140625 0.5751953125 0.4088541671875 0.5869140625 0.4010416671875 0.6103515625 0.4010416671875 0.6123046875 0.4049479171875 0.615234375 0.41796875 0.619140625
1 0.5455729171875 0.62109375 0.5716145828125 0.626953125 0.5872395828125 0.62890625 0.6002604171875 0.62890625 0.6041666671875 0.6259765625 0.6145833328125 0.6064453125 0.6223958328125 0.5830078125 0.6223958328125 0.5751953125 0.62109375 0.57421875 0.5377604171875 0.55859375 0.5325520828125 0.55859375 0.5286458328125 0.5615234375 0.5208333328125 0.5791015625 0.5130208328125 0.6025390625 0.5130208328125 0.6103515625 0.5143229171875 0.611328125 0.5455729171875 0.62109375
1 0.6549479171875 0.626953125 0.6653645828125 0.62890625 0.6731770828125 0.62890625 0.6796875 0.6220703125 0.6953125 0.5771484375 0.69140625 0.57421875 0.64453125 0.564453125 0.63671875 0.564453125 0.6302083328125 0.5771484375 0.6223958328125 0.5986328125 0.6197916671875 0.6064453125 0.6197916671875 0.6181640625 0.62109375 0.619140625 0.6549479171875 0.626953125