0 0.20182291718749998 0 0.20052083281250002 0.0009765625 0.1979166671875 0.0068359375 0.1979166671875 0.0244140625 0.24739583281250002 0.6298828125 0.25 0.6396484375 0.2591145828125 0.646484375 0.2643229171875 0.6484375 0.3606770828125 0.642578125 0.3658854171875 0.640625 0.3723958328125 0.6357421875 0.375 0.6318359375 0.375 0.6142578125 0.3411458328125 0.0947265625 0.3307291671875 0.0146484375 0.3255208328125 0.0068359375 0.31640625 0 0.20182291718749998 0
0 0.375 0.6064453125 0.3776041671875 0.6279296875 0.3802083328125 0.6318359375 0.3815104171875 0.6328125 0.40234375 0.634765625 0.4361979171875 0.630859375 0.4453125 0.6259765625 0.4375 0.4873046875 0.4088541671875 0.1142578125 0.40234375 0.107421875 0.37890625 0.1015625 0.3450520828125 0.1015625 0.3411458328125 0.1044921875 0.3385416671875 0.1103515625 0.3385416671875 0.1201171875 0.3463541671875 0.2529296875 0.375 0.6064453125
0 0.4453125 0.6259765625 0.4479166671875 0.6396484375 0.4518229171875 0.642578125 0.4622395828125 0.646484375 0.51953125 0.646484375 0.5377604171875 0.64453125 0.55078125 0.642578125 0.5572916671875 0.6376953125 0.5572916671875 0.6025390625 0.5338541671875 0.2158203125 0.5286458328125 0.1494140625 0.5260416671875 0.1337890625 0.5234375 0.1279296875 0.51953125 0.125 0.50390625 0.12109375 0.44921875 0.1171875 0.4205729171875 0.1171875 0.4153645828125 0.119140625 0.4114583328125 0.1220703125 0.4114583328125 0.1669921875 0.4427083328125 0.5927734375 0.4453125 0.6259765625
0 0.56640625 0.642578125 0.57421875 0.646484375 0.58203125 0.6484375 0.61328125 0.6484375 0.6197916671875 0.6435546875 0.6197916671875 0.6240234375 0.5729166671875 0.1572265625 0.5638020828125 0.15234375 0.5455729171875 0.15234375 0.5325520828125 0.15625 0.53125 0.1572265625 0.53125 0.1982421875 0.5598958328125 0.6357421875 0.56640625 0.642578125
0 0.625 0.6435546875 0.6315104171875 0.65234375 0.6575520828125 0.65234375 0.6783854171875 0.650390625 0.69140625 0.6484375 0.6953125 0.6455078125 0.6953125 0.6259765625 0.6484375 0.1806640625 0.6419270828125 0.17578125 0.5950520828125 0.17578125 0.58203125 0.177734375 0.578125 0.1806640625 0.578125 0.2138671875 0.6015625 0.4716796875 0.625 0.6435546875
0 0.7005208328125 0.6513671875 0.7044270828125 0.65625 0.7122395828125 0.658203125 0.7669270828125 0.658203125 0.80078125 0.654296875 0.8098958328125001 0.6513671875 0.8098958328125001 0.6162109375 0.7630208328125 0.1650390625 0.7604166671875 0.1611328125 0.7513020828125 0.15625 0.72265625 0.154296875 0.65234375 0.15234375 0.6458333328125 0.1572265625 0.640625 0.1650390625 0.640625 0.1708984375 0.6979166671875 0.6416015625 0.7005208328125 0.6513671875
0 0.8125 0.6552734375 0.81640625 0.658203125 0.8372395828125001 0.658203125 0.8580729171874999 0.65625 0.8645833328125001 0.6533203125 0.8671875 0.6455078125 0.8463541671874999 0.4794921875 0.8020833328125001 0.1787109375 0.7981770828125 0.173828125 0.7903645828125 0.171875 0.76953125 0.171875 0.7643229171875 0.173828125 0.7604166671875 0.1767578125 0.7604166671875 0.1982421875 0.7890625 0.4833984375 0.8125 0.6552734375
0 0.8489583328125001 0.5166015625 0.8697916671874999 0.6552734375 0.8763020828125001 0.66015625 0.8815104171874999 0.662109375 0.9127604171874999 0.662109375 0.9192708328125001 0.6591796875 0.921875 0.6552734375 0.921875 0.6494140625 0.8645833328125001 0.2646484375 0.8515625 0.1884765625 0.84765625 0.185546875 0.8268229171874999 0.185546875 0.81640625 0.189453125 0.8125 0.1923828125 0.8098958328125001 0.1962890625 0.8098958328125001 0.2197265625 0.8177083328125001 0.2841796875 0.8489583328125001 0.5166015625
0 0.921875 0.6591796875 0.9283854171874999 0.6640625 0.9440104171874999 0.6640625 0.9518229171874999 0.662109375 0.9557291671874999 0.6591796875 0.9557291671874999 0.6572265625 0.890625 0.2333984375 0.8854166671874999 0.2080078125 0.8828125 0.2041015625 0.8815104171874999 0.203125 0.86328125 0.203125 0.8567708328125001 0.2080078125 0.8567708328125001 0.2216796875 0.8932291671874999 0.4892578125 0.921875 0.6591796875
0 0.9557291671874999 0.6591796875 0.9596354171874999 0.662109375 0.98828125 0.662109375 0.9947916671874999 0.6572265625 0.9973958328125001 0.6513671875 0.9973958328125001 0.6455078125 0.9244791671874999 0.1923828125 0.91796875 0.18359375 0.88671875 0.1796875 0.8828125 0.1826171875 0.8854166671874999 0.2080078125 0.9244791671874999 0.4697265625 0.9557291671874999 0.6591796875
1 0.1901041671875 0.4755859375 0.19140625 0.4765625 0.23307291718749998 0.4765625 0.234375 0.4755859375 0.234375 0.4443359375 0.23177083281250002 0.4248046875 0.22786458281250002 0.421875 0.1888020828125 0.421875 0.1848958328125 0.4248046875 0.1848958328125 0.4384765625 0.1875 0.4677734375 0.1901041671875 0.4755859375
1 0.3580729171875 0.47265625 0.3619791671875 0.4697265625 0.359375 0.4228515625 0.35546875 0.416015625 0.34765625 0.4140625 0.2643229171875 0.4140625 0.23828125 0.416015625 0.23177083281250002 0.4208984375 0.234375 0.4658203125 0.23828125 0.47265625 0.3580729171875 0.47265625
1 0.4309895828125 0.474609375 0.4348958328125 0.4716796875 0.4322916671875 0.4267578125 0.4309895828125 0.42578125 0.42578125 0.423828125 0.38671875 0.423828125 0.3658854171875 0.42578125 0.3619791671875 0.4287109375 0.3645833328125 0.4736328125 0.3658854171875 0.474609375 0.4309895828125 0.474609375
1 0.4388020828125 0.4921875 0.4778645828125 0.4921875 0.5481770828125 0.490234375 0.5494791671875 0.4892578125 0.5494791671875 0.4560546875 0.546875 0.4423828125 0.5455729171875 0.44140625 0.4778645828125 0.44140625 0.4440104171875 0.443359375 0.4361979171875 0.4453125 0.4348958328125 0.4462890625 0.4348958328125 0.4755859375 0.4375 0.4912109375 0.4388020828125 0.4921875
1 0.5559895828125 0.501953125 0.57421875 0.501953125 0.6028645828125 0.5 0.6041666671875 0.4990234375 0.6041666671875 0.4892578125 0.6015625 0.4599609375 0.5989583328125 0.4541015625 0.5950520828125 0.451171875 0.58984375 0.451171875 0.5638020828125 0.453125 0.5520833328125 0.4560546875 0.5494791671875 0.4599609375 0.5520833328125 0.4892578125 0.5546875 0.5009765625 0.5559895828125 0.501953125
1 0.6080729171875 0.501953125 0.65234375 0.501953125 0.67578125 0.5 0.6796875 0.4970703125 0.6770833328125 0.4599609375 0.6744791671875 0.4521484375 0.6705729171875 0.44921875 0.6263020828125 0.451171875 0.60546875 0.455078125 0.6015625 0.4580078125 0.6015625 0.4755859375 0.6041666671875 0.4970703125 0.6080729171875 0.501953125
1 0.6888020828125 0.509765625 0.7018229171875 0.51171875 0.7877604171875 0.509765625 0.7916666671875 0.5068359375 0.7890625 0.4658203125 0.78515625 0.4609375 0.6888020828125 0.462890625 0.68359375 0.46484375 0.6822916671875 0.4658203125 0.6822916671875 0.4912109375 0.6848958328125 0.5068359375 0.6888020828125 0.509765625
1 0.7955729171875 0.513671875 0.8216145828125001 0.513671875 0.84765625 0.51171875 0.8489583328125001 0.5107421875 0.84375 0.4697265625 0.83984375 0.466796875 0.82421875 0.466796875 0.7903645828125 0.470703125 0.7890625 0.4716796875 0.7890625 0.4873046875 0.7916666671875 0.5068359375 0.7955729171875 0.513671875
1 0.8528645828125001 0.51953125 0.88671875 0.51953125 0.89453125 0.517578125 0.8958333328125001 0.5166015625 0.8958333328125001 0.5029296875 0.890625 0.4736328125 0.88671875 0.470703125 0.8763020828125001 0.470703125 0.84765625 0.474609375 0.8463541671874999 0.4755859375 0.8463541671874999 0.4970703125 0.8489583328125001 0.5166015625 0.8528645828125001 0.51953125
1 0.9348958328125001 0.5263671875 0.9361979171874999 0.52734375 0.9700520828125001 0.52734375 0.9713541671874999 0.5263671875 0.9713541671874999 0.5009765625 0.96875 0.4814453125 0.9674479171874999 0.48046875 0.9440104171874999 0.48046875 0.9309895828125001 0.482421875 0.9270833328125001 0.4853515625 0.9270833328125001 0.4873046875 0.9322916671874999 0.5185546875 0.9348958328125001 0.5263671875