0 0 0.2958984375 0.0052083328125 0.6201171875 0.0078125 0.6982421875 0.014322917187500001 0.705078125 0.06119791718749999 0.705078125 0.06770833281250001 0.7021484375 0.0703125 0.6806640625 0.0703125 0.3759765625 0.06510416718749999 0.2001953125 0.05859375 0.197265625 0.0455729171875 0.1953125 0.006510417187500001 0.1953125 0.0013020828125 0.197265625 0 0.1982421875 0 0.2958984375
0 0.30078125 0.712890625 0.3216145828125 0.708984375 0.328125 0.7041015625 0.328125 0.5615234375 0.3255208328125 0.4326171875 0.3177083328125 0.2509765625 0.3151041671875 0.2333984375 0.3098958328125 0.2255859375 0.3059895828125 0.22265625 0.2981770828125 0.220703125 0.20703125 0.220703125 0.20572916718749998 0.2216796875 0.203125 0.2275390625 0.203125 0.7080078125 0.21223958281250002 0.712890625 0.30078125 0.712890625
0 0.3346354171875 0.7109375 0.35546875 0.712890625 0.4440104171875 0.712890625 0.4505208328125 0.7080078125 0.4505208328125 0.5185546875 0.4427083328125 0.2373046875 0.4361979171875 0.232421875 0.4283854171875 0.23046875 0.38671875 0.2265625 0.33203125 0.2265625 0.3268229171875 0.228515625 0.3229166671875 0.2333984375 0.3203125 0.2490234375 0.3203125 0.2900390625 0.3307291671875 0.7080078125 0.3346354171875 0.7109375
0 0.45703125 0.716796875 0.4674479171875 0.71875 0.51171875 0.71875 0.5182291671875 0.7119140625 0.5182291671875 0.7080078125 0.5078125 0.2529296875 0.5052083328125 0.2138671875 0.5013020828125 0.2109375 0.47265625 0.208984375 0.4596354171875 0.208984375 0.4505208328125 0.2119140625 0.4479166671875 0.2158203125 0.4479166671875 0.3837890625 0.453125 0.7119140625 0.45703125 0.716796875
0 0.5182291671875 0.7119140625 0.5221354171875 0.71484375 0.58984375 0.71484375 0.59375 0.7119140625 0.59375 0.1416015625 0.5911458328125 0.1357421875 0.5872395828125 0.1328125 0.5716145828125 0.12890625 0.54296875 0.125 0.50390625 0.125 0.5 0.1279296875 0.4973958328125 0.1318359375 0.4973958328125 0.1923828125 0.515625 0.6884765625 0.5182291671875 0.7119140625
0 0.5963541671875 0.7119140625 0.6028645828125 0.71875 0.6783854171875 0.71875 0.6822916671875 0.7158203125 0.6848958328125 0.7021484375 0.6848958328125 0.5595703125 0.6796875 0.1982421875 0.6770833328125 0.1943359375 0.6653645828125 0.1875 0.6315104171875 0.18359375 0.6106770828125 0.18359375 0.6002604171875 0.185546875 0.59375 0.1904296875 0.5911458328125 0.1962890625 0.5911458328125 0.2138671875 0.59375 0.5771484375 0.5963541671875 0.7119140625
0 0.69140625 0.720703125 0.7096354171875 0.7265625 0.73828125 0.7265625 0.7447916671875 0.7236328125 0.7473958328125 0.7119140625 0.7447916671875 0.2548828125 0.7421875 0.2470703125 0.7356770828125 0.244140625 0.7044270828125 0.236328125 0.69140625 0.236328125 0.6848958328125 0.2412109375 0.6848958328125 0.5732421875 0.6875 0.7177734375 0.69140625 0.720703125
0 0.7799479171875 0.724609375 0.7838541671875 0.7216796875 0.7864583328125 0.6982421875 0.7864583328125 0.4853515625 0.7838541671875 0.2841796875 0.78125 0.2548828125 0.7786458328125 0.2431640625 0.7721354171875 0.23828125 0.7565104171875 0.23828125 0.7526041671875 0.2412109375 0.7473958328125 0.2490234375 0.7447916671875 0.5341796875 0.7473958328125 0.7197265625 0.75390625 0.724609375 0.7799479171875 0.724609375
0 0.8190104171874999 0.7265625 0.8203125 0.7255859375 0.8203125 0.5615234375 0.8177083328125001 0.4111328125 0.8125 0.2431640625 0.80859375 0.23828125 0.7877604171875 0.23828125 0.78125 0.2431640625 0.7838541671875 0.7216796875 0.79296875 0.7265625 0.8190104171874999 0.7265625
0 0.8229166671874999 0.7119140625 0.8268229171874999 0.71484375 0.85546875 0.720703125 0.90234375 0.728515625 0.91796875 0.728515625 0.9296875 0.7255859375 0.9296875 0.7119140625 0.9036458328125001 0.5576171875 0.8463541671874999 0.2470703125 0.83984375 0.2421875 0.8216145828125001 0.2421875 0.81640625 0.244140625 0.8125 0.2470703125 0.8125 0.2705078125 0.8203125 0.6884765625 0.8229166671874999 0.7119140625
0 0.9270833328125001 0.7001953125 0.9322916671874999 0.7236328125 0.94140625 0.728515625 0.94921875 0.728515625 0.9609375 0.7255859375 0.9609375 0.7177734375 0.875 0.2548828125 0.8723958328125001 0.2490234375 0.8658854171874999 0.24609375 0.85546875 0.24609375 0.8502604171874999 0.248046875 0.8489583328125001 0.2490234375 0.8489583328125001 0.2685546875 0.8515625 0.2861328125 0.9270833328125001 0.7001953125
0 1 0.5322265625 0.9973958328125001 0.5087890625 0.9505208328125001 0.2470703125 0.9479166671874999 0.2373046875 0.9440104171874999 0.232421875 0.91015625 0.23046875 0.9049479171874999 0.232421875 0.8932291671874999 0.2412109375 0.8802083328125001 0.2568359375 0.8802083328125001 0.2841796875 0.9322916671874999 0.5751953125 0.9583333328125001 0.7080078125 0.96484375 0.7265625 0.98828125 0.73046875 0.99609375 0.73046875 1 0.7255859375 1 0.5322265625
1 0.06380208281250001 0.548828125 0.06770833281250001 0.5458984375 0.06770833281250001 0.5009765625 0.06380208281250001 0.498046875 0.0403645828125 0.498046875 0.0169270828125 0.5 0.009114582812499999 0.501953125 0.0078125 0.5029296875 0.0078125 0.5478515625 0.009114582812499999 0.548828125 0.06380208281250001 0.548828125
1 0.12890625 0.55078125 0.19921875 0.548828125 0.203125 0.5458984375 0.203125 0.5283203125 0.20052083281250002 0.5009765625 0.1940104171875 0.498046875 0.1549479171875 0.498046875 0.07421875 0.501953125 0.06770833281250001 0.5068359375 0.06770833281250001 0.5478515625 0.07161458281250001 0.55078125 0.12890625 0.55078125
1 0.25390625 0.5546875 0.32421875 0.552734375 0.3255208328125 0.5517578125 0.3255208328125 0.5087890625 0.3216145828125 0.50390625 0.3138020828125 0.501953125 0.2903645828125 0.501953125 0.20703125 0.505859375 0.203125 0.5087890625 0.203125 0.5478515625 0.20703125 0.5546875 0.25390625 0.5546875
1 0.4466145828125 0.55859375 0.4505208328125 0.5556640625 0.4505208328125 0.5146484375 0.4466145828125 0.51171875 0.4309895828125 0.509765625 0.4049479171875 0.509765625 0.33203125 0.513671875 0.328125 0.5166015625 0.328125 0.5556640625 0.33203125 0.560546875 0.4466145828125 0.55859375
1 0.58984375 0.5703125 0.59375 0.5673828125 0.59375 0.5302734375 0.58984375 0.525390625 0.57421875 0.5234375 0.5169270828125 0.5234375 0.5130208328125 0.5263671875 0.5130208328125 0.5673828125 0.5169270828125 0.5703125 0.58984375 0.5703125
1 0.45703125 0.564453125 0.51171875 0.5625 0.5130208328125 0.5615234375 0.5130208328125 0.5166015625 0.5091145828125 0.513671875 0.4934895828125 0.51171875 0.4544270828125 0.513671875 0.4505208328125 0.5166015625 0.4505208328125 0.5556640625 0.453125 0.5615234375 0.45703125 0.564453125
1 0.6783854171875 0.572265625 0.6809895828125 0.572265625 0.6848958328125 0.5693359375 0.6822916671875 0.5263671875 0.6809895828125 0.525390625 0.6653645828125 0.521484375 0.6080729171875 0.521484375 0.5950520828125 0.5234375 0.59375 0.5244140625 0.59375 0.5673828125 0.5950520828125 0.568359375 0.6783854171875 0.572265625
1 0.7434895828125 0.576171875 0.7447916671875 0.5751953125 0.7447916671875 0.5322265625 0.7434895828125 0.53125 0.7044270828125 0.529296875 0.6861979171875 0.53125 0.6848958328125 0.5322265625 0.6848958328125 0.5732421875 0.6888020828125 0.576171875 0.7434895828125 0.576171875
1 0.7825520828125 0.57421875 0.7864583328125 0.5712890625 0.7864583328125 0.5439453125 0.7838541671875 0.5263671875 0.7825520828125 0.525390625 0.7513020828125 0.525390625 0.7473958328125 0.5283203125 0.7447916671875 0.5341796875 0.7447916671875 0.5712890625 0.7486979171875 0.57421875 0.7825520828125 0.57421875
1 0.81640625 0.591796875 0.8203125 0.5888671875 0.8203125 0.5634765625 0.8177083328125001 0.5458984375 0.81640625 0.544921875 0.7877604171875 0.544921875 0.7864583328125 0.5458984375 0.7864583328125 0.5888671875 0.7877604171875 0.58984375 0.81640625 0.591796875
1 0.8671875 0.5771484375 0.8684895828125001 0.578125 0.90234375 0.578125 0.90625 0.5751953125 0.9010416671874999 0.5419921875 0.8984375 0.5341796875 0.8971354171874999 0.533203125 0.8684895828125001 0.533203125 0.86328125 0.53515625 0.8619791671874999 0.5361328125 0.8619791671874999 0.5537109375 0.8645833328125001 0.5712890625 0.8671875 0.5771484375
1 0.8671875 0.5771484375 0.8684895828125001 0.578125 0.90234375 0.578125 0.90625 0.5751953125 0.90625 0.5732421875 0.9010416671874999 0.5419921875 0.8984375 0.5341796875 0.8971354171874999 0.533203125 0.8684895828125001 0.533203125 0.86328125 0.53515625 0.8619791671874999 0.5361328125 0.8619791671874999 0.5537109375 0.8645833328125001 0.5712890625 0.8671875 0.5771484375
1 1 0.5478515625 0.99609375 0.544921875 0.9518229171874999 0.546875 0.93359375 0.548828125 0.9296875 0.5517578125 0.9296875 0.5615234375 0.9348958328125001 0.5869140625 0.9388020828125001 0.595703125 0.98828125 0.595703125 1 0.5927734375 1 0.5478515625