0 0 0.5224609375 0.0026041671875 0.5380859375 0.0234375 0.6083984375 0.109375 0.8798828125 0.1158854171875 0.888671875 0.12109375 0.890625 0.13671875 0.892578125 0.1861979171875 0.89453125 0.20442708281250002 0.890625 0.21614583281250002 0.8798828125 0.21614583281250002 0.8642578125 0.1953125 0.4267578125 0.1875 0.4130859375 0.1809895828125 0.408203125 0.1731770828125 0.408203125 0.1497395828125 0.4140625 0.02734375 0.453125 0.009114582812499999 0.4609375 0.0026041671875 0.4677734375 0 0.4814453125 0 0.5224609375
0 0.21875 0.8740234375 0.2265625 0.8876953125 0.23177083281250002 0.8935546875 0.23828125 0.896484375 0.2747395828125 0.90234375 0.29296875 0.90234375 0.3268229171875 0.896484375 0.3372395828125 0.892578125 0.3411458328125 0.8896484375 0.3463541671875 0.4287109375 0.3424479171875 0.42578125 0.2877604171875 0.40625 0.2825520828125 0.40625 0.20703125 0.431640625 0.1341145828125 0.4609375 0.1276041671875 0.4658203125 0.1276041671875 0.4853515625 0.1770833328125 0.7060546875 0.21875 0.8740234375
0 0.3333333328125 0.8251953125 0.34375 0.8798828125 0.3489583328125 0.8955078125 0.3541666671875 0.9052734375 0.37109375 0.912109375 0.4440104171875 0.921875 0.5143229171875 0.919921875 0.52734375 0.91796875 0.5403645828125 0.9140625 0.5559895828125 0.90625 0.5598958328125 0.9033203125 0.5625 0.8974609375 0.5651041671875 0.4248046875 0.5638020828125 0.423828125 0.3919270828125 0.408203125 0.3502604171875 0.431640625 0.3190104171875 0.453125 0.3020833328125 0.4658203125 0.2942708328125 0.4736328125 0.2838541671875 0.4873046875 0.2838541671875 0.5068359375 0.2916666671875 0.5634765625 0.3333333328125 0.8251953125
0 0.5651041671875 0.8955078125 0.5677083328125 0.9072265625 0.5768229171875 0.9140625 0.5950520828125 0.921875 0.62109375 0.92578125 0.6966145828125 0.9296875 0.7278645828125 0.9296875 0.74609375 0.927734375 0.75390625 0.923828125 0.7630208328125 0.9169921875 0.765625 0.9111328125 0.8333333328125001 0.5048828125 0.8333333328125001 0.4970703125 0.8229166671874999 0.4775390625 0.796875 0.4423828125 0.7786458328125 0.4248046875 0.7565104171875 0.408203125 0.7513020828125 0.40625 0.6002604171875 0.416015625 0.5950520828125 0.41796875 0.5885416671875 0.4228515625 0.5677083328125 0.4482421875 0.5625 0.4599609375 0.5598958328125 0.4697265625 0.5598958328125 0.6455078125 0.5625 0.8173828125 0.5651041671875 0.8955078125
0 0.78515625 0.919921875 0.8111979171874999 0.919921875 0.8216145828125001 0.916015625 0.8255208328125001 0.9091796875 0.8385416671874999 0.8271484375 0.8385416671874999 0.8017578125 0.8372395828125001 0.80078125 0.80078125 0.802734375 0.7877604171875 0.8046875 0.7838541671875 0.8076171875 0.78125 0.8134765625 0.7734375 0.8583984375 0.7682291671875 0.8916015625 0.7682291671875 0.9130859375 0.7721354171875 0.916015625 0.78515625 0.919921875
0 0.80078125 0.79296875 0.83984375 0.775390625 0.8463541671874999 0.7646484375 0.8828125 0.5380859375 0.890625 0.4794921875 0.890625 0.4697265625 0.8854166671874999 0.4599609375 0.8697916671874999 0.4462890625 0.82421875 0.4140625 0.8033854171874999 0.404296875 0.7981770828125 0.404296875 0.79296875 0.40625 0.7890625 0.4091796875 0.7890625 0.7666015625 0.796875 0.7919921875 0.80078125 0.79296875
0 0.86328125 0.916015625 0.8697916671874999 0.9130859375 0.8723958328125001 0.9033203125 0.9453125 0.4794921875 0.9453125 0.4658203125 0.9049479171874999 0.439453125 0.8658854171874999 0.416015625 0.8424479171874999 0.408203125 0.8346354171874999 0.408203125 0.8333333328125001 0.4091796875 0.8255208328125001 0.9130859375 0.8268229171874999 0.9140625 0.8450520828125001 0.916015625 0.86328125 0.916015625
0 0.89453125 0.92578125 0.9049479171874999 0.92578125 0.91796875 0.923828125 0.9231770828125001 0.921875 0.9270833328125001 0.9189453125 0.9453125 0.8232421875 0.9453125 0.8056640625 0.9440104171874999 0.8046875 0.89453125 0.806640625 0.890625 0.8095703125 0.8854166671874999 0.8193359375 0.875 0.8798828125 0.8723958328125001 0.8974609375 0.8723958328125001 0.9189453125 0.8841145828125001 0.923828125 0.89453125 0.92578125
0 1 0.4892578125 0.9973958328125001 0.4833984375 0.97265625 0.470703125 0.95703125 0.470703125 0.9518229171874999 0.47265625 0.9453125 0.4775390625 0.9088541671874999 0.6767578125 0.8984375 0.7431640625 0.8984375 0.7685546875 0.9049479171874999 0.7734375 0.9153645828125001 0.775390625 0.9440104171874999 0.775390625 0.9505208328125001 0.7705078125 0.9557291671874999 0.7626953125 0.9609375 0.7392578125 0.9973958328125001 0.5361328125 1 0.5126953125 1 0.4892578125
1 0.078125 0.7783203125 0.08463541718749999 0.783203125 0.17578125 0.783203125 0.1888020828125 0.779296875 0.1927083328125 0.7744140625 0.1848958328125 0.7431640625 0.18359375 0.7421875 0.07682291718749999 0.744140625 0.07161458281250001 0.74609375 0.0703125 0.7470703125 0.0703125 0.7568359375 0.07552083281250001 0.7724609375 0.078125 0.7783203125
1 0.20442708281250002 0.783203125 0.20963541718749998 0.78515625 0.23046875 0.7890625 0.2903645828125 0.7890625 0.3059895828125 0.787109375 0.3138020828125 0.78515625 0.3177083328125 0.7822265625 0.3177083328125 0.7705078125 0.3151041671875 0.7529296875 0.3111979171875 0.748046875 0.1940104171875 0.74609375 0.1927083328125 0.7470703125 0.1927083328125 0.7548828125 0.1979166671875 0.7783203125 0.20442708281250002 0.783203125
1 0.3841145828125 0.8046875 0.49609375 0.80859375 0.50390625 0.80859375 0.5104166671875 0.8056640625 0.5104166671875 0.7744140625 0.5065104171875 0.76953125 0.4934895828125 0.767578125 0.4466145828125 0.765625 0.3893229171875 0.765625 0.3776041671875 0.7685546875 0.375 0.7724609375 0.3776041671875 0.7939453125 0.3802083328125 0.8017578125 0.3841145828125 0.8046875
1 0.65234375 0.818359375 0.7330729171875 0.818359375 0.7395833328125 0.8134765625 0.7395833328125 0.7802734375 0.73828125 0.779296875 0.6028645828125 0.7734375 0.6015625 0.7744140625 0.6015625 0.8115234375 0.6080729171875 0.814453125 0.65234375 0.818359375
1 0.7903645828125 0.80859375 0.82421875 0.80859375 0.8372395828125001 0.806640625 0.8411458328125001 0.8037109375 0.8463541671874999 0.7724609375 0.8463541671874999 0.7705078125 0.8424479171874999 0.767578125 0.7903645828125 0.76953125 0.7864583328125 0.7763671875 0.7838541671875 0.7958984375 0.7838541671875 0.8056640625 0.78515625 0.806640625 0.7903645828125 0.80859375
1 0.85546875 0.802734375 0.88671875 0.802734375 0.890625 0.7998046875 0.8958333328125001 0.7705078125 0.8958333328125001 0.7646484375 0.89453125 0.763671875 0.8684895828125001 0.76171875 0.84765625 0.76171875 0.84375 0.7685546875 0.8411458328125001 0.7880859375 0.8411458328125001 0.7998046875 0.8424479171874999 0.80078125 0.85546875 0.802734375