0 0 0.5771484375 0.08854166718749999 0.9345703125 0.09635416718749999 0.9580078125 0.1002604171875 0.9609375 0.1080729171875 0.962890625 0.1315104171875 0.958984375 0.1432291671875 0.9521484375 0.1432291671875 0.4130859375 0.140625 0.4091796875 0.1341145828125 0.40625 0.1236979171875 0.408203125 0.0013020828125 0.462890625 0 0.4638671875 0 0.5771484375
0 0.1197916671875 0.8544921875 0.1432291671875 0.9521484375 0.1458333328125 0.9580078125 0.1497395828125 0.9609375 0.17578125 0.9609375 0.1822916671875 0.9560546875 0.1822916671875 0.9521484375 0.09895833281250001 0.5537109375 0.09375 0.5322265625 0.08984375 0.529296875 0.08072916718749999 0.5361328125 0.0625 0.5556640625 0.05989583281250001 0.5595703125 0.05989583281250001 0.5830078125 0.0625 0.6005859375 0.1197916671875 0.8544921875
0 0.1796875 0.9404296875 0.1848958328125 0.9501953125 0.1940104171875 0.95703125 0.20442708281250002 0.95703125 0.22526041718749998 0.953125 0.24479166718749998 0.9443359375 0.24739583281250002 0.4326171875 0.24348958281250002 0.427734375 0.23567708281250002 0.42578125 0.1627604171875 0.43359375 0.13671875 0.447265625 0.1184895828125 0.458984375 0.1015625 0.4716796875 0.08854166718749999 0.4833984375 0.08072916718749999 0.4951171875 0.08072916718749999 0.4990234375 0.1770833328125 0.9306640625 0.1796875 0.9404296875
0 0.25 0.9521484375 0.2565104171875 0.958984375 0.26953125 0.9609375 0.30859375 0.958984375 0.3294270828125 0.955078125 0.33984375 0.951171875 0.34375 0.9482421875 0.3463541671875 0.9384765625 0.3203125 0.4775390625 0.3177083328125 0.4697265625 0.3138020828125 0.46875 0.24869791718749998 0.4765625 0.23697916718749998 0.4853515625 0.20833333281250002 0.5166015625 0.1901041671875 0.5400390625 0.1875 0.5478515625 0.1875 0.5751953125 0.22916666718749998 0.8427734375 0.25 0.9521484375
0 0.3229166671875 0.7294921875 0.3463541671875 0.9345703125 0.3502604171875 0.939453125 0.3684895828125 0.947265625 0.37890625 0.94921875 0.3893229171875 0.94921875 0.4127604171875 0.939453125 0.4322916671875 0.9267578125 0.4322916671875 0.8740234375 0.4166666671875 0.5517578125 0.4010416671875 0.4794921875 0.3971354171875 0.4765625 0.3294270828125 0.474609375 0.3229166671875 0.4814453125 0.3098958328125 0.5361328125 0.3072916671875 0.5478515625 0.3072916671875 0.5712890625 0.3098958328125 0.6005859375 0.3229166671875 0.7294921875
0 0.4401041671875 0.9287109375 0.4440104171875 0.931640625 0.47265625 0.931640625 0.4908854171875 0.927734375 0.4973958328125 0.9208984375 0.4973958328125 0.7783203125 0.4921875 0.4853515625 0.4895833328125 0.4755859375 0.4817708328125 0.4619140625 0.4557291671875 0.4287109375 0.44921875 0.423828125 0.4127604171875 0.423828125 0.40625 0.4267578125 0.4036458328125 0.4306640625 0.4036458328125 0.4501953125 0.4348958328125 0.9150390625 0.4401041671875 0.9287109375
0 0.5 0.9150390625 0.5026041671875 0.9208984375 0.5065104171875 0.923828125 0.5169270828125 0.923828125 0.5299479171875 0.921875 0.5338541671875 0.9189453125 0.5364583328125 0.9130859375 0.5364583328125 0.6767578125 0.5338541671875 0.4892578125 0.5208333328125 0.4697265625 0.4869791671875 0.4287109375 0.4830729171875 0.42578125 0.4752604171875 0.42578125 0.46875 0.4306640625 0.46875 0.4404296875 0.4973958328125 0.8896484375 0.5 0.9150390625
0 0.5455729171875 0.916015625 0.5533854171875 0.916015625 0.6080729171875 0.90625 0.6171875 0.9013671875 0.6197916671875 0.8955078125 0.6276041671875 0.5849609375 0.6276041671875 0.4892578125 0.625 0.4833984375 0.609375 0.4677734375 0.5611979171875 0.431640625 0.54296875 0.42578125 0.5299479171875 0.423828125 0.5091145828125 0.421875 0.4934895828125 0.423828125 0.4921875 0.4248046875 0.5364583328125 0.9091796875 0.5403645828125 0.9140625 0.5455729171875 0.916015625
0 0.62890625 0.919921875 0.6471354171875 0.919921875 0.6549479171875 0.91796875 0.6614583328125 0.9130859375 0.6640625 0.9091796875 0.6822916671875 0.3876953125 0.6783854171875 0.3828125 0.6002604171875 0.34375 0.5690104171875 0.34375 0.5677083328125 0.3447265625 0.5677083328125 0.3486328125 0.6223958328125 0.9111328125 0.62890625 0.919921875
0 0.7122395828125 0.90625 0.7161458328125 0.8974609375 0.7291666671875 0.7294921875 0.7369791671875 0.5712890625 0.7369791671875 0.5205078125 0.734375 0.5166015625 0.7083333328125 0.4951171875 0.69140625 0.482421875 0.68359375 0.478515625 0.6796875 0.4814453125 0.6770833328125 0.4873046875 0.6744791671875 0.5322265625 0.6666666671875 0.7724609375 0.6640625 0.9091796875 0.66796875 0.912109375 0.6888020828125 0.912109375 0.7122395828125 0.90625
0 0.7434895828125 0.521484375 0.77734375 0.5234375 0.7890625 0.5205078125 0.7721354171875 0.498046875 0.7018229171875 0.453125 0.6966145828125 0.451171875 0.69140625 0.451171875 0.6875 0.4541015625 0.6848958328125 0.4599609375 0.6848958328125 0.4677734375 0.6875 0.4755859375 0.7434895828125 0.521484375
0 0.7513020828125 0.90234375 0.7643229171875 0.900390625 0.76953125 0.8984375 0.7760416671875 0.8916015625 0.7864583328125 0.7998046875 0.7994791671875 0.6005859375 0.7994791671875 0.5478515625 0.796875 0.5302734375 0.79296875 0.52734375 0.7643229171875 0.521484375 0.75390625 0.521484375 0.7486979171875 0.5234375 0.7421875 0.5322265625 0.7239583328125 0.7763671875 0.71875 0.8720703125 0.71875 0.8974609375 0.7252604171875 0.90234375 0.7513020828125 0.90234375
0 0.80078125 0.88671875 0.8138020828125001 0.884765625 0.8229166671874999 0.8798828125 0.8255208328125001 0.8759765625 0.828125 0.8603515625 0.8567708328125001 0.5185546875 0.8567708328125001 0.5048828125 0.8424479171874999 0.494140625 0.7408854171875 0.439453125 0.7278645828125 0.439453125 0.7096354171875 0.44140625 0.7018229171875 0.443359375 0.7005208328125 0.4462890625 0.7786458328125 0.8759765625 0.7825520828125 0.88671875 0.80078125 0.88671875
1 1 0.3759765625 0.9986979171874999 0.375 0.9973958328125001 0.3759765625 0.9973958328125001 0.3798828125 0.9986979171874999 0.380859375 1 0.3798828125 1 0.3759765625
1 0.07421875 0.861328125 0.09244791718749999 0.861328125 0.11328125 0.857421875 0.1197916671875 0.8544921875 0.1197916671875 0.8466796875 0.1145833328125 0.8212890625 0.11328125 0.8203125 0.1028645828125 0.8203125 0.06901041718749999 0.82421875 0.06380208281250001 0.826171875 0.0625 0.8271484375 0.0625 0.8310546875 0.06770833281250001 0.8544921875 0.07421875 0.861328125
1 0.1223958328125 0.8583984375 0.1263020828125 0.861328125 0.12890625 0.861328125 0.1497395828125 0.859375 0.1575520828125 0.857421875 0.1614583328125 0.8544921875 0.1614583328125 0.8505859375 0.15625 0.8251953125 0.1536458328125 0.8212890625 0.15234375 0.8203125 0.1471354171875 0.8203125 0.1184895828125 0.822265625 0.1145833328125 0.8251953125 0.1145833328125 0.8310546875 0.1197916671875 0.8544921875 0.1223958328125 0.8583984375
1 0.1653645828125 0.85546875 0.19921875 0.85546875 0.21223958281250002 0.853515625 0.22526041718749998 0.849609375 0.22916666718749998 0.8466796875 0.2265625 0.8173828125 0.22265625 0.814453125 0.1575520828125 0.8203125 0.15625 0.8212890625 0.15625 0.8310546875 0.1614583328125 0.8505859375 0.1653645828125 0.85546875
1 0.23177083281250002 0.8486328125 0.24088541718749998 0.85546875 0.24609375 0.857421875 0.2747395828125 0.857421875 0.3059895828125 0.853515625 0.32421875 0.849609375 0.3294270828125 0.84765625 0.3359375 0.8427734375 0.3359375 0.8154296875 0.33203125 0.806640625 0.22786458281250002 0.81640625 0.2265625 0.8173828125 0.2265625 0.8310546875 0.22916666718749998 0.8447265625 0.23177083281250002 0.8486328125
1 0.34765625 0.83984375 0.38671875 0.83984375 0.4153645828125 0.833984375 0.4270833328125 0.8291015625 0.4270833328125 0.7978515625 0.4231770828125 0.794921875 0.3346354171875 0.8046875 0.3333333328125 0.8076171875 0.3359375 0.8291015625 0.33984375 0.837890625 0.34765625 0.83984375
1 0.4388020828125 0.830078125 0.46484375 0.830078125 0.4934895828125 0.826171875 0.4947916671875 0.8251953125 0.4973958328125 0.8212890625 0.4973958328125 0.7919921875 0.4934895828125 0.7890625 0.4309895828125 0.79296875 0.4296875 0.7939453125 0.4270833328125 0.7978515625 0.4296875 0.8212890625 0.4322916671875 0.8251953125 0.4388020828125 0.830078125
1 0.5013020828125 0.82421875 0.5325520828125 0.826171875 0.5364583328125 0.8212890625 0.5364583328125 0.7861328125 0.5325520828125 0.78515625 0.5013020828125 0.787109375 0.5 0.7880859375 0.4973958328125 0.7919921875 0.4973958328125 0.8076171875 0.5 0.8232421875 0.5013020828125 0.82421875
1 0.55078125 0.8203125 0.6184895828125 0.810546875 0.6223958328125 0.8076171875 0.6223958328125 0.7763671875 0.62109375 0.775390625 0.6080729171875 0.775390625 0.5403645828125 0.78515625 0.5390625 0.7861328125 0.5390625 0.8193359375 0.5403645828125 0.8203125 0.55078125 0.8203125
1 0.62890625 0.8203125 0.6471354171875 0.8203125 0.6627604171875 0.818359375 0.6666666671875 0.8154296875 0.6666666671875 0.7841796875 0.6653645828125 0.783203125 0.6263020828125 0.78125 0.6223958328125 0.7841796875 0.6223958328125 0.8095703125 0.6276041671875 0.8193359375 0.62890625 0.8203125
1 0.7096354171875 0.810546875 0.7174479171875 0.80859375 0.7213541671875 0.8056640625 0.7239583328125 0.7880859375 0.7239583328125 0.7763671875 0.7200520828125 0.7734375 0.66796875 0.779296875 0.6666666671875 0.7802734375 0.6666666671875 0.8095703125 0.6731770828125 0.814453125 0.7096354171875 0.810546875
1 0.7434895828125 0.8046875 0.7669270828125 0.802734375 0.7825520828125 0.80078125 0.7864583328125 0.7978515625 0.7890625 0.7685546875 0.78515625 0.765625 0.7721354171875 0.765625 0.7278645828125 0.76953125 0.7239583328125 0.7724609375 0.7239583328125 0.8037109375 0.7252604171875 0.8046875 0.7434895828125 0.8046875
1 0.7981770828125 0.791015625 0.8268229171874999 0.787109375 0.8307291671874999 0.7841796875 0.8333333328125001 0.7744140625 0.8333333328125001 0.7529296875 0.83203125 0.751953125 0.82421875 0.751953125 0.79296875 0.755859375 0.7890625 0.7587890625 0.7864583328125 0.7763671875 0.7864583328125 0.7880859375 0.7903645828125 0.791015625 0.7981770828125 0.791015625