0 0 0.6513671875 0.0234375 0.8017578125 0.03125 0.8408203125 0.03515625 0.84375 0.07682291718749999 0.84375 0.08463541718749999 0.841796875 0.09375 0.8349609375 0.078125 0.3115234375 0.07421875 0.30859375 0.01953125 0.3046875 0.00390625 0.3046875 0 0.3076171875 0 0.6513671875
0 0.1028645828125 0.84765625 0.12890625 0.84765625 0.13671875 0.845703125 0.140625 0.8427734375 0.140625 0.8251953125 0.125 0.6826171875 0.08072916718749999 0.3212890625 0.07682291718749999 0.318359375 0.0299479171875 0.318359375 0.0260416671875 0.3212890625 0.0260416671875 0.3291015625 0.09635416718749999 0.8427734375 0.1028645828125 0.84765625
0 0.140625 0.8330078125 0.1458333328125 0.8447265625 0.15234375 0.84765625 0.19921875 0.84765625 0.20963541718749998 0.845703125 0.21875 0.8388671875 0.21875 0.8291015625 0.1770833328125 0.3388671875 0.171875 0.2978515625 0.1653645828125 0.291015625 0.08723958281250001 0.291015625 0.078125 0.2978515625 0.078125 0.2998046875 0.1067708328125 0.5556640625 0.140625 0.8330078125
0 0.21875 0.8330078125 0.22135416718749998 0.8369140625 0.23046875 0.841796875 0.24088541718749998 0.84375 0.2877604171875 0.84375 0.3059895828125 0.837890625 0.3125 0.8330078125 0.3151041671875 0.8271484375 0.3098958328125 0.5908203125 0.296875 0.2373046875 0.2903645828125 0.232421875 0.1731770828125 0.232421875 0.171875 0.2333984375 0.1692708328125 0.2373046875 0.1692708328125 0.2412109375 0.203125 0.6650390625 0.21875 0.8330078125
0 0.4283854171875 0.828125 0.44921875 0.830078125 0.47265625 0.826171875 0.4817708328125 0.8193359375 0.484375 0.8017578125 0.4973958328125 0.4091796875 0.4973958328125 0.2978515625 0.4908854171875 0.291015625 0.4205729171875 0.294921875 0.4192708328125 0.2958984375 0.4166666671875 0.3173828125 0.4140625 0.8056640625 0.4166666671875 0.8212890625 0.4231770828125 0.826171875 0.4283854171875 0.828125
0 0.3203125 0.8291015625 0.3268229171875 0.833984375 0.3346354171875 0.8359375 0.3919270828125 0.8359375 0.40234375 0.833984375 0.4114583328125 0.8271484375 0.4140625 0.8212890625 0.4166666671875 0.2451171875 0.4075520828125 0.240234375 0.3893229171875 0.23828125 0.3528645828125 0.236328125 0.3033854171875 0.236328125 0.3020833328125 0.2373046875 0.296875 0.2431640625 0.296875 0.2509765625 0.3177083328125 0.8095703125 0.3203125 0.8291015625
0 0.5377604171875 0.822265625 0.5442708328125 0.8173828125 0.5546875 0.6689453125 0.5755208328125 0.3115234375 0.5755208328125 0.2548828125 0.5729166671875 0.2490234375 0.5690104171875 0.24609375 0.5403645828125 0.244140625 0.5065104171875 0.244140625 0.5013020828125 0.24609375 0.4921875 0.2529296875 0.484375 0.8193359375 0.4934895828125 0.826171875 0.52734375 0.826171875 0.5377604171875 0.822265625
0 0.61328125 0.828125 0.6184895828125 0.826171875 0.625 0.8212890625 0.6276041671875 0.8134765625 0.6666666671875 0.3056640625 0.6666666671875 0.2939453125 0.66015625 0.287109375 0.5794270828125 0.287109375 0.5755208328125 0.2919921875 0.5494791671875 0.7373046875 0.546875 0.8193359375 0.5559895828125 0.826171875 0.5611979171875 0.828125 0.61328125 0.828125
0 0.6393229171875 0.818359375 0.67578125 0.818359375 0.69921875 0.8125 0.7057291671875 0.8056640625 0.75 0.3662109375 0.7578125 0.2763671875 0.7578125 0.2587890625 0.75390625 0.255859375 0.7278645828125 0.25390625 0.6705729171875 0.25390625 0.65234375 0.259765625 0.6184895828125 0.275390625 0.6145833328125 0.2783203125 0.6119791671875 0.2822265625 0.6276041671875 0.8134765625 0.6315104171875 0.81640625 0.6393229171875 0.818359375
0 0.7421875 0.8037109375 0.7513020828125 0.8125 0.7565104171875 0.814453125 0.77734375 0.814453125 0.78515625 0.8125 0.7903645828125 0.810546875 0.796875 0.8056640625 0.7994791671875 0.8017578125 0.8177083328125001 0.3564453125 0.8177083328125001 0.2978515625 0.8138020828125001 0.294921875 0.7825520828125 0.294921875 0.7591145828125 0.296875 0.7552083328125 0.3056640625 0.7161458328125 0.6923828125 0.7135416671875 0.7255859375 0.7135416671875 0.7587890625 0.7161458328125 0.7646484375 0.7421875 0.8037109375
0 0.8020833328125001 0.7998046875 0.8111979171874999 0.8046875 0.8216145828125001 0.806640625 0.8658854171874999 0.806640625 0.8815104171874999 0.8046875 0.90234375 0.798828125 0.9114583328125001 0.7919921875 0.9140625 0.7861328125 0.9166666671874999 0.7705078125 0.9609375 0.2958984375 0.9635416671874999 0.2626953125 0.9635416671874999 0.2392578125 0.9622395828125001 0.23828125 0.8763020828125001 0.23828125 0.82421875 0.2421875 0.76171875 0.259765625 0.7604166671875 0.2607421875 0.7604166671875 0.2919921875 0.7994791671875 0.7939453125 0.8020833328125001 0.7998046875
0 1 0.3017578125 0.9973958328125001 0.2822265625 0.9908854171874999 0.279296875 0.96484375 0.279296875 0.9609375 0.2861328125 0.9270833328125001 0.6318359375 0.9140625 0.7861328125 0.9166666671874999 0.7900390625 0.9283854171874999 0.798828125 0.9440104171874999 0.80078125 0.9596354171874999 0.798828125 0.9661458328125001 0.7939453125 0.9713541671874999 0.7587890625 0.9973958328125001 0.5283203125 1 0.4951171875 1 0.3017578125
1 0.05598958281250001 0.705078125 0.07161458281250001 0.701171875 0.078125 0.6962890625 0.07291666718749999 0.6611328125 0.06901041718749999 0.654296875 0.006510417187500001 0.658203125 0.0026041671875 0.6611328125 0.0078125 0.6962890625 0.01171875 0.705078125 0.05598958281250001 0.705078125
1 0.08072916718749999 0.7080078125 0.08203125 0.708984375 0.10546875 0.708984375 0.1236979171875 0.70703125 0.125 0.7060546875 0.125 0.6845703125 0.1223958328125 0.6630859375 0.1184895828125 0.66015625 0.07682291718749999 0.66015625 0.07291666718749999 0.6630859375 0.07291666718749999 0.6689453125 0.07552083281250001 0.6904296875 0.08072916718749999 0.7080078125
1 0.1276041671875 0.7119140625 0.1315104171875 0.71484375 0.1497395828125 0.716796875 0.1653645828125 0.716796875 0.1940104171875 0.71484375 0.20052083281250002 0.7119140625 0.20572916718749998 0.7041015625 0.20572916718749998 0.6845703125 0.203125 0.6572265625 0.20182291718749998 0.65625 0.1236979171875 0.66015625 0.1223958328125 0.6611328125 0.1223958328125 0.6748046875 0.125 0.6982421875 0.1276041671875 0.7119140625
1 0.20963541718749998 0.701171875 0.24348958281250002 0.705078125 0.2669270828125 0.705078125 0.30078125 0.701171875 0.30859375 0.69921875 0.3125 0.6962890625 0.3125 0.6552734375 0.30859375 0.650390625 0.20703125 0.65234375 0.203125 0.6552734375 0.203125 0.6611328125 0.20572916718749998 0.6962890625 0.20963541718749998 0.701171875
1 0.32421875 0.697265625 0.3841145828125 0.697265625 0.4049479171875 0.6953125 0.4140625 0.6904296875 0.4140625 0.6474609375 0.4127604171875 0.646484375 0.31640625 0.6484375 0.3125 0.6513671875 0.3125 0.6904296875 0.31640625 0.6953125 0.32421875 0.697265625
1 0.4283854171875 0.689453125 0.48046875 0.689453125 0.4869791671875 0.6845703125 0.4895833328125 0.6591796875 0.4895833328125 0.6416015625 0.48828125 0.640625 0.41796875 0.640625 0.4166666671875 0.6416015625 0.4166666671875 0.6865234375 0.41796875 0.6875 0.4283854171875 0.689453125
1 0.53515625 0.689453125 0.5481770828125 0.6875 0.5520833328125 0.6845703125 0.5546875 0.6748046875 0.5546875 0.6435546875 0.5533854171875 0.642578125 0.4908854171875 0.640625 0.4895833328125 0.6416015625 0.4895833328125 0.6865234375 0.49609375 0.689453125 0.53515625 0.689453125
1 0.6080729171875 0.6875 0.62890625 0.685546875 0.6328125 0.6826171875 0.6354166671875 0.6787109375 0.6354166671875 0.6396484375 0.6341145828125 0.638671875 0.55859375 0.638671875 0.5546875 0.6416015625 0.5546875 0.6826171875 0.55859375 0.6875 0.6080729171875 0.6875
1 0.7122395828125 0.681640625 0.7161458328125 0.6787109375 0.71875 0.6728515625 0.7213541671875 0.6494140625 0.7213541671875 0.6357421875 0.7200520828125 0.634765625 0.6419270828125 0.634765625 0.6380208328125 0.6376953125 0.6354166671875 0.6591796875 0.6354166671875 0.6806640625 0.63671875 0.681640625 0.7122395828125 0.681640625
1 0.75390625 0.6796875 0.7877604171875 0.6796875 0.80078125 0.67578125 0.8046875 0.6708984375 0.8072916671874999 0.6318359375 0.8033854171874999 0.62890625 0.7408854171875 0.625 0.7395833328125 0.6259765625 0.7395833328125 0.6669921875 0.7447916671875 0.6728515625 0.75390625 0.6796875
1 0.8580729171874999 0.673828125 0.89453125 0.669921875 0.9205729171874999 0.6640625 0.9270833328125001 0.6572265625 0.9296875 0.6201171875 0.92578125 0.6171875 0.8111979171874999 0.626953125 0.8098958328125001 0.6279296875 0.8072916671874999 0.6318359375 0.8072916671874999 0.6708984375 0.8111979171874999 0.673828125 0.8580729171874999 0.673828125
1 0.9557291671874999 0.6396484375 0.9557291671874999 0.6357421875 0.9544270828125001 0.634765625 0.953125 0.6357421875 0.953125 0.6396484375 0.9544270828125001 0.640625 0.9557291671874999 0.6396484375