0 0.08723958281250001 1 0.08854166718749999 0.9990234375 0.1484375 0.3603515625 0.14453125 0.357421875 0.1263020828125 0.3515625 0.0403645828125 0.337890625 0.006510417187500001 0.337890625 0.0013020828125 0.33984375 0 0.3408203125 0 0.4755859375 0.0078125 0.6025390625 0.0286458328125 0.8818359375 0.0390625 0.9931640625 0.04296875 1 0.08723958281250001 1
0 0.23307291718749998 1 0.23697916718749998 0.9931640625 0.24739583281250002 0.3701171875 0.24479166718749998 0.3662109375 0.23828125 0.361328125 0.06640625 0.3515625 0.06119791718749999 0.3515625 0.05208333281250001 0.3583984375 0.0494791671875 0.3701171875 0.0494791671875 0.3857421875 0.0703125 0.7763671875 0.08854166718749999 0.9990234375 0.08984375 1 0.23307291718749998 1
0 0.3294270828125 1 0.3307291671875 0.9990234375 0.3333333328125 0.9619140625 0.3541666671875 0.4033203125 0.3541666671875 0.3759765625 0.3502604171875 0.373046875 0.2799479171875 0.369140625 0.2565104171875 0.369140625 0.2526041671875 0.3720703125 0.25 0.3798828125 0.24739583281250002 0.4228515625 0.24479166718749998 0.5185546875 0.23958333281250002 0.7998046875 0.23958333281250002 0.9853515625 0.2421875 0.9990234375 0.24348958281250002 1 0.3294270828125 1
0 0.41796875 1 0.421875 0.9951171875 0.4583333328125 0.4189453125 0.4583333328125 0.4169921875 0.4518229171875 0.4140625 0.3606770828125 0.412109375 0.35546875 0.4140625 0.3515625 0.4189453125 0.3411458328125 0.7001953125 0.3333333328125 0.9990234375 0.3346354171875 1 0.41796875 1
0 0.5013020828125 1 0.5052083328125 0.9970703125 0.5078125 0.9912109375 0.5104166671875 0.9677734375 0.5494791671875 0.4462890625 0.5494791671875 0.4228515625 0.5455729171875 0.419921875 0.53515625 0.41796875 0.4674479171875 0.41796875 0.4609375 0.4208984375 0.4557291671875 0.4306640625 0.4505208328125 0.4912109375 0.4270833328125 0.8916015625 0.4244791671875 0.9990234375 0.42578125 1 0.5013020828125 1
0 0.62109375 1 0.6354166671875 0.9892578125 0.640625 0.9794921875 0.6432291671875 0.9677734375 0.7083333328125 0.4091796875 0.7083333328125 0.3837890625 0.70703125 0.3828125 0.5377604171875 0.380859375 0.49609375 0.384765625 0.4869791671875 0.3896484375 0.484375 0.3935546875 0.484375 0.4052734375 0.5104166671875 0.9951171875 0.5169270828125 1 0.62109375 1
0 0.6705729171875 0.984375 0.6783854171875 0.982421875 0.6822916671875 0.9794921875 0.6848958328125 0.9677734375 0.7005208328125 0.8310546875 0.7369791671875 0.4736328125 0.7369791671875 0.4541015625 0.7278645828125 0.44921875 0.7044270828125 0.44921875 0.703125 0.4501953125 0.7005208328125 0.4638671875 0.6588541671875 0.8251953125 0.6432291671875 0.9775390625 0.6471354171875 0.982421875 0.6549479171875 0.984375 0.6705729171875 0.984375
0 0.7434895828125 0.98046875 0.7799479171875 0.9765625 0.8098958328125001 0.9677734375 0.8125 0.9638671875 0.8177083328125001 0.9326171875 0.890625 0.4462890625 0.890625 0.4091796875 0.8841145828125001 0.40625 0.7591145828125 0.400390625 0.7434895828125 0.400390625 0.734375 0.4052734375 0.7265625 0.4384765625 0.6901041671875 0.9169921875 0.6875 0.9697265625 0.6940104171875 0.9765625 0.7044270828125 0.98046875 0.7434895828125 0.98046875
0 0.83203125 0.96875 0.86328125 0.96875 0.875 0.9619140625 0.8776041671874999 0.9560546875 0.8958333328125001 0.8388671875 0.8958333328125001 0.8232421875 0.8919270828125001 0.8203125 0.83984375 0.8203125 0.8359375 0.8232421875 0.8333333328125001 0.8310546875 0.8229166671874999 0.8935546875 0.8177083328125001 0.9384765625 0.8177083328125001 0.9619140625 0.82421875 0.966796875 0.83203125 0.96875
0 0.8606770828125001 0.798828125 0.8854166671874999 0.7919921875 0.9010416671874999 0.7724609375 0.90625 0.7607421875 0.9270833328125001 0.6396484375 0.9557291671874999 0.4443359375 0.9635416671874999 0.3876953125 0.9635416671874999 0.3642578125 0.95703125 0.361328125 0.9440104171874999 0.359375 0.8736979171874999 0.359375 0.7591145828125 0.369140625 0.71484375 0.375 0.7135416671875 0.3759765625 0.7135416671875 0.3955078125 0.8463541671874999 0.7919921875 0.8606770828125001 0.798828125
0 1 0.4130859375 0.99609375 0.40625 0.96484375 0.40625 0.9609375 0.4091796875 0.9583333328125001 0.4150390625 0.8984375 0.7978515625 0.8802083328125001 0.9248046875 0.8776041671874999 0.9462890625 0.8776041671874999 0.9599609375 0.8815104171874999 0.962890625 0.8919270828125001 0.96484375 0.90234375 0.96484375 0.91015625 0.962890625 0.9166666671874999 0.9580078125 0.9973958328125001 0.4599609375 1 0.4384765625 1 0.4130859375
1 0.0299479171875 0.857421875 0.07421875 0.857421875 0.07552083281250001 0.8564453125 0.07552083281250001 0.8251953125 0.07291666718749999 0.8037109375 0.07161458281250001 0.802734375 0.02734375 0.802734375 0.0260416671875 0.8037109375 0.0260416671875 0.8369140625 0.0286458328125 0.8564453125 0.0299479171875 0.857421875
1 0.13671875 0.865234375 0.22265625 0.861328125 0.23046875 0.859375 0.23697916718749998 0.8544921875 0.23697916718749998 0.8056640625 0.23567708281250002 0.8046875 0.1549479171875 0.806640625 0.09244791718749999 0.810546875 0.08854166718749999 0.8134765625 0.08854166718749999 0.8623046875 0.09244791718749999 0.865234375 0.13671875 0.865234375
1 0.24869791718749998 0.859375 0.26953125 0.859375 0.3294270828125 0.853515625 0.3359375 0.8505859375 0.3385416671875 0.8330078125 0.3385416671875 0.7998046875 0.3372395828125 0.798828125 0.24348958281250002 0.80078125 0.2421875 0.8017578125 0.23958333281250002 0.8291015625 0.23958333281250002 0.8466796875 0.24479166718749998 0.8564453125 0.24869791718749998 0.859375
1 0.5169270828125 0.845703125 0.5208333328125 0.8427734375 0.5234375 0.8212890625 0.5234375 0.7958984375 0.5221354171875 0.794921875 0.4361979171875 0.794921875 0.4322916671875 0.7978515625 0.4296875 0.8447265625 0.43359375 0.84765625 0.50390625 0.84765625 0.5169270828125 0.845703125
1 0.3450520828125 0.853515625 0.39453125 0.85546875 0.42578125 0.85546875 0.4270833328125 0.8544921875 0.4296875 0.8349609375 0.4296875 0.8037109375 0.4283854171875 0.802734375 0.4127604171875 0.80078125 0.3424479171875 0.798828125 0.3385416671875 0.8017578125 0.3385416671875 0.8505859375 0.33984375 0.8515625 0.3450520828125 0.853515625
1 0.5690104171875 0.84765625 0.59765625 0.845703125 0.6341145828125 0.841796875 0.65234375 0.837890625 0.65625 0.8349609375 0.6614583328125 0.8037109375 0.6614583328125 0.7880859375 0.66015625 0.787109375 0.52734375 0.79296875 0.5234375 0.7958984375 0.5208333328125 0.8408203125 0.5247395828125 0.845703125 0.5325520828125 0.84765625 0.5690104171875 0.84765625
1 0.7005208328125 0.8291015625 0.703125 0.8037109375 0.703125 0.7841796875 0.7018229171875 0.783203125 0.6653645828125 0.783203125 0.6640625 0.7841796875 0.6614583328125 0.8017578125 0.6588541671875 0.8291015625 0.6653645828125 0.833984375 0.6966145828125 0.833984375 0.7005208328125 0.8291015625
1 0.7356770828125 0.833984375 0.76953125 0.833984375 0.7955729171875 0.83203125 0.8190104171874999 0.828125 0.8294270828125001 0.82421875 0.8333333328125001 0.8212890625 0.8385416671874999 0.7900390625 0.8385416671874999 0.7724609375 0.8372395828125001 0.771484375 0.7174479171875 0.78125 0.7135416671875 0.7861328125 0.7109375 0.8076171875 0.7109375 0.8271484375 0.7200520828125 0.83203125 0.7356770828125 0.833984375
1 0.8450520828125001 0.82421875 0.8815104171874999 0.82421875 0.8919270828125001 0.822265625 0.8984375 0.8173828125 0.9010416671874999 0.7939453125 0.9010416671874999 0.7744140625 0.8997395828125001 0.7734375 0.8424479171874999 0.7734375 0.8385416671874999 0.7822265625 0.8359375 0.8017578125 0.8359375 0.8193359375 0.83984375 0.822265625 0.8450520828125001 0.82421875
1 0.9401041671874999 0.8154296875 0.9453125 0.7861328125 0.9453125 0.7724609375 0.9440104171874999 0.771484375 0.9049479171874999 0.76953125 0.9036458328125001 0.7705078125 0.9010416671874999 0.7841796875 0.8984375 0.8173828125 0.9049479171874999 0.8203125 0.9361979171874999 0.8203125 0.9401041671874999 0.8154296875