0 0.16796875 0.822265625 0.24348958281250002 0.8203125 0.25 0.8154296875 0.2552083328125 0.5947265625 0.2578125 0.1279296875 0.2513020828125 0.123046875 0.24088541718749998 0.119140625 0.20442708281250002 0.1171875 0.15234375 0.1171875 0.1484375 0.1201171875 0.1510416671875 0.6337890625 0.15625 0.8193359375 0.16796875 0.822265625
0 0.2747395828125 0.828125 0.30859375 0.828125 0.3190104171875 0.82421875 0.328125 0.8173828125 0.3307291671875 0.7724609375 0.3359375 0.5439453125 0.3411458328125 0.1494140625 0.3385416671875 0.1455078125 0.3294270828125 0.140625 0.2721354171875 0.134765625 0.26171875 0.134765625 0.2578125 0.1376953125 0.2552083328125 0.3232421875 0.2526041671875 0.8037109375 0.2552083328125 0.8212890625 0.2591145828125 0.82421875 0.2747395828125 0.828125
0 0.3802083328125 0.8134765625 0.3880208328125 0.6123046875 0.3932291671875 0.1943359375 0.390625 0.1904296875 0.3841145828125 0.1875 0.3502604171875 0.185546875 0.3450520828125 0.185546875 0.3411458328125 0.1884765625 0.3385416671875 0.2470703125 0.3333333328125 0.5966796875 0.3307291671875 0.8134765625 0.3346354171875 0.818359375 0.3763020828125 0.818359375 0.3802083328125 0.8134765625
0 0.4049479171875 0.83203125 0.44921875 0.83203125 0.46484375 0.828125 0.4713541671875 0.8232421875 0.4817708328125 0.4951171875 0.4869791671875 0.1572265625 0.484375 0.1494140625 0.48046875 0.146484375 0.3971354171875 0.140625 0.3932291671875 0.1474609375 0.390625 0.1630859375 0.3802083328125 0.8212890625 0.3828125 0.8251953125 0.3919270828125 0.830078125 0.4049479171875 0.83203125
0 0.5065104171875 0.830078125 0.5533854171875 0.830078125 0.5716145828125 0.828125 0.5768229171875 0.826171875 0.5911458328125 0.8154296875 0.59375 0.8017578125 0.6171875 0.2119140625 0.6171875 0.1728515625 0.6106770828125 0.166015625 0.60546875 0.1640625 0.58984375 0.162109375 0.5325520828125 0.158203125 0.4908854171875 0.158203125 0.4895833328125 0.1591796875 0.4791666671875 0.5810546875 0.4791666671875 0.8232421875 0.4856770828125 0.828125 0.5065104171875 0.830078125
0 0.6106770828125 0.826171875 0.6653645828125 0.830078125 0.71484375 0.828125 0.73046875 0.82421875 0.734375 0.8193359375 0.7369791671875 0.7880859375 0.7630208328125 0.2412109375 0.765625 0.1435546875 0.7630208328125 0.1357421875 0.7565104171875 0.130859375 0.6341145828125 0.12109375 0.6236979171875 0.125 0.6171875 0.1298828125 0.6067708328125 0.1435546875 0.5989583328125 0.1591796875 0.59375 0.8134765625 0.5963541671875 0.8193359375 0.6028645828125 0.82421875 0.6106770828125 0.826171875
0 0.8138020828125001 0.826171875 0.8203125 0.8193359375 0.8229166671874999 0.7900390625 0.8489583328125001 0.2822265625 0.8515625 0.1494140625 0.8450520828125001 0.14453125 0.8372395828125001 0.142578125 0.7955729171875 0.138671875 0.7825520828125 0.138671875 0.7747395828125 0.140625 0.7682291671875 0.1474609375 0.765625 0.1806640625 0.7395833328125 0.7822265625 0.7395833328125 0.8212890625 0.74609375 0.826171875 0.8138020828125001 0.826171875
0 0.87109375 0.82421875 0.8919270828125001 0.822265625 0.8984375 0.8193359375 0.9010416671874999 0.8154296875 0.9036458328125001 0.8056640625 0.9140625 0.6181640625 0.9296875 0.2548828125 0.9296875 0.2119140625 0.92578125 0.208984375 0.91015625 0.205078125 0.87890625 0.201171875 0.8580729171874999 0.201171875 0.8515625 0.2041015625 0.8229166671874999 0.7900390625 0.8229166671874999 0.8193359375 0.83203125 0.82421875 0.87109375 0.82421875
0 1 0.0986328125 0.99609375 0.095703125 0.96484375 0.08984375 0.9596354171874999 0.08984375 0.9466145828125001 0.09375 0.8541666671874999 0.1630859375 0.8541666671874999 0.1923828125 0.9036458328125001 0.8154296875 0.90625 0.8193359375 0.9127604171874999 0.82421875 0.9440104171874999 0.830078125 0.9544270828125001 0.830078125 0.9700520828125001 0.828125 0.98046875 0.82421875 0.984375 0.8193359375 0.9895833328125001 0.7529296875 0.9973958328125001 0.6201171875 1 0.5048828125 1 0.0986328125
1 0.22526041718749998 0.625 0.2513020828125 0.623046875 0.2526041671875 0.6220703125 0.2552083328125 0.5947265625 0.2552083328125 0.5654296875 0.2513020828125 0.560546875 0.1549479171875 0.560546875 0.1510416671875 0.5634765625 0.1510416671875 0.6201171875 0.1549479171875 0.625 0.22526041718749998 0.625
1 0.31640625 0.630859375 0.3294270828125 0.62890625 0.3333333328125 0.6259765625 0.3333333328125 0.5673828125 0.33203125 0.56640625 0.2591145828125 0.56640625 0.2552083328125 0.5693359375 0.2552083328125 0.6279296875 0.2591145828125 0.630859375 0.31640625 0.630859375
1 0.3841145828125 0.630859375 0.3880208328125 0.6259765625 0.3880208328125 0.5712890625 0.38671875 0.5703125 0.35546875 0.568359375 0.3372395828125 0.568359375 0.3359375 0.5693359375 0.3333333328125 0.5966796875 0.3333333328125 0.6279296875 0.3372395828125 0.630859375 0.3841145828125 0.630859375
1 0.4622395828125 0.638671875 0.4765625 0.6357421875 0.4765625 0.5771484375 0.4752604171875 0.576171875 0.43359375 0.57421875 0.3919270828125 0.57421875 0.3880208328125 0.5771484375 0.3880208328125 0.6337890625 0.3919270828125 0.63671875 0.4622395828125 0.638671875
1 0.4856770828125 0.634765625 0.51171875 0.63671875 0.57421875 0.63671875 0.59765625 0.634765625 0.5989583328125 0.6337890625 0.6015625 0.6142578125 0.6015625 0.5751953125 0.6002604171875 0.57421875 0.4908854171875 0.572265625 0.4830729171875 0.572265625 0.4817708328125 0.5732421875 0.4791666671875 0.5791015625 0.4791666671875 0.6318359375 0.48046875 0.6328125 0.4856770828125 0.634765625
1 0.6080729171875 0.63671875 0.64453125 0.638671875 0.7408854171875 0.638671875 0.7421875 0.6376953125 0.7447916671875 0.6337890625 0.7473958328125 0.5830078125 0.7473958328125 0.5810546875 0.7434895828125 0.578125 0.7044270828125 0.576171875 0.6080729171875 0.57421875 0.6041666671875 0.5751953125 0.6015625 0.5849609375 0.6015625 0.6337890625 0.6028645828125 0.634765625 0.6080729171875 0.63671875
1 0.8307291671874999 0.6318359375 0.8307291671874999 0.5849609375 0.8294270828125001 0.583984375 0.7981770828125 0.58203125 0.7513020828125 0.58203125 0.75 0.5830078125 0.7473958328125 0.6376953125 0.7565104171875 0.642578125 0.8268229171874999 0.642578125 0.8307291671874999 0.6318359375
1 0.91015625 0.640625 0.9114583328125001 0.6396484375 0.9140625 0.6162109375 0.9140625 0.5849609375 0.91015625 0.58203125 0.8372395828125001 0.58203125 0.8359375 0.5830078125 0.8333333328125001 0.6396484375 0.8424479171874999 0.642578125 0.8815104171874999 0.642578125 0.91015625 0.640625