0 0.23046875 0.76953125 0.2643229171875 0.76953125 0.26953125 0.767578125 0.2760416671875 0.7626953125 0.2838541671875 0.7509765625 0.2864583328125 0.7080078125 0.3020833328125 0.1435546875 0.2890625 0.1103515625 0.2799479171875 0.103515625 0.2669270828125 0.1015625 0.24088541718749998 0.1015625 0.234375 0.1083984375 0.21875 0.6494140625 0.21875 0.7646484375 0.22265625 0.767578125 0.23046875 0.76953125
0 0.29296875 0.751953125 0.3033854171875 0.75390625 0.37109375 0.75390625 0.3776041671875 0.7490234375 0.3802083328125 0.7314453125 0.3932291671875 0.3955078125 0.4010416671875 0.1279296875 0.4010416671875 0.0888671875 0.3984375 0.0830078125 0.39453125 0.080078125 0.3815104171875 0.078125 0.3268229171875 0.078125 0.3138020828125 0.080078125 0.3098958328125 0.0830078125 0.3072916671875 0.0908203125 0.3020833328125 0.1865234375 0.2864583328125 0.6982421875 0.2864583328125 0.7431640625 0.2890625 0.7490234375 0.29296875 0.751953125
0 0.4283854171875 0.775390625 0.4596354171875 0.775390625 0.4752604171875 0.7734375 0.4765625 0.7724609375 0.4791666671875 0.7587890625 0.5052083328125 0.0849609375 0.5052083328125 0.0791015625 0.4973958328125 0.0654296875 0.4934895828125 0.0625 0.4830729171875 0.05859375 0.4283854171875 0.05859375 0.41015625 0.060546875 0.4036458328125 0.0634765625 0.4010416671875 0.0869140625 0.3854166671875 0.5556640625 0.3802083328125 0.7646484375 0.38671875 0.771484375 0.39453125 0.7734375 0.4283854171875 0.775390625
0 0.5169270828125 0.77734375 0.5234375 0.7744140625 0.5260416671875 0.7626953125 0.5494791671875 0.1435546875 0.5494791671875 0.0869140625 0.5455729171875 0.083984375 0.5377604171875 0.08203125 0.51171875 0.08203125 0.5052083328125 0.0869140625 0.4973958328125 0.2392578125 0.484375 0.5576171875 0.4791666671875 0.7724609375 0.4830729171875 0.775390625 0.5013020828125 0.77734375 0.5169270828125 0.77734375
0 0.6106770828125 0.78125 0.7044270828125 0.78125 0.7109375 0.7763671875 0.7317708328125 0.2099609375 0.734375 0.1064453125 0.734375 0.0556640625 0.73046875 0.052734375 0.7174479171875 0.048828125 0.6002604171875 0.037109375 0.5638020828125 0.037109375 0.5572916671875 0.0419921875 0.5546875 0.0458984375 0.5520833328125 0.0537109375 0.5494791671875 0.0732421875 0.5390625 0.4697265625 0.5338541671875 0.7724609375 0.5455729171875 0.77734375 0.55859375 0.779296875 0.6106770828125 0.78125
0 0.73046875 0.77734375 0.7565104171875 0.779296875 0.80859375 0.779296875 0.8151041671874999 0.7724609375 0.8177083328125001 0.7548828125 0.8385416671874999 0.1630859375 0.8385416671874999 0.1572265625 0.8359375 0.1533203125 0.8268229171874999 0.1484375 0.79296875 0.146484375 0.73828125 0.146484375 0.734375 0.1494140625 0.7213541671875 0.4580078125 0.7135416671875 0.7138671875 0.7135416671875 0.7705078125 0.7200520828125 0.775390625 0.73046875 0.77734375
0 0.83984375 0.783203125 0.8919270828125001 0.787109375 0.9205729171874999 0.787109375 0.9296875 0.7822265625 0.9453125 0.2236328125 0.9453125 0.1591796875 0.9427083328125001 0.1552734375 0.9388020828125001 0.15234375 0.9205729171874999 0.150390625 0.88671875 0.150390625 0.85546875 0.154296875 0.84765625 0.15625 0.8411458328125001 0.1611328125 0.8385416671874999 0.1669921875 0.8359375 0.2216796875 0.8177083328125001 0.7431640625 0.8177083328125001 0.7763671875 0.8268229171874999 0.78125 0.83984375 0.783203125
0 1 0.1572265625 0.99609375 0.154296875 0.9674479171874999 0.154296875 0.9518229171874999 0.158203125 0.9479166671874999 0.1611328125 0.9401041671874999 0.3447265625 0.9322916671874999 0.5927734375 0.9322916671874999 0.7744140625 0.9388020828125001 0.787109375 0.9830729171874999 0.794921875 0.99609375 0.794921875 1 0.7880859375 1 0.1572265625
1 0.22526041718749998 0.5703125 0.26953125 0.5703125 0.2877604171875 0.56640625 0.2890625 0.5654296875 0.2890625 0.5087890625 0.28515625 0.505859375 0.23307291718749998 0.50390625 0.22786458281250002 0.50390625 0.22395833281250002 0.5087890625 0.22135416718749998 0.5576171875 0.22135416718749998 0.5654296875 0.22395833281250002 0.5693359375 0.22526041718749998 0.5703125
1 0.3841145828125 0.56640625 0.3854166671875 0.5654296875 0.3880208328125 0.5185546875 0.3880208328125 0.5107421875 0.38671875 0.509765625 0.3815104171875 0.5078125 0.2981770828125 0.5078125 0.296875 0.5087890625 0.2942708328125 0.5126953125 0.2942708328125 0.5654296875 0.2955729171875 0.56640625 0.3841145828125 0.56640625
1 0.39453125 0.576171875 0.48046875 0.576171875 0.4817708328125 0.5751953125 0.484375 0.5654296875 0.484375 0.5166015625 0.48046875 0.513671875 0.39453125 0.51171875 0.3880208328125 0.5146484375 0.3854166671875 0.5458984375 0.3854166671875 0.5732421875 0.38671875 0.57421875 0.39453125 0.576171875
1 0.5338541671875 0.5751953125 0.5338541671875 0.5185546875 0.5325520828125 0.517578125 0.4986979171875 0.515625 0.4908854171875 0.515625 0.4869791671875 0.5185546875 0.484375 0.5732421875 0.48828125 0.578125 0.52734375 0.580078125 0.5338541671875 0.5751953125
1 0.5533854171875 0.580078125 0.7096354171875 0.5859375 0.7122395828125 0.5859375 0.71875 0.5830078125 0.71875 0.5283203125 0.7174479171875 0.52734375 0.7018229171875 0.525390625 0.5924479171875 0.521484375 0.5481770828125 0.521484375 0.5442708328125 0.5244140625 0.5416666671875 0.5478515625 0.5416666671875 0.5751953125 0.5455729171875 0.578125 0.5533854171875 0.580078125
1 0.81640625 0.591796875 0.8190104171874999 0.591796875 0.8229166671874999 0.5888671875 0.8255208328125001 0.5556640625 0.8255208328125001 0.5341796875 0.82421875 0.533203125 0.8190104171874999 0.53125 0.7721354171875 0.529296875 0.72265625 0.529296875 0.7213541671875 0.5302734375 0.7213541671875 0.5849609375 0.7252604171875 0.587890625 0.81640625 0.591796875
1 0.90234375 0.59765625 0.9283854171874999 0.59765625 0.9296875 0.5966796875 0.9322916671874999 0.5927734375 0.9348958328125001 0.5595703125 0.9348958328125001 0.5400390625 0.93359375 0.5390625 0.92578125 0.537109375 0.8580729171874999 0.533203125 0.8294270828125001 0.533203125 0.8255208328125001 0.5361328125 0.8255208328125001 0.5888671875 0.8294270828125001 0.591796875 0.90234375 0.59765625
1 1 0.5439453125 0.99609375 0.541015625 0.95703125 0.5390625 0.9388020828125001 0.5390625 0.9348958328125001 0.5419921875 0.9322916671874999 0.5966796875 0.9388020828125001 0.599609375 0.9752604171874999 0.6015625 0.9986979171874999 0.6015625 1 0.6005859375 1 0.5439453125