0 0.18359375 0.953125 0.1966145828125 0.951171875 0.20182291718749998 0.94921875 0.20833333281250002 0.9443359375 0.2109375 0.9384765625 0.21354166718749998 0.9169921875 0.2526041671875 0.0947265625 0.2526041671875 0.0751953125 0.2421875 0.0537109375 0.23828125 0.05078125 0.23046875 0.048828125 0.19140625 0.04296875 0.16796875 0.04296875 0.16015625 0.046875 0.15625 0.0498046875 0.1484375 0.0732421875 0.125 0.6455078125 0.1171875 0.9482421875 0.12109375 0.953125 0.1419270828125 0.955078125 0.18359375 0.953125
0 0.2903645828125 0.947265625 0.296875 0.9423828125 0.2994791671875 0.9326171875 0.3098958328125 0.6943359375 0.3229166671875 0.1201171875 0.3229166671875 0.1162109375 0.3203125 0.1103515625 0.3111979171875 0.10546875 0.27734375 0.103515625 0.2513020828125 0.103515625 0.24739583281250002 0.1083984375 0.22135416718749998 0.6884765625 0.21354166718749998 0.9482421875 0.23046875 0.951171875 0.27734375 0.94921875 0.2903645828125 0.947265625
0 0.3268229171875 0.9453125 0.3346354171875 0.9453125 0.3763020828125 0.94140625 0.3815104171875 0.939453125 0.3880208328125 0.9345703125 0.390625 0.9306640625 0.3958333328125 0.6806640625 0.4036458328125 0.1005859375 0.4010416671875 0.0947265625 0.3919270828125 0.08984375 0.3658854171875 0.0859375 0.3372395828125 0.0859375 0.3307291671875 0.0908203125 0.328125 0.0966796875 0.3151041671875 0.6416015625 0.3098958328125 0.9267578125 0.3125 0.9384765625 0.31640625 0.94140625 0.3268229171875 0.9453125
0 0.43359375 0.935546875 0.4518229171875 0.9375 0.49609375 0.9375 0.5091145828125 0.935546875 0.51953125 0.931640625 0.5260416671875 0.9248046875 0.5286458328125 0.6962890625 0.53125 0.0791015625 0.5260416671875 0.0673828125 0.51953125 0.0625 0.50390625 0.05859375 0.4752604171875 0.056640625 0.4466145828125 0.056640625 0.43359375 0.05859375 0.4270833328125 0.0634765625 0.4244791671875 0.0673828125 0.421875 0.1103515625 0.421875 0.7001953125 0.4244791671875 0.9287109375 0.43359375 0.935546875
0 0.54296875 0.94140625 0.5716145828125 0.943359375 0.6184895828125 0.94140625 0.63671875 0.935546875 0.6458333328125 0.9287109375 0.6510416671875 0.6904296875 0.6536458328125 0.1318359375 0.6510416671875 0.0947265625 0.6484375 0.0888671875 0.64453125 0.0859375 0.63671875 0.083984375 0.59765625 0.080078125 0.55078125 0.080078125 0.5364583328125 0.0908203125 0.5338541671875 0.0947265625 0.53125 0.4111328125 0.53125 0.9208984375 0.5390625 0.9365234375 0.54296875 0.94140625
0 0.6731770828125 0.9375 0.6966145828125 0.939453125 0.7513020828125 0.939453125 0.7721354171875 0.9375 0.7916666671875 0.9326171875 0.7994791671875 0.9248046875 0.8020833328125001 0.8955078125 0.8072916671874999 0.1591796875 0.8046875 0.1552734375 0.7955729171875 0.150390625 0.6653645828125 0.1484375 0.6588541671875 0.1533203125 0.6510416671875 0.7314453125 0.6588541671875 0.9287109375 0.6653645828125 0.935546875 0.6731770828125 0.9375
1 0.1158854171875 0.716796875 0.1197916671875 0.7138671875 0.1223958328125 0.7060546875 0.125 0.6572265625 0.125 0.6416015625 0.1236979171875 0.640625 0.0247395828125 0.640625 0.0208333328125 0.6455078125 0.0182291671875 0.7138671875 0.0221354171875 0.71875 0.1002604171875 0.71875 0.1158854171875 0.716796875
1 0.21484375 0.71484375 0.21875 0.7119140625 0.22135416718749998 0.6923828125 0.22135416718749998 0.6396484375 0.22005208281250002 0.638671875 0.1315104171875 0.638671875 0.1276041671875 0.6416015625 0.125 0.7138671875 0.12890625 0.716796875 0.19921875 0.716796875 0.21484375 0.71484375
1 0.30078125 0.7109375 0.3072916671875 0.7060546875 0.3098958328125 0.6708984375 0.3098958328125 0.6337890625 0.30859375 0.6328125 0.26171875 0.6328125 0.22786458281250002 0.634765625 0.2265625 0.6357421875 0.22395833281250002 0.6533203125 0.22135416718749998 0.7099609375 0.22526041718749998 0.712890625 0.26171875 0.712890625 0.30078125 0.7109375
1 0.3216145828125 0.712890625 0.3815104171875 0.712890625 0.3919270828125 0.7109375 0.3932291671875 0.7099609375 0.3958333328125 0.6826171875 0.3958333328125 0.6416015625 0.3919270828125 0.638671875 0.3606770828125 0.638671875 0.3190104171875 0.640625 0.3177083328125 0.6416015625 0.3151041671875 0.6533203125 0.3151041671875 0.7060546875 0.3177083328125 0.7099609375 0.3216145828125 0.712890625
1 0.4309895828125 0.70703125 0.51171875 0.70703125 0.5221354171875 0.705078125 0.5260416671875 0.7021484375 0.5286458328125 0.6357421875 0.5247395828125 0.630859375 0.42578125 0.630859375 0.4244791671875 0.6318359375 0.421875 0.6357421875 0.421875 0.6982421875 0.4244791671875 0.7021484375 0.4309895828125 0.70703125
1 0.5455729171875 0.705078125 0.5768229171875 0.70703125 0.6080729171875 0.70703125 0.6419270828125 0.705078125 0.6484375 0.7021484375 0.6510416671875 0.6376953125 0.6471354171875 0.634765625 0.53515625 0.630859375 0.53125 0.6337890625 0.53125 0.6982421875 0.53515625 0.701171875 0.5455729171875 0.705078125
1 0.6653645828125 0.7109375 0.7513020828125 0.7109375 0.7877604171875 0.708984375 0.7981770828125 0.70703125 0.8020833328125001 0.7041015625 0.8020833328125001 0.6357421875 0.80078125 0.634765625 0.6575520828125 0.63671875 0.65625 0.6376953125 0.6536458328125 0.6572265625 0.6536458328125 0.7041015625 0.66015625 0.708984375 0.6653645828125 0.7109375