0 0 0.3427734375 0.06510416718749999 0.8798828125 0.07291666718749999 0.9287109375 0.07552083281250001 0.9384765625 0.078125 0.9423828125 0.08463541718749999 0.9453125 0.10546875 0.947265625 0.12109375 0.947265625 0.1341145828125 0.9453125 0.140625 0.9404296875 0.1432291671875 0.9365234375 0.1432291671875 0.9052734375 0.06770833281250001 0.1728515625 0.0625 0.1396484375 0.05859375 0.13671875 0.0481770828125 0.134765625 0.009114582812499999 0.134765625 0.0026041671875 0.1376953125 0 0.2197265625 0 0.3427734375
0 0.1223958328125 0.7236328125 0.1458333328125 0.9384765625 0.1484375 0.9423828125 0.1549479171875 0.947265625 0.1731770828125 0.94921875 0.21744791718749998 0.943359375 0.22265625 0.94140625 0.23697916718749998 0.9306640625 0.23697916718749998 0.9150390625 0.1796875 0.0986328125 0.1705729171875 0.09375 0.1549479171875 0.08984375 0.1184895828125 0.0859375 0.06380208281250001 0.0859375 0.0625 0.0869140625 0.0625 0.1025390625 0.09114583281250001 0.4033203125 0.1223958328125 0.7236328125
0 0.22135416718749998 0.6962890625 0.23958333281250002 0.9130859375 0.2421875 0.9267578125 0.24609375 0.931640625 0.2513020828125 0.93359375 0.29296875 0.935546875 0.3138020828125 0.93359375 0.3229166671875 0.9287109375 0.3072916671875 0.1240234375 0.3020833328125 0.1181640625 0.2903645828125 0.109375 0.2747395828125 0.103515625 0.1966145828125 0.103515625 0.1848958328125 0.1064453125 0.1822916671875 0.1103515625 0.1822916671875 0.1318359375 0.1901041671875 0.2548828125 0.22135416718749998 0.6962890625
0 0.3424479171875 0.935546875 0.3763020828125 0.935546875 0.390625 0.9228515625 0.390625 0.9072265625 0.3802083328125 0.5556640625 0.3645833328125 0.1376953125 0.3580729171875 0.1328125 0.3528645828125 0.130859375 0.2981770828125 0.130859375 0.2916666671875 0.1337890625 0.28125 0.1513671875 0.3177083328125 0.7939453125 0.328125 0.9287109375 0.3424479171875 0.935546875
0 0.3958333328125 0.9189453125 0.40234375 0.923828125 0.4075520828125 0.92578125 0.4518229171875 0.92578125 0.4674479171875 0.919921875 0.4713541671875 0.9150390625 0.4739583328125 0.7353515625 0.4739583328125 0.4150390625 0.4713541671875 0.1201171875 0.4622395828125 0.11328125 0.3658854171875 0.11328125 0.3619791671875 0.1162109375 0.3619791671875 0.1259765625 0.3854166671875 0.7470703125 0.3958333328125 0.9189453125
0 0.4817708328125 0.7275390625 0.4895833328125 0.9130859375 0.49609375 0.919921875 0.5091145828125 0.923828125 0.5221354171875 0.92578125 0.55078125 0.92578125 0.57421875 0.919921875 0.578125 0.9150390625 0.5833333328125 0.7216796875 0.59375 0.1376953125 0.5911458328125 0.1162109375 0.5885416671875 0.1123046875 0.58203125 0.109375 0.48046875 0.109375 0.4765625 0.1123046875 0.4739583328125 0.1240234375 0.4739583328125 0.2919921875 0.4765625 0.4755859375 0.4817708328125 0.7275390625
0 0.6080729171875 0.9296875 0.6341145828125 0.93359375 0.6575520828125 0.93359375 0.68359375 0.9296875 0.6901041671875 0.9248046875 0.703125 0.6982421875 0.7317708328125 0.1220703125 0.72265625 0.1171875 0.6861979171875 0.115234375 0.6393229171875 0.115234375 0.6106770828125 0.1171875 0.6028645828125 0.119140625 0.5989583328125 0.1220703125 0.5911458328125 0.6650390625 0.59375 0.9208984375 0.6028645828125 0.927734375 0.6080729171875 0.9296875
0 0.73046875 0.9140625 0.734375 0.9111328125 0.7395833328125 0.8486328125 0.7760416671875 0.2158203125 0.7734375 0.2060546875 0.76953125 0.203125 0.7356770828125 0.203125 0.7291666671875 0.2080078125 0.7265625 0.2216796875 0.7239583328125 0.2568359375 0.7109375 0.4697265625 0.6979166671875 0.7802734375 0.6979166671875 0.9072265625 0.7044270828125 0.9140625 0.73046875 0.9140625
0 0.7513020828125 0.91015625 0.7669270828125 0.912109375 0.7903645828125 0.912109375 0.80078125 0.91015625 0.8072916671874999 0.9033203125 0.8098958328125001 0.8798828125 0.8229166671874999 0.6943359375 0.84375 0.3095703125 0.84375 0.2587890625 0.83984375 0.255859375 0.78515625 0.255859375 0.7799479171875 0.2578125 0.7734375 0.2646484375 0.75 0.6767578125 0.7395833328125 0.8603515625 0.7395833328125 0.8994140625 0.7421875 0.9033203125 0.7513020828125 0.91015625
1 0.05598958281250001 0.759765625 0.1158854171875 0.759765625 0.12109375 0.7578125 0.125 0.7548828125 0.125 0.7353515625 0.1197916671875 0.6923828125 0.1184895828125 0.69140625 0.11328125 0.69140625 0.0455729171875 0.693359375 0.0442708328125 0.6943359375 0.0442708328125 0.7021484375 0.05208333281250001 0.7568359375 0.05598958281250001 0.759765625
1 0.1315104171875 0.763671875 0.15234375 0.763671875 0.21744791718749998 0.755859375 0.22395833281250002 0.7509765625 0.22135416718749998 0.7060546875 0.21875 0.6904296875 0.21744791718749998 0.689453125 0.1315104171875 0.697265625 0.1236979171875 0.69921875 0.1223958328125 0.7001953125 0.1223958328125 0.7216796875 0.1276041671875 0.7607421875 0.1315104171875 0.763671875
1 0.23046875 0.75 0.29296875 0.75 0.3111979171875 0.748046875 0.3151041671875 0.7451171875 0.3151041671875 0.7138671875 0.3125 0.6845703125 0.30859375 0.681640625 0.22526041718749998 0.68359375 0.22395833281250002 0.6845703125 0.22395833281250002 0.7158203125 0.2265625 0.7451171875 0.23046875 0.75
1 0.3190104171875 0.748046875 0.3763020828125 0.748046875 0.3828125 0.7431640625 0.3828125 0.6845703125 0.37890625 0.681640625 0.31640625 0.68359375 0.3151041671875 0.6845703125 0.3151041671875 0.7177734375 0.3177083328125 0.7470703125 0.3190104171875 0.748046875
1 0.3919270828125 0.744140625 0.41015625 0.74609375 0.4283854171875 0.74609375 0.4544270828125 0.744140625 0.46484375 0.7421875 0.4713541671875 0.7392578125 0.4739583328125 0.7177734375 0.4739583328125 0.6767578125 0.47265625 0.67578125 0.3841145828125 0.6796875 0.3828125 0.6806640625 0.3828125 0.6845703125 0.3854166671875 0.7392578125 0.3919270828125 0.744140625
1 0.48828125 0.73828125 0.4934895828125 0.740234375 0.5559895828125 0.740234375 0.5716145828125 0.73828125 0.5807291671875 0.7333984375 0.5833333328125 0.7060546875 0.5833333328125 0.6728515625 0.5794270828125 0.669921875 0.4856770828125 0.671875 0.4817708328125 0.6748046875 0.4817708328125 0.7216796875 0.484375 0.7353515625 0.48828125 0.73828125
1 0.59765625 0.744140625 0.6184895828125 0.748046875 0.6653645828125 0.748046875 0.6888020828125 0.744140625 0.6979166671875 0.7412109375 0.7005208328125 0.7294921875 0.7005208328125 0.6767578125 0.69921875 0.67578125 0.5924479171875 0.673828125 0.5911458328125 0.6748046875 0.5911458328125 0.7314453125 0.59375 0.7392578125 0.59765625 0.744140625
1 0.73046875 0.73828125 0.7434895828125 0.736328125 0.7447916671875 0.7353515625 0.7473958328125 0.7021484375 0.7473958328125 0.6748046875 0.74609375 0.673828125 0.70703125 0.673828125 0.7057291671875 0.6748046875 0.7057291671875 0.7314453125 0.7122395828125 0.73828125 0.73046875 0.73828125
1 0.81640625 0.73046875 0.8177083328125001 0.7294921875 0.8203125 0.7099609375 0.8203125 0.6689453125 0.8190104171874999 0.66796875 0.7565104171875 0.66796875 0.7552083328125 0.6689453125 0.7526041671875 0.6962890625 0.7526041671875 0.7275390625 0.7591145828125 0.73046875 0.81640625 0.73046875