0 0 0.6044921875 0.0026041671875 0.6201171875 0.0338541671875 0.7646484375 0.078125 0.9326171875 0.08333333281250001 0.9423828125 0.08723958281250001 0.9453125 0.09505208281250001 0.947265625 0.12890625 0.94921875 0.1549479171875 0.9453125 0.1627604171875 0.943359375 0.1666666671875 0.9404296875 0.1666666671875 0.9130859375 0.1354166671875 0.3193359375 0.1315104171875 0.31640625 0.1263020828125 0.31640625 0.05859375 0.326171875 0.01171875 0.3359375 0.0013020828125 0.341796875 0 0.3427734375 0 0.6044921875
0 0.1692708328125 0.9326171875 0.1731770828125 0.94140625 0.1940104171875 0.943359375 0.25390625 0.939453125 0.26171875 0.9375 0.2682291671875 0.9306640625 0.2864583328125 0.3369140625 0.28125 0.3271484375 0.26953125 0.3203125 0.20442708281250002 0.3203125 0.1809895828125 0.322265625 0.1028645828125 0.3359375 0.07682291718749999 0.34375 0.07552083281250001 0.3447265625 0.07552083281250001 0.3701171875 0.08072916718749999 0.4072265625 0.1692708328125 0.9326171875
0 0.2526041671875 0.7939453125 0.2708333328125 0.9267578125 0.2734375 0.9326171875 0.27734375 0.935546875 0.3059895828125 0.935546875 0.3138020828125 0.93359375 0.3229166671875 0.9267578125 0.3229166671875 0.8896484375 0.3203125 0.8466796875 0.2838541671875 0.4677734375 0.2760416671875 0.4228515625 0.2734375 0.4169921875 0.26953125 0.416015625 0.2591145828125 0.421875 0.24739583281250002 0.4306640625 0.21354166718749998 0.4599609375 0.21354166718749998 0.4794921875 0.21614583281250002 0.5048828125 0.2526041671875 0.7939453125
0 0.3255208328125 0.9267578125 0.3294270828125 0.9296875 0.34765625 0.9296875 0.3736979171875 0.92578125 0.38671875 0.921875 0.390625 0.9189453125 0.3880208328125 0.8623046875 0.3541666671875 0.3544921875 0.3528645828125 0.353515625 0.3294270828125 0.353515625 0.31640625 0.357421875 0.296875 0.3740234375 0.2786458328125 0.3955078125 0.2760416671875 0.3994140625 0.2760416671875 0.4052734375 0.3229166671875 0.9150390625 0.3255208328125 0.9267578125
0 0.390625 0.9111328125 0.3932291671875 0.9208984375 0.3971354171875 0.923828125 0.41796875 0.923828125 0.45703125 0.91796875 0.4635416671875 0.9130859375 0.4661458328125 0.9013671875 0.4635416671875 0.7529296875 0.453125 0.3642578125 0.4427083328125 0.3505859375 0.4361979171875 0.345703125 0.38671875 0.345703125 0.3658854171875 0.34765625 0.359375 0.3525390625 0.3515625 0.3701171875 0.3515625 0.3759765625 0.3802083328125 0.7822265625 0.390625 0.9111328125
0 0.4713541671875 0.9150390625 0.4778645828125 0.919921875 0.5143229171875 0.919921875 0.52734375 0.9140625 0.5338541671875 0.9091796875 0.5364583328125 0.8388671875 0.5364583328125 0.4228515625 0.5338541671875 0.4111328125 0.53125 0.4072265625 0.5091145828125 0.38671875 0.4856770828125 0.375 0.4700520828125 0.375 0.4583333328125 0.3798828125 0.4557291671875 0.3916015625 0.4557291671875 0.5087890625 0.46875 0.9111328125 0.4713541671875 0.9150390625
0 0.5442708328125 0.9169921875 0.55078125 0.919921875 0.66796875 0.916015625 0.671875 0.9130859375 0.6744791671875 0.8974609375 0.6848958328125 0.7880859375 0.7161458328125 0.3388671875 0.7161458328125 0.3037109375 0.70703125 0.298828125 0.6263020828125 0.2890625 0.5611979171875 0.2890625 0.47265625 0.296875 0.46875 0.2998046875 0.46875 0.3017578125 0.5390625 0.9091796875 0.5442708328125 0.9169921875
1 0.0494791671875 0.8173828125 0.05338541718749999 0.822265625 0.07421875 0.826171875 0.1106770828125 0.826171875 0.1419270828125 0.818359375 0.1484375 0.8134765625 0.1484375 0.7978515625 0.1458333328125 0.7822265625 0.1419270828125 0.771484375 0.04296875 0.779296875 0.0416666671875 0.7802734375 0.0416666671875 0.7841796875 0.0442708328125 0.7978515625 0.0494791671875 0.8173828125
1 0.1510416671875 0.8154296875 0.1549479171875 0.818359375 0.24609375 0.81640625 0.2526041671875 0.8115234375 0.2526041671875 0.7978515625 0.25 0.7822265625 0.24609375 0.771484375 0.16796875 0.7734375 0.1471354171875 0.775390625 0.1458333328125 0.7763671875 0.1458333328125 0.7861328125 0.1484375 0.8056640625 0.1510416671875 0.8154296875
1 0.26171875 0.814453125 0.2955729171875 0.814453125 0.30859375 0.8125 0.3125 0.8095703125 0.3125 0.7841796875 0.3098958328125 0.7685546875 0.30859375 0.767578125 0.25390625 0.76953125 0.2526041671875 0.7705078125 0.2526041671875 0.7880859375 0.2552083328125 0.8076171875 0.26171875 0.814453125
1 0.3190104171875 0.810546875 0.3658854171875 0.8046875 0.3802083328125 0.8017578125 0.3802083328125 0.7666015625 0.3763020828125 0.7578125 0.3138020828125 0.765625 0.3125 0.7666015625 0.3125 0.7880859375 0.3151041671875 0.8076171875 0.3190104171875 0.810546875
1 0.38671875 0.802734375 0.4049479171875 0.802734375 0.44921875 0.798828125 0.4596354171875 0.796875 0.4635416671875 0.7939453125 0.4635416671875 0.7783203125 0.4609375 0.7529296875 0.4596354171875 0.751953125 0.3815104171875 0.7578125 0.3802083328125 0.7587890625 0.3802083328125 0.7744140625 0.3828125 0.7998046875 0.38671875 0.802734375
1 0.4700520828125 0.794921875 0.48828125 0.794921875 0.51171875 0.79296875 0.5247395828125 0.791015625 0.5338541671875 0.7861328125 0.5338541671875 0.7470703125 0.5325520828125 0.74609375 0.4674479171875 0.75 0.4635416671875 0.7529296875 0.4635416671875 0.7568359375 0.4661458328125 0.7919921875 0.4700520828125 0.794921875
1 0.6809895828125 0.79296875 0.6822916671875 0.7919921875 0.6848958328125 0.7861328125 0.6875 0.7548828125 0.6875 0.7509765625 0.68359375 0.748046875 0.57421875 0.748046875 0.5455729171875 0.75 0.5416666671875 0.7529296875 0.5416666671875 0.7880859375 0.5481770828125 0.794921875 0.6809895828125 0.79296875