0 0.09375 0.8798828125 0.1002604171875 0.884765625 0.11328125 0.888671875 0.1809895828125 0.892578125 0.20182291718749998 0.890625 0.20572916718749998 0.8876953125 0.20572916718749998 0.8798828125 0.1666666671875 0.2509765625 0.1627604171875 0.2421875 0.1028645828125 0.23828125 0.08984375 0.23828125 0.03515625 0.2421875 0.03125 0.2451171875 0.03125 0.3369140625 0.09114583281250001 0.8720703125 0.09375 0.8798828125
0 0.20833333281250002 0.8935546875 0.2109375 0.8974609375 0.22526041718749998 0.904296875 0.23307291718749998 0.90625 0.2643229171875 0.91015625 0.29296875 0.91015625 0.30078125 0.908203125 0.3072916671875 0.9033203125 0.3098958328125 0.8994140625 0.40625 0.2158203125 0.3919270828125 0.20703125 0.3450520828125 0.1875 0.32421875 0.1796875 0.2981770828125 0.171875 0.2669270828125 0.16796875 0.21744791718749998 0.166015625 0.16796875 0.16796875 0.1614583328125 0.1728515625 0.1614583328125 0.2060546875 0.20572916718749998 0.8798828125 0.20833333281250002 0.8935546875
0 0.3125 0.9052734375 0.3177083328125 0.9150390625 0.32421875 0.919921875 0.33203125 0.921875 0.3919270828125 0.921875 0.4010416671875 0.9169921875 0.4036458328125 0.9111328125 0.4088541671875 0.7333984375 0.4114583328125 0.2412109375 0.4075520828125 0.23828125 0.3997395828125 0.236328125 0.30859375 0.236328125 0.2981770828125 0.240234375 0.2942708328125 0.2431640625 0.2942708328125 0.2666015625 0.3072916671875 0.7724609375 0.3125 0.9052734375
0 0.41796875 0.92578125 0.4231770828125 0.927734375 0.4309895828125 0.9296875 0.4544270828125 0.931640625 0.4674479171875 0.9296875 0.4739583328125 0.9248046875 0.5885416671875 0.2470703125 0.5885416671875 0.2373046875 0.5833333328125 0.2216796875 0.5729166671875 0.2119140625 0.55078125 0.1953125 0.5143229171875 0.171875 0.50390625 0.16796875 0.4934895828125 0.166015625 0.4309895828125 0.166015625 0.4205729171875 0.16796875 0.4166666671875 0.1708984375 0.4088541671875 0.7314453125 0.4088541671875 0.8818359375 0.4114583328125 0.9208984375 0.41796875 0.92578125
0 0.51953125 0.3203125 0.5208333328125 0.3193359375 0.5234375 0.3037109375 0.5234375 0.2529296875 0.5143229171875 0.248046875 0.51171875 0.248046875 0.5052083328125 0.2529296875 0.5026041671875 0.2705078125 0.5026041671875 0.3037109375 0.515625 0.3193359375 0.51953125 0.3203125
0 0.5091145828125 0.927734375 0.5130208328125 0.9228515625 0.515625 0.8994140625 0.53125 0.6181640625 0.5390625 0.4365234375 0.5390625 0.3623046875 0.51953125 0.33203125 0.515625 0.3330078125 0.5026041671875 0.3564453125 0.5 0.3740234375 0.4817708328125 0.7685546875 0.4791666671875 0.8544921875 0.4791666671875 0.9248046875 0.4856770828125 0.927734375 0.5091145828125 0.927734375
0 0.5247395828125 0.935546875 0.5325520828125 0.9375 0.5924479171875 0.9375 0.60546875 0.935546875 0.609375 0.9287109375 0.625 0.7470703125 0.65625 0.3310546875 0.6588541671875 0.2724609375 0.6549479171875 0.26953125 0.6393229171875 0.267578125 0.5611979171875 0.263671875 0.5533854171875 0.265625 0.5494791671875 0.2685546875 0.546875 0.2900390625 0.5208333328125 0.7822265625 0.515625 0.9072265625 0.515625 0.9228515625 0.5182291671875 0.9306640625 0.5247395828125 0.935546875
0 0.64453125 0.951171875 0.6861979171875 0.95703125 0.7200520828125 0.95703125 0.7265625 0.9541015625 0.7291666671875 0.9404296875 0.7604166671875 0.7431640625 0.8307291671874999 0.1962890625 0.8307291671874999 0.1787109375 0.82421875 0.17578125 0.8111979171874999 0.173828125 0.6861979171875 0.173828125 0.6783854171875 0.17578125 0.6666666671875 0.1826171875 0.6640625 0.1884765625 0.6614583328125 0.2041015625 0.6145833328125 0.9072265625 0.6145833328125 0.9365234375 0.6236979171875 0.9453125 0.64453125 0.951171875
0 0.76171875 0.958984375 0.7981770828125 0.962890625 0.80859375 0.962890625 0.8151041671874999 0.9580078125 0.8177083328125001 0.9482421875 0.921875 0.3349609375 0.9739583328125001 0.0107421875 0.9674479171874999 0.00390625 0.9309895828125001 0.001953125 0.8841145828125001 0.001953125 0.8736979171874999 0.00390625 0.8645833328125001 0.0107421875 0.8489583328125001 0.0283203125 0.84375 0.0361328125 0.8333333328125001 0.0615234375 0.8177083328125001 0.1552734375 0.7395833328125 0.9150390625 0.7395833328125 0.9501953125 0.7434895828125 0.953125 0.76171875 0.958984375
0 1 0.2216796875 0.9973958328125001 0.1689453125 0.99609375 0.16796875 0.9674479171874999 0.16796875 0.9583333328125001 0.1728515625 0.9479166671874999 0.2119140625 0.8854166671874999 0.5576171875 0.8229166671874999 0.9228515625 0.8203125 0.9423828125 0.8203125 0.9560546875 0.8268229171874999 0.9609375 0.8424479171874999 0.96484375 0.8606770828125001 0.966796875 0.87109375 0.966796875 0.8802083328125001 0.9619140625 0.8854166671874999 0.9443359375 0.90625 0.8427734375 0.9973958328125001 0.3720703125 1 0.3173828125 1 0.2216796875
1 0.07942708281250001 0.728515625 0.17578125 0.734375 0.18359375 0.734375 0.19140625 0.732421875 0.1953125 0.7294921875 0.1927083328125 0.6787109375 0.1888020828125 0.67578125 0.07421875 0.671875 0.0703125 0.6748046875 0.0703125 0.6787109375 0.07552083281250001 0.7236328125 0.07942708281250001 0.728515625
1 0.19921875 0.736328125 0.21484375 0.740234375 0.24609375 0.744140625 0.2903645828125 0.744140625 0.30078125 0.7421875 0.3046875 0.7392578125 0.3046875 0.6865234375 0.30078125 0.68359375 0.1940104171875 0.6796875 0.1927083328125 0.6806640625 0.1927083328125 0.6923828125 0.1953125 0.7314453125 0.19921875 0.736328125
1 0.39453125 0.7578125 0.3997395828125 0.755859375 0.40625 0.7509765625 0.40625 0.7001953125 0.4049479171875 0.69921875 0.30859375 0.697265625 0.3072916671875 0.6982421875 0.3072916671875 0.7490234375 0.3138020828125 0.75390625 0.39453125 0.7578125
1 0.4153645828125 0.7578125 0.4309895828125 0.76171875 0.4466145828125 0.763671875 0.46484375 0.763671875 0.4778645828125 0.759765625 0.4817708328125 0.7568359375 0.484375 0.7021484375 0.4830729171875 0.701171875 0.4153645828125 0.697265625 0.4114583328125 0.6982421875 0.4088541671875 0.7470703125 0.4088541671875 0.7509765625 0.4114583328125 0.7548828125 0.4153645828125 0.7578125
1 0.51953125 0.76171875 0.5234375 0.7529296875 0.5234375 0.7041015625 0.5221354171875 0.703125 0.49609375 0.701171875 0.48828125 0.701171875 0.4869791671875 0.7021484375 0.484375 0.7216796875 0.484375 0.7587890625 0.4934895828125 0.76171875 0.51953125 0.76171875
1 0.6184895828125 0.767578125 0.6197916671875 0.7666015625 0.6223958328125 0.7626953125 0.625 0.7314453125 0.625 0.7099609375 0.62109375 0.70703125 0.5325520828125 0.705078125 0.52734375 0.705078125 0.5260416671875 0.7060546875 0.5234375 0.7314453125 0.5234375 0.7626953125 0.5299479171875 0.767578125 0.6184895828125 0.767578125
1 0.65234375 0.77734375 0.6888020828125 0.783203125 0.7434895828125 0.783203125 0.7526041671875 0.7783203125 0.7552083328125 0.7724609375 0.7604166671875 0.7412109375 0.7604166671875 0.7216796875 0.7591145828125 0.720703125 0.6341145828125 0.708984375 0.6302083328125 0.7099609375 0.6276041671875 0.7255859375 0.6276041671875 0.7685546875 0.6315104171875 0.771484375 0.65234375 0.77734375
1 0.8372395828125001 0.79296875 0.84375 0.7880859375 0.8515625 0.7431640625 0.8515625 0.7333984375 0.8450520828125001 0.73046875 0.76953125 0.72265625 0.765625 0.7236328125 0.7604166671875 0.7587890625 0.7604166671875 0.7822265625 0.76953125 0.787109375 0.8372395828125001 0.79296875
1 0.8580729171874999 0.79296875 0.8841145828125001 0.796875 0.91015625 0.796875 0.9140625 0.7939453125 0.9244791671874999 0.7392578125 0.9205729171874999 0.736328125 0.8606770828125001 0.73046875 0.8567708328125001 0.7333984375 0.8515625 0.7548828125 0.8489583328125001 0.7705078125 0.8489583328125001 0.7880859375 0.8528645828125001 0.791015625 0.8580729171874999 0.79296875