0 0.1796875 0.8818359375 0.1822916671875 0.8876953125 0.19140625 0.892578125 0.2747395828125 0.890625 0.2981770828125 0.888671875 0.3033854171875 0.88671875 0.3098958328125 0.8818359375 0.3098958328125 0.8466796875 0.2760416671875 0.1884765625 0.2734375 0.1708984375 0.2708333328125 0.1650390625 0.26171875 0.158203125 0.23567708281250002 0.14453125 0.22005208281250002 0.138671875 0.20442708281250002 0.13671875 0.12890625 0.13671875 0.05338541718749999 0.138671875 0.0403645828125 0.140625 0.0364583328125 0.1435546875 0.0364583328125 0.1552734375 0.1484375 0.7333984375 0.1796875 0.8818359375
0 0.3190104171875 0.890625 0.3372395828125 0.8984375 0.3684895828125 0.90234375 0.4153645828125 0.90234375 0.4544270828125 0.896484375 0.47265625 0.888671875 0.4791666671875 0.8818359375 0.5208333328125 0.1220703125 0.5182291671875 0.1103515625 0.515625 0.1064453125 0.5091145828125 0.1015625 0.50390625 0.099609375 0.35546875 0.091796875 0.28515625 0.095703125 0.2734375 0.1044921875 0.265625 0.1142578125 0.265625 0.1181640625 0.3125 0.8837890625 0.3190104171875 0.890625
0 0.5013020828125 0.888671875 0.51953125 0.888671875 0.5403645828125 0.88671875 0.55078125 0.884765625 0.5572916671875 0.8818359375 0.5598958328125 0.8662109375 0.6145833328125 0.1611328125 0.6145833328125 0.1533203125 0.60546875 0.1484375 0.57421875 0.146484375 0.5247395828125 0.146484375 0.5182291671875 0.1513671875 0.515625 0.1630859375 0.4895833328125 0.6748046875 0.484375 0.8076171875 0.484375 0.8818359375 0.4908854171875 0.88671875 0.5013020828125 0.888671875
0 0.58984375 0.892578125 0.62109375 0.892578125 0.6341145828125 0.890625 0.640625 0.8857421875 0.6432291671875 0.8798828125 0.6692708328125 0.6591796875 0.7083333328125 0.3017578125 0.71875 0.1923828125 0.71875 0.1650390625 0.7174479171875 0.1640625 0.7018229171875 0.162109375 0.62109375 0.1640625 0.6171875 0.1669921875 0.6145833328125 0.1728515625 0.6067708328125 0.2470703125 0.5885416671875 0.4638671875 0.5729166671875 0.6748046875 0.5598958328125 0.8779296875 0.5651041671875 0.8876953125 0.5690104171875 0.890625 0.58984375 0.892578125
0 0.67578125 0.8984375 0.7252604171875 0.8984375 0.7356770828125 0.896484375 0.7421875 0.8876953125 0.7734375 0.6376953125 0.8046875 0.3349609375 0.8098958328125001 0.2666015625 0.8098958328125001 0.2587890625 0.8059895828125001 0.255859375 0.7174479171875 0.2578125 0.7135416671875 0.2666015625 0.7083333328125 0.3037109375 0.6901041671875 0.4755859375 0.6666666671875 0.7294921875 0.6588541671875 0.8193359375 0.6588541671875 0.8818359375 0.6666666671875 0.8955078125 0.67578125 0.8984375
0 0.8255208328125001 0.8818359375 0.83203125 0.88671875 0.8372395828125001 0.888671875 0.89453125 0.888671875 0.9127604171874999 0.88671875 0.9270833328125001 0.8818359375 0.9427083328125001 0.7197265625 0.9869791671874999 0.2138671875 0.9947916671874999 0.1201171875 0.9947916671874999 0.0888671875 0.9908854171874999 0.0859375 0.93359375 0.0859375 0.8815104171874999 0.087890625 0.8606770828125001 0.08984375 0.7434895828125 0.142578125 0.7330729171875 0.1484375 0.7213541671875 0.1572265625 0.7161458328125 0.2373046875 0.7734375 0.7294921875 0.8151041671874999 0.8662109375 0.8255208328125001 0.8818359375
1 0.1510416671875 0.7353515625 0.1549479171875 0.73828125 0.24869791718749998 0.736328125 0.2825520828125 0.734375 0.2877604171875 0.732421875 0.2942708328125 0.7255859375 0.2942708328125 0.7041015625 0.2916666671875 0.6806640625 0.2877604171875 0.671875 0.1419270828125 0.681640625 0.140625 0.6826171875 0.140625 0.6865234375 0.1484375 0.7275390625 0.1510416671875 0.7353515625
1 0.4986979171875 0.728515625 0.5143229171875 0.728515625 0.5638020828125 0.7265625 0.5703125 0.7236328125 0.5729166671875 0.7001953125 0.5729166671875 0.6708984375 0.5690104171875 0.66796875 0.4934895828125 0.66796875 0.4921875 0.6689453125 0.4895833328125 0.6787109375 0.4895833328125 0.7216796875 0.4934895828125 0.7265625 0.4986979171875 0.728515625
1 0.3138020828125 0.732421875 0.3346354171875 0.736328125 0.3658854171875 0.73828125 0.41015625 0.73828125 0.4388020828125 0.736328125 0.46484375 0.732421875 0.48046875 0.7265625 0.484375 0.7236328125 0.4869791671875 0.7177734375 0.4869791671875 0.6708984375 0.4856770828125 0.669921875 0.3059895828125 0.673828125 0.3046875 0.6748046875 0.3046875 0.7119140625 0.3072916671875 0.7275390625 0.3138020828125 0.732421875
1 0.5872395828125 0.73046875 0.6549479171875 0.73046875 0.6588541671875 0.7275390625 0.6640625 0.7001953125 0.6640625 0.6728515625 0.6627604171875 0.671875 0.58203125 0.669921875 0.5768229171875 0.669921875 0.5755208328125 0.6708984375 0.5729166671875 0.6962890625 0.5729166671875 0.7236328125 0.5794270828125 0.728515625 0.5872395828125 0.73046875
1 0.6809895828125 0.732421875 0.6861979171875 0.734375 0.7513020828125 0.734375 0.7604166671875 0.7314453125 0.7630208328125 0.7255859375 0.7682291671875 0.6826171875 0.7682291671875 0.6767578125 0.7643229171875 0.673828125 0.6783854171875 0.666015625 0.6744791671875 0.6748046875 0.671875 0.6982421875 0.671875 0.7197265625 0.6744791671875 0.7255859375 0.6809895828125 0.732421875
1 0.8684895828125001 0.7265625 0.9388020828125001 0.72265625 0.9401041671874999 0.7216796875 0.9427083328125001 0.7177734375 0.9453125 0.6884765625 0.9453125 0.6650390625 0.9440104171874999 0.6640625 0.8294270828125001 0.65625 0.82421875 0.65625 0.8229166671874999 0.6572265625 0.8203125 0.6611328125 0.8203125 0.7099609375 0.8424479171874999 0.7265625 0.8684895828125001 0.7265625