0 0.2864583328125 0.7255859375 0.2903645828125 0.728515625 0.3033854171875 0.73046875 0.31640625 0.728515625 0.3203125 0.7255859375 0.3203125 0.6943359375 0.3177083328125 0.5791015625 0.2994791671875 0.1865234375 0.296875 0.1826171875 0.2903645828125 0.1796875 0.2721354171875 0.177734375 0.2643229171875 0.1796875 0.2604166671875 0.1845703125 0.2578125 0.2216796875 0.2578125 0.2568359375 0.2838541671875 0.7197265625 0.2864583328125 0.7255859375
0 0.33984375 0.73046875 0.3815104171875 0.728515625 0.3854166671875 0.7255859375 0.3828125 0.5712890625 0.3645833328125 0.3212890625 0.3619791671875 0.3154296875 0.3580729171875 0.3125 0.30859375 0.3125 0.3072916671875 0.3134765625 0.3046875 0.3173828125 0.3046875 0.3212890625 0.328125 0.7275390625 0.33984375 0.73046875
0 0.3958333328125 0.7275390625 0.40234375 0.732421875 0.45703125 0.732421875 0.4635416671875 0.7275390625 0.4635416671875 0.7119140625 0.4348958328125 0.1904296875 0.4283854171875 0.18359375 0.3997395828125 0.181640625 0.36328125 0.181640625 0.3567708328125 0.1865234375 0.3541666671875 0.1923828125 0.3541666671875 0.2294921875 0.3880208328125 0.6474609375 0.3958333328125 0.7275390625
0 0.4661458328125 0.7275390625 0.4752604171875 0.734375 0.48046875 0.736328125 0.5169270828125 0.736328125 0.5221354171875 0.734375 0.53125 0.7275390625 0.53125 0.6650390625 0.5130208328125 0.3740234375 0.5078125 0.3154296875 0.50390625 0.310546875 0.4544270828125 0.30859375 0.4453125 0.3115234375 0.4427083328125 0.3154296875 0.4427083328125 0.3330078125 0.4635416671875 0.7138671875 0.4661458328125 0.7275390625
0 0.53125 0.6396484375 0.5390625 0.7177734375 0.5416666671875 0.7275390625 0.5455729171875 0.73046875 0.5533854171875 0.732421875 0.5794270828125 0.732421875 0.5950520828125 0.73046875 0.6002604171875 0.728515625 0.6041666671875 0.7236328125 0.5833333328125 0.1923828125 0.5794270828125 0.1875 0.5299479171875 0.18359375 0.5169270828125 0.18359375 0.5052083328125 0.1884765625 0.5026041671875 0.1923828125 0.5026041671875 0.2275390625 0.5052083328125 0.2705078125 0.53125 0.6396484375
0 0.70703125 0.734375 0.73828125 0.734375 0.76171875 0.732421875 0.7747395828125 0.73046875 0.7890625 0.7255859375 0.7890625 0.6728515625 0.7708333328125 0.2763671875 0.76171875 0.271484375 0.7278645828125 0.26953125 0.6783854171875 0.26953125 0.66796875 0.271484375 0.6614583328125 0.2763671875 0.6614583328125 0.2880859375 0.6979166671875 0.7314453125 0.70703125 0.734375
0 0.7916666671875 0.7236328125 0.7955729171875 0.7265625 0.84765625 0.7265625 0.8515625 0.7236328125 0.8515625 0.5869140625 0.8463541671874999 0.2431640625 0.84375 0.2060546875 0.83203125 0.203125 0.7747395828125 0.203125 0.7708333328125 0.2060546875 0.7682291671875 0.2119140625 0.7682291671875 0.2177734375 0.7864583328125 0.6416015625 0.7916666671875 0.7236328125
0 0.85546875 0.720703125 0.8893229171874999 0.720703125 0.8932291671874999 0.7177734375 0.8932291671874999 0.6357421875 0.8854166671874999 0.3408203125 0.8828125 0.3330078125 0.87890625 0.328125 0.8502604171874999 0.326171875 0.8463541671874999 0.3291015625 0.8463541671874999 0.4130859375 0.8515625 0.7138671875 0.85546875 0.720703125
0 0.8984375 0.7177734375 0.90234375 0.720703125 0.91015625 0.72265625 0.9440104171874999 0.72265625 0.9518229171874999 0.720703125 0.9583333328125001 0.7158203125 0.9583333328125001 0.5810546875 0.953125 0.3388671875 0.94140625 0.330078125 0.9361979171874999 0.328125 0.8997395828125001 0.328125 0.89453125 0.330078125 0.8880208328125001 0.3349609375 0.8880208328125001 0.4990234375 0.8958333328125001 0.7080078125 0.8984375 0.7177734375
1 0.3138020828125 0.60546875 0.3177083328125 0.5986328125 0.3151041671875 0.5673828125 0.3111979171875 0.564453125 0.2799479171875 0.56640625 0.2760416671875 0.5693359375 0.2786458328125 0.6044921875 0.2799479171875 0.60546875 0.3138020828125 0.60546875
1 0.3528645828125 0.607421875 0.37890625 0.60546875 0.3828125 0.6025390625 0.3828125 0.5751953125 0.37890625 0.56640625 0.3528645828125 0.56640625 0.3216145828125 0.568359375 0.3203125 0.5693359375 0.3203125 0.5986328125 0.32421875 0.607421875 0.3528645828125 0.607421875
1 0.4153645828125 0.611328125 0.44921875 0.609375 0.453125 0.6064453125 0.453125 0.5693359375 0.4518229171875 0.568359375 0.38671875 0.572265625 0.3854166671875 0.5732421875 0.3854166671875 0.5986328125 0.3893229171875 0.611328125 0.4153645828125 0.611328125
1 0.47265625 0.609375 0.48046875 0.609375 0.51953125 0.607421875 0.5234375 0.6044921875 0.5260416671875 0.6005859375 0.5234375 0.5693359375 0.51953125 0.56640625 0.4596354171875 0.568359375 0.4583333328125 0.5693359375 0.4583333328125 0.6044921875 0.4622395828125 0.607421875 0.47265625 0.609375
1 0.5325520828125 0.611328125 0.5690104171875 0.611328125 0.5950520828125 0.609375 0.5963541671875 0.6083984375 0.5963541671875 0.5732421875 0.5924479171875 0.5703125 0.5638020828125 0.5703125 0.5299479171875 0.572265625 0.5286458328125 0.5732421875 0.5286458328125 0.5869140625 0.53125 0.6103515625 0.5325520828125 0.611328125
1 0.75390625 0.61328125 0.7825520828125 0.611328125 0.7838541671875 0.6103515625 0.7838541671875 0.5751953125 0.7799479171875 0.572265625 0.6940104171875 0.57421875 0.6901041671875 0.5771484375 0.6901041671875 0.6103515625 0.6940104171875 0.61328125 0.75390625 0.61328125
1 0.7877604171875 0.61328125 0.8346354171874999 0.61328125 0.84765625 0.611328125 0.8515625 0.6083984375 0.8515625 0.5771484375 0.84765625 0.572265625 0.7877604171875 0.57421875 0.7838541671875 0.5771484375 0.7838541671875 0.5966796875 0.7864583328125 0.6123046875 0.7877604171875 0.61328125
1 0.8841145828125001 0.611328125 0.8880208328125001 0.6083984375 0.8880208328125001 0.5751953125 0.88671875 0.57421875 0.8528645828125001 0.572265625 0.8489583328125001 0.5751953125 0.8515625 0.6103515625 0.8528645828125001 0.611328125 0.8841145828125001 0.611328125
1 0.9127604171874999 0.61328125 0.9361979171874999 0.61328125 0.9544270828125001 0.611328125 0.9557291671874999 0.6103515625 0.9557291671874999 0.5751953125 0.9544270828125001 0.57421875 0.89453125 0.57421875 0.8932291671874999 0.5751953125 0.8932291671874999 0.6064453125 0.8997395828125001 0.611328125 0.9127604171874999 0.61328125