0 0.3372395828125 0.58203125 0.3411458328125 0.5791015625 0.3463541671875 0.4501953125 0.3515625 0.2431640625 0.3515625 0.1845703125 0.34765625 0.181640625 0.33203125 0.1796875 0.30859375 0.1796875 0.3046875 0.1845703125 0.2942708328125 0.4931640625 0.2942708328125 0.5791015625 0.30078125 0.58203125 0.3372395828125 0.58203125
0 0.3919270828125 0.583984375 0.3932291671875 0.5830078125 0.3932291671875 0.4091796875 0.390625 0.1728515625 0.3841145828125 0.16796875 0.3606770828125 0.16796875 0.3567708328125 0.1708984375 0.3541666671875 0.4423828125 0.359375 0.5810546875 0.3658854171875 0.583984375 0.3919270828125 0.583984375
0 0.40234375 0.587890625 0.43359375 0.587890625 0.4375 0.5849609375 0.4401041671875 0.4912109375 0.4375 0.1572265625 0.4348958328125 0.1435546875 0.4283854171875 0.138671875 0.4231770828125 0.13671875 0.3971354171875 0.13671875 0.3932291671875 0.1396484375 0.3932291671875 0.5107421875 0.3958333328125 0.5849609375 0.40234375 0.587890625
0 0.4466145828125 0.587890625 0.4596354171875 0.58984375 0.49609375 0.58984375 0.5026041671875 0.5849609375 0.5026041671875 0.4404296875 0.4973958328125 0.2060546875 0.4947916671875 0.2001953125 0.4856770828125 0.197265625 0.4544270828125 0.193359375 0.4466145828125 0.193359375 0.4427083328125 0.1962890625 0.4401041671875 0.2001953125 0.4401041671875 0.4912109375 0.4427083328125 0.5849609375 0.4466145828125 0.587890625
0 0.515625 0.5908203125 0.5247395828125 0.595703125 0.55859375 0.595703125 0.5677083328125 0.5927734375 0.5703125 0.5830078125 0.5703125 0.5400390625 0.5572916671875 0.2177734375 0.5520833328125 0.1005859375 0.5494791671875 0.0712890625 0.54296875 0.06640625 0.53515625 0.064453125 0.5013020828125 0.064453125 0.4947916671875 0.0693359375 0.4921875 0.0751953125 0.46875 0.1806640625 0.46875 0.1884765625 0.5130208328125 0.5849609375 0.515625 0.5908203125
0 0.57421875 0.59375 0.5872395828125 0.59765625 0.62109375 0.59765625 0.6302083328125 0.5927734375 0.6302083328125 0.5634765625 0.6276041671875 0.4560546875 0.6145833328125 0.1728515625 0.6119791671875 0.1611328125 0.6080729171875 0.158203125 0.5768229171875 0.15234375 0.55859375 0.15234375 0.5572916671875 0.1533203125 0.5546875 0.1572265625 0.5546875 0.1806640625 0.5703125 0.5908203125 0.57421875 0.59375
0 0.6354166671875 0.5888671875 0.6393229171875 0.595703125 0.65234375 0.599609375 0.6940104171875 0.599609375 0.7005208328125 0.5947265625 0.6822916671875 0.1630859375 0.6796875 0.1533203125 0.6731770828125 0.1484375 0.65234375 0.14453125 0.62890625 0.14453125 0.6236979171875 0.146484375 0.6171875 0.1513671875 0.6145833328125 0.1552734375 0.6145833328125 0.1708984375 0.6276041671875 0.4619140625 0.6354166671875 0.5888671875
0 0.6979166671875 0.5712890625 0.7005208328125 0.5947265625 0.7044270828125 0.599609375 0.71484375 0.6015625 0.76171875 0.6015625 0.765625 0.5986328125 0.765625 0.5849609375 0.7473958328125 0.2041015625 0.7447916671875 0.1728515625 0.73828125 0.1640625 0.7252604171875 0.16015625 0.7018229171875 0.16015625 0.69140625 0.162109375 0.6848958328125 0.1669921875 0.6822916671875 0.1728515625 0.6822916671875 0.2041015625 0.6901041671875 0.4130859375 0.6979166671875 0.5712890625
0 0.765625 0.5732421875 0.7708333328125 0.6005859375 0.7747395828125 0.603515625 0.7799479171875 0.60546875 0.8111979171874999 0.60546875 0.8177083328125001 0.6025390625 0.8177083328125001 0.5732421875 0.7942708328125 0.1591796875 0.7903645828125 0.15625 0.7747395828125 0.15234375 0.7591145828125 0.15234375 0.75390625 0.154296875 0.7473958328125 0.1591796875 0.7473958328125 0.1904296875 0.7604166671875 0.4892578125 0.765625 0.5732421875
0 0.8046875 0.4287109375 0.8177083328125001 0.6044921875 0.8216145828125001 0.607421875 0.85546875 0.607421875 0.859375 0.6044921875 0.859375 0.5771484375 0.8359375 0.1982421875 0.8333333328125001 0.1923828125 0.8268229171874999 0.189453125 0.8033854171874999 0.1875 0.7981770828125 0.1875 0.796875 0.1884765625 0.7942708328125 0.1923828125 0.7942708328125 0.2138671875 0.7994791671875 0.3310546875 0.8046875 0.4287109375
0 0.8619791671874999 0.6005859375 0.8684895828125001 0.607421875 0.8919270828125001 0.609375 0.92578125 0.609375 0.9322916671874999 0.6025390625 0.9322916671874999 0.5439453125 0.9166666671874999 0.2294921875 0.9140625 0.2080078125 0.9114583328125001 0.2041015625 0.9049479171874999 0.201171875 0.8658854171874999 0.201171875 0.8411458328125001 0.2119140625 0.8385416671874999 0.2314453125 0.8489583328125001 0.4345703125 0.8567708328125001 0.5615234375 0.8619791671874999 0.6005859375
0 1 0.5185546875 0.9921875 0.3056640625 0.984375 0.1884765625 0.9778645828125001 0.18359375 0.9544270828125001 0.1796875 0.91796875 0.1796875 0.9075520828125001 0.18359375 0.8932291671874999 0.1943359375 0.8932291671874999 0.1982421875 0.9348958328125001 0.6083984375 0.9466145828125001 0.611328125 0.99609375 0.611328125 1 0.6064453125 1 0.5185546875
1 0.3424479171875 0.4609375 0.34375 0.4599609375 0.3463541671875 0.4384765625 0.3463541671875 0.4248046875 0.34375 0.4208984375 0.3424479171875 0.419921875 0.3033854171875 0.41796875 0.2994791671875 0.4208984375 0.2994791671875 0.4580078125 0.30078125 0.458984375 0.3424479171875 0.4609375
1 0.3919270828125 0.46484375 0.3932291671875 0.4638671875 0.3932291671875 0.4287109375 0.3893229171875 0.42578125 0.3606770828125 0.42578125 0.3567708328125 0.4287109375 0.3567708328125 0.4638671875 0.3580729171875 0.46484375 0.3919270828125 0.46484375
1 0.4361979171875 0.470703125 0.4401041671875 0.4677734375 0.4401041671875 0.4365234375 0.4375 0.4326171875 0.4361979171875 0.431640625 0.3971354171875 0.431640625 0.3932291671875 0.4345703125 0.3932291671875 0.4677734375 0.3971354171875 0.470703125 0.4361979171875 0.470703125
1 0.4518229171875 0.47265625 0.4986979171875 0.47265625 0.5026041671875 0.4697265625 0.5026041671875 0.4541015625 0.5 0.4365234375 0.49609375 0.43359375 0.4440104171875 0.43359375 0.4427083328125 0.4345703125 0.4401041671875 0.4384765625 0.4401041671875 0.4677734375 0.4440104171875 0.470703125 0.4518229171875 0.47265625
1 0.5638020828125 0.47265625 0.5651041671875 0.4716796875 0.5651041671875 0.4345703125 0.5638020828125 0.43359375 0.5455729171875 0.431640625 0.5325520828125 0.431640625 0.51171875 0.43359375 0.5104166671875 0.4345703125 0.5104166671875 0.4716796875 0.51171875 0.47265625 0.5638020828125 0.47265625
1 0.6236979171875 0.4765625 0.6276041671875 0.4736328125 0.625 0.4384765625 0.62109375 0.4296875 0.61328125 0.427734375 0.56640625 0.4375 0.5651041671875 0.4384765625 0.5651041671875 0.4658203125 0.5690104171875 0.474609375 0.6236979171875 0.4765625
1 0.6888020828125 0.48046875 0.6927083328125 0.4775390625 0.6927083328125 0.4423828125 0.6888020828125 0.439453125 0.64453125 0.427734375 0.6419270828125 0.427734375 0.6354166671875 0.4326171875 0.6302083328125 0.4404296875 0.6302083328125 0.4775390625 0.6341145828125 0.48046875 0.6888020828125 0.48046875
1 0.69921875 0.482421875 0.7565104171875 0.48046875 0.7578125 0.4794921875 0.7578125 0.4462890625 0.75390625 0.443359375 0.74609375 0.44140625 0.6966145828125 0.44140625 0.6927083328125 0.4443359375 0.6927083328125 0.4560546875 0.6953125 0.4794921875 0.69921875 0.482421875
1 0.7955729171875 0.462890625 0.7942708328125 0.4638671875 0.7955729171875 0.46484375 0.7994791671875 0.4638671875 0.7955729171875 0.462890625
1 0.8138020828125001 0.490234375 0.8346354171874999 0.490234375 0.8502604171874999 0.48828125 0.8515625 0.4873046875 0.8515625 0.4521484375 0.8502604171874999 0.451171875 0.8111979171874999 0.44921875 0.8072916671874999 0.4521484375 0.8072916671874999 0.4697265625 0.8098958328125001 0.4873046875 0.8138020828125001 0.490234375
1 0.89453125 0.48828125 0.92578125 0.486328125 0.9270833328125001 0.4853515625 0.9270833328125001 0.4521484375 0.9231770828125001 0.447265625 0.87890625 0.447265625 0.8528645828125001 0.44921875 0.8515625 0.4501953125 0.8515625 0.4775390625 0.85546875 0.48828125 0.89453125 0.48828125
1 0.9309895828125001 0.4921875 0.9544270828125001 0.494140625 0.9986979171874999 0.494140625 1 0.4931640625 0.9973958328125001 0.4580078125 0.9934895828125001 0.455078125 0.9283854171874999 0.455078125 0.9270833328125001 0.4560546875 0.9270833328125001 0.4619140625 0.9296875 0.4912109375 0.9309895828125001 0.4921875