0 0.1796875 0.9033203125 0.1822916671875 0.9091796875 0.1861979171875 0.912109375 0.1940104171875 0.916015625 0.20182291718749998 0.91796875 0.22526041718749998 0.91796875 0.2643229171875 0.9140625 0.2890625 0.9052734375 0.2942708328125 0.2939453125 0.2825520828125 0.275390625 0.22265625 0.271484375 0.08203125 0.275390625 0.07552083281250001 0.2783203125 0.07291666718749999 0.2841796875 0.09114583281250001 0.4013671875 0.1328125 0.6435546875 0.1796875 0.9033203125
0 0.30078125 0.91796875 0.3059895828125 0.919921875 0.3294270828125 0.921875 0.3606770828125 0.919921875 0.37109375 0.9140625 0.3776041671875 0.9072265625 0.3828125 0.8896484375 0.3802083328125 0.3095703125 0.3763020828125 0.306640625 0.2825520828125 0.306640625 0.23567708281250002 0.3125 0.22916666718749998 0.3173828125 0.22916666718749998 0.3486328125 0.2916666671875 0.9111328125 0.30078125 0.91796875
0 0.3854166671875 0.8955078125 0.3893229171875 0.8984375 0.41015625 0.8984375 0.4166666671875 0.8916015625 0.4166666671875 0.8662109375 0.3958333328125 0.4951171875 0.3854166671875 0.3447265625 0.3815104171875 0.341796875 0.3736979171875 0.341796875 0.3580729171875 0.34765625 0.3541666671875 0.3505859375 0.3541666671875 0.3935546875 0.3567708328125 0.4462890625 0.3854166671875 0.8955078125
0 0.4244791671875 0.9033203125 0.4309895828125 0.908203125 0.4361979171875 0.91015625 0.4440104171875 0.912109375 0.4544270828125 0.912109375 0.4674479171875 0.91015625 0.4778645828125 0.90625 0.4817708328125 0.9033203125 0.4791666671875 0.0830078125 0.4739583328125 0.0654296875 0.4713541671875 0.0615234375 0.46484375 0.056640625 0.3763020828125 0.056640625 0.359375 0.0615234375 0.3567708328125 0.0654296875 0.4192708328125 0.8779296875 0.421875 0.8994140625 0.4244791671875 0.9033203125
0 0.4817708328125 0.8994140625 0.4908854171875 0.904296875 0.5325520828125 0.904296875 0.5403645828125 0.90234375 0.546875 0.8974609375 0.5494791671875 0.8779296875 0.5598958328125 0.2255859375 0.5559895828125 0.220703125 0.5481770828125 0.21875 0.51953125 0.216796875 0.48046875 0.216796875 0.4713541671875 0.2236328125 0.46875 0.2275390625 0.46875 0.3154296875 0.4791666671875 0.8505859375 0.4817708328125 0.8994140625
0 0.58203125 0.904296875 0.6080729171875 0.90234375 0.6158854171875 0.900390625 0.62109375 0.8984375 0.6276041671875 0.8916015625 0.6302083328125 0.8857421875 0.640625 0.7861328125 0.6588541671875 0.3662109375 0.6588541671875 0.3115234375 0.65625 0.3076171875 0.64453125 0.298828125 0.6263020828125 0.29296875 0.61328125 0.291015625 0.5611979171875 0.291015625 0.5572916671875 0.2958984375 0.5546875 0.3486328125 0.5520833328125 0.4853515625 0.5494791671875 0.8916015625 0.55859375 0.8984375 0.5690104171875 0.90234375 0.58203125 0.904296875
1 0.05859375 0.771484375 0.06380208281250001 0.7734375 0.11328125 0.7734375 0.1497395828125 0.767578125 0.1536458328125 0.7646484375 0.1536458328125 0.7490234375 0.1510416671875 0.7314453125 0.1471354171875 0.720703125 0.0481770828125 0.724609375 0.046875 0.7255859375 0.046875 0.7294921875 0.0546875 0.7685546875 0.05859375 0.771484375
1 0.1653645828125 0.771484375 0.19140625 0.7734375 0.2513020828125 0.771484375 0.26953125 0.767578125 0.2734375 0.7646484375 0.2734375 0.7236328125 0.26953125 0.71875 0.1497395828125 0.72265625 0.1484375 0.7236328125 0.1536458328125 0.7587890625 0.15625 0.7666015625 0.1653645828125 0.771484375
1 0.2825520828125 0.775390625 0.30078125 0.77734375 0.3606770828125 0.77734375 0.37109375 0.775390625 0.375 0.7724609375 0.375 0.7275390625 0.37109375 0.724609375 0.2747395828125 0.7265625 0.2734375 0.7275390625 0.2734375 0.7548828125 0.2760416671875 0.7705078125 0.2825520828125 0.775390625
1 0.37890625 0.76171875 0.4075520828125 0.76171875 0.4088541671875 0.7607421875 0.4088541671875 0.7177734375 0.4049479171875 0.712890625 0.3763020828125 0.71484375 0.375 0.7158203125 0.375 0.7451171875 0.3776041671875 0.7607421875 0.37890625 0.76171875
1 0.4153645828125 0.76953125 0.4205729171875 0.771484375 0.44921875 0.771484375 0.4752604171875 0.767578125 0.4791666671875 0.7646484375 0.4791666671875 0.7197265625 0.4752604171875 0.716796875 0.41015625 0.71875 0.4088541671875 0.7197265625 0.4088541671875 0.7431640625 0.4114583328125 0.7646484375 0.4153645828125 0.76953125
1 0.4856770828125 0.763671875 0.5455729171875 0.76171875 0.5494791671875 0.7587890625 0.5494791671875 0.7138671875 0.5481770828125 0.712890625 0.51953125 0.712890625 0.48046875 0.71484375 0.4791666671875 0.7158203125 0.4791666671875 0.7607421875 0.48046875 0.76171875 0.4856770828125 0.763671875
1 0.5794270828125 0.765625 0.6184895828125 0.765625 0.62890625 0.763671875 0.6354166671875 0.7607421875 0.6380208328125 0.7548828125 0.6380208328125 0.7138671875 0.63671875 0.712890625 0.5533854171875 0.712890625 0.5520833328125 0.7138671875 0.5494791671875 0.7197265625 0.5494791671875 0.7548828125 0.5559895828125 0.76171875 0.5794270828125 0.765625