0 0.1276041671875 0.9033203125 0.1393229171875 0.912109375 0.1471354171875 0.916015625 0.1653645828125 0.919921875 0.19921875 0.919921875 0.20572916718749998 0.9150390625 0.20833333281250002 0.9111328125 0.3541666671875 0.2490234375 0.3515625 0.2353515625 0.3424479171875 0.228515625 0.3372395828125 0.2265625 0.1627604171875 0.17578125 0.1419270828125 0.171875 0.04296875 0.17578125 0.03515625 0.177734375 0.03125 0.1806640625 0.0286458328125 0.1865234375 0.0286458328125 0.2041015625 0.125 0.8994140625 0.1276041671875 0.9033203125
0 0.1875 0.7197265625 0.20833333281250002 0.9189453125 0.21484375 0.92578125 0.22786458281250002 0.9296875 0.2643229171875 0.93359375 0.28515625 0.93359375 0.2942708328125 0.9287109375 0.296875 0.9228515625 0.296875 0.9072265625 0.2578125 0.2958984375 0.2526041671875 0.2705078125 0.25 0.2646484375 0.24609375 0.26171875 0.23567708281250002 0.259765625 0.1861979171875 0.259765625 0.1549479171875 0.26171875 0.1510416671875 0.2646484375 0.1484375 0.2685546875 0.1484375 0.3037109375 0.15625 0.3935546875 0.1875 0.7197265625
0 0.3203125 0.9228515625 0.3229166671875 0.9326171875 0.33203125 0.939453125 0.3372395828125 0.94140625 0.34765625 0.943359375 0.3763020828125 0.943359375 0.39453125 0.9375 0.3984375 0.9326171875 0.4010416671875 0.9267578125 0.4010416671875 0.8994140625 0.3958333328125 0.7197265625 0.3723958328125 0.2763671875 0.3697916671875 0.2666015625 0.36328125 0.263671875 0.2825520828125 0.26171875 0.2760416671875 0.2666015625 0.2760416671875 0.2900390625 0.3046875 0.7216796875 0.3203125 0.9228515625
0 0.3984375 0.8525390625 0.4036458328125 0.9326171875 0.41015625 0.9375 0.4205729171875 0.94140625 0.43359375 0.94140625 0.44140625 0.939453125 0.4479166671875 0.9345703125 0.4479166671875 0.6943359375 0.4375 0.2451171875 0.4309895828125 0.2421875 0.3971354171875 0.236328125 0.3893229171875 0.236328125 0.3776041671875 0.2451171875 0.375 0.2509765625 0.375 0.3115234375 0.3776041671875 0.3994140625 0.3984375 0.8525390625
0 0.4505208328125 0.8564453125 0.4557291671875 0.9482421875 0.4583333328125 0.9521484375 0.46484375 0.95703125 0.4908854171875 0.96484375 0.5013020828125 0.966796875 0.5299479171875 0.96875 0.5481770828125 0.966796875 0.5533854171875 0.96484375 0.5755208328125 0.9482421875 0.578125 0.9443359375 0.5885416671875 0.7529296875 0.6067708328125 0.2958984375 0.6067708328125 0.2568359375 0.6028645828125 0.25 0.46484375 0.244140625 0.4518229171875 0.244140625 0.4427083328125 0.2529296875 0.4401041671875 0.2587890625 0.4401041671875 0.3017578125 0.4479166671875 0.7529296875 0.4505208328125 0.8564453125
0 0.6028645828125 0.95703125 0.64453125 0.95703125 0.6497395828125 0.955078125 0.65625 0.9482421875 0.7057291671875 0.2998046875 0.7109375 0.2080078125 0.70703125 0.205078125 0.6966145828125 0.203125 0.6184895828125 0.203125 0.61328125 0.205078125 0.609375 0.2099609375 0.5885416671875 0.7529296875 0.5833333328125 0.9052734375 0.5833333328125 0.9501953125 0.5924479171875 0.955078125 0.6028645828125 0.95703125
0 0.71484375 0.958984375 0.7252604171875 0.958984375 0.7317708328125 0.9521484375 0.734375 0.9404296875 0.7552083328125 0.7607421875 0.8046875 0.2705078125 0.8046875 0.2275390625 0.8020833328125001 0.2236328125 0.7955729171875 0.220703125 0.7252604171875 0.220703125 0.71484375 0.22265625 0.7109375 0.2275390625 0.6848958328125 0.5087890625 0.6588541671875 0.8837890625 0.65625 0.9462890625 0.6627604171875 0.951171875 0.67578125 0.955078125 0.71484375 0.958984375
0 0.7669270828125 0.962890625 0.7708333328125 0.9599609375 0.78125 0.8759765625 0.7864583328125 0.8193359375 0.7864583328125 0.8076171875 0.7838541671875 0.7978515625 0.7747395828125 0.79296875 0.7721354171875 0.79296875 0.7591145828125 0.798828125 0.7526041671875 0.8056640625 0.7473958328125 0.8427734375 0.7369791671875 0.9541015625 0.7434895828125 0.9609375 0.7513020828125 0.962890625 0.7669270828125 0.962890625
0 0.7877604171875 0.787109375 0.7916666671875 0.7841796875 0.8098958328125001 0.6513671875 0.8489583328125001 0.2646484375 0.8489583328125001 0.2607421875 0.8450520828125001 0.2578125 0.8372395828125001 0.255859375 0.80859375 0.255859375 0.8046875 0.2607421875 0.7734375 0.5517578125 0.7604166671875 0.6962890625 0.7552083328125 0.7802734375 0.76171875 0.78515625 0.7721354171875 0.787109375 0.7877604171875 0.787109375
0 1 0.2646484375 0.9973958328125001 0.2587890625 0.9934895828125001 0.255859375 0.8919270828125001 0.255859375 0.8606770828125001 0.2578125 0.8515625 0.2626953125 0.8489583328125001 0.2685546875 0.796875 0.7509765625 0.7760416671875 0.9501953125 0.7760416671875 0.9736328125 0.7890625 0.9873046875 0.7955729171875 0.9921875 0.8138020828125001 0.99609375 0.90234375 1 0.92578125 1 0.9348958328125001 0.9931640625 0.9375 0.9892578125 0.9583333328125001 0.8955078125 0.9791666671874999 0.7919921875 0.9973958328125001 0.6826171875 1 0.5908203125 1 0.2646484375
1 0.1106770828125 0.73828125 0.1236979171875 0.7421875 0.1471354171875 0.74609375 0.1888020828125 0.74609375 0.1901041671875 0.7451171875 0.1901041671875 0.7197265625 0.1875 0.6943359375 0.1809895828125 0.689453125 0.1002604171875 0.68359375 0.09895833281250001 0.6845703125 0.09895833281250001 0.6962890625 0.1041666671875 0.7314453125 0.1106770828125 0.73828125
1 0.1966145828125 0.759765625 0.20963541718749998 0.76171875 0.2669270828125 0.765625 0.2799479171875 0.765625 0.2864583328125 0.7607421875 0.2838541671875 0.7119140625 0.2799479171875 0.70703125 0.19140625 0.703125 0.1901041671875 0.7041015625 0.1901041671875 0.7333984375 0.1927083328125 0.7548828125 0.1966145828125 0.759765625
1 0.3098958328125 0.7626953125 0.3138020828125 0.765625 0.3268229171875 0.76953125 0.37890625 0.76953125 0.3919270828125 0.767578125 0.3958333328125 0.7646484375 0.3958333328125 0.7158203125 0.3919270828125 0.708984375 0.3059895828125 0.70703125 0.3046875 0.7080078125 0.3046875 0.7236328125 0.3072916671875 0.7548828125 0.3098958328125 0.7626953125
1 0.4075520828125 0.77734375 0.43359375 0.77734375 0.4440104171875 0.7734375 0.4479166671875 0.7705078125 0.4479166671875 0.7177734375 0.4466145828125 0.716796875 0.3997395828125 0.71484375 0.3958333328125 0.7177734375 0.3958333328125 0.7587890625 0.3984375 0.7744140625 0.4075520828125 0.77734375
1 0.4778645828125 0.783203125 0.49609375 0.78515625 0.5638020828125 0.78515625 0.5794270828125 0.78125 0.5859375 0.7763671875 0.5885416671875 0.7373046875 0.5885416671875 0.7236328125 0.5872395828125 0.72265625 0.4544270828125 0.71484375 0.4505208328125 0.7177734375 0.4505208328125 0.7724609375 0.45703125 0.77734375 0.4778645828125 0.783203125
1 0.6497395828125 0.7890625 0.6653645828125 0.787109375 0.6692708328125 0.7841796875 0.671875 0.7275390625 0.6705729171875 0.7265625 0.5924479171875 0.72265625 0.5911458328125 0.7236328125 0.5885416671875 0.7333984375 0.5885416671875 0.7822265625 0.59765625 0.787109375 0.6497395828125 0.7890625
1 0.74609375 0.7890625 0.75 0.7861328125 0.7526041671875 0.7783203125 0.7552083328125 0.7548828125 0.7552083328125 0.7314453125 0.75390625 0.73046875 0.6888020828125 0.7265625 0.6731770828125 0.7265625 0.671875 0.7275390625 0.6692708328125 0.7802734375 0.6731770828125 0.783203125 0.6861979171875 0.78515625 0.74609375 0.7890625
1 0.7747395828125 0.78515625 0.79296875 0.78515625 0.7942708328125 0.7841796875 0.796875 0.7626953125 0.7994791671875 0.7275390625 0.7981770828125 0.7265625 0.7643229171875 0.72265625 0.76171875 0.72265625 0.7578125 0.7255859375 0.7552083328125 0.7509765625 0.7552083328125 0.7802734375 0.7591145828125 0.783203125 0.7747395828125 0.78515625
1 0.82421875 0.814453125 0.85546875 0.818359375 0.9075520828125001 0.822265625 0.9674479171874999 0.822265625 0.9713541671874999 0.8193359375 0.9739583328125001 0.8134765625 0.9817708328125001 0.7685546875 0.9817708328125001 0.7646484375 0.98046875 0.763671875 0.8059895828125001 0.74609375 0.80078125 0.74609375 0.7994791671875 0.7470703125 0.796875 0.7626953125 0.7942708328125 0.7841796875 0.7942708328125 0.8017578125 0.8033854171874999 0.80859375 0.82421875 0.814453125