0 0.09505208281250001 0.93359375 0.1028645828125 0.935546875 0.1393229171875 0.935546875 0.1497395828125 0.93359375 0.15625 0.9287109375 0.1588541671875 0.9169921875 0.2578125 0.3408203125 0.2578125 0.2958984375 0.1940104171875 0.279296875 0.16796875 0.275390625 0.05859375 0.275390625 0.046875 0.2900390625 0.0442708328125 0.3056640625 0.08333333281250001 0.9072265625 0.0859375 0.9267578125 0.09505208281250001 0.93359375
0 0.1588541671875 0.9033203125 0.1614583328125 0.9326171875 0.1640625 0.9365234375 0.1705729171875 0.94140625 0.17578125 0.943359375 0.1861979171875 0.9453125 0.21223958281250002 0.9453125 0.22395833281250002 0.9384765625 0.22916666718749998 0.9267578125 0.22916666718749998 0.7431640625 0.22395833281250002 0.3564453125 0.22265625 0.35546875 0.15234375 0.353515625 0.1458333328125 0.3583984375 0.1432291671875 0.3681640625 0.1432291671875 0.4267578125 0.15625 0.8349609375 0.1588541671875 0.9033203125
0 0.23177083281250002 0.9345703125 0.234375 0.9384765625 0.24088541718749998 0.943359375 0.25390625 0.9453125 0.2747395828125 0.9453125 0.2864583328125 0.9423828125 0.2890625 0.8076171875 0.2890625 0.3583984375 0.28515625 0.35546875 0.23307291718749998 0.35546875 0.2265625 0.3603515625 0.22395833281250002 0.3642578125 0.22395833281250002 0.3740234375 0.2265625 0.6572265625 0.23177083281250002 0.9345703125
0 0.3033854171875 0.94921875 0.3138020828125 0.951171875 0.3294270828125 0.94921875 0.33984375 0.9453125 0.3463541671875 0.9404296875 0.3489583328125 0.9365234375 0.3515625 0.9208984375 0.3567708328125 0.7685546875 0.3619791671875 0.5029296875 0.3619791671875 0.3583984375 0.35546875 0.353515625 0.2981770828125 0.353515625 0.2916666671875 0.3583984375 0.2890625 0.5927734375 0.2890625 0.9404296875 0.29296875 0.9453125 0.3033854171875 0.94921875
0 0.3658854171875 0.9453125 0.3763020828125 0.94921875 0.3841145828125 0.951171875 0.4205729171875 0.951171875 0.4309895828125 0.947265625 0.4375 0.9384765625 0.4401041671875 0.9169921875 0.4869791671875 0.2333984375 0.4869791671875 0.1669921875 0.484375 0.1630859375 0.4752604171875 0.158203125 0.4466145828125 0.15625 0.4153645828125 0.15625 0.3763020828125 0.158203125 0.3697916671875 0.1650390625 0.3645833328125 0.3544921875 0.3567708328125 0.7509765625 0.3567708328125 0.9345703125 0.3619791671875 0.9423828125 0.3658854171875 0.9453125
0 0.4752604171875 0.953125 0.484375 0.9482421875 0.4869791671875 0.9365234375 0.4921875 0.8544921875 0.515625 0.3779296875 0.515625 0.3251953125 0.51171875 0.322265625 0.4752604171875 0.322265625 0.4713541671875 0.3251953125 0.4661458328125 0.3779296875 0.4479166671875 0.7548828125 0.4401041671875 0.9423828125 0.4427083328125 0.9482421875 0.4518229171875 0.953125 0.4752604171875 0.953125
0 0.4986979171875 0.9609375 0.5221354171875 0.9609375 0.52734375 0.958984375 0.53125 0.9560546875 0.5338541671875 0.9423828125 0.5729166671875 0.3466796875 0.5703125 0.3291015625 0.5638020828125 0.32421875 0.5221354171875 0.32421875 0.5182291671875 0.3271484375 0.515625 0.3447265625 0.4869791671875 0.9228515625 0.4869791671875 0.9560546875 0.4908854171875 0.958984375 0.4986979171875 0.9609375
0 0.57421875 0.962890625 0.578125 0.9599609375 0.5807291671875 0.9541015625 0.6458333328125 0.1962890625 0.6458333328125 0.1708984375 0.6432291671875 0.1669921875 0.63671875 0.1640625 0.5846354171875 0.1640625 0.5807291671875 0.1669921875 0.578125 0.1728515625 0.5364583328125 0.8935546875 0.5338541671875 0.9541015625 0.5403645828125 0.9609375 0.5481770828125 0.962890625 0.57421875 0.962890625
0 0.6419270828125 0.9609375 0.6484375 0.9580078125 0.6510416671875 0.9521484375 0.65625 0.9072265625 0.7083333328125 0.3349609375 0.7083333328125 0.3310546875 0.7044270828125 0.328125 0.6966145828125 0.326171875 0.6731770828125 0.326171875 0.6692708328125 0.3291015625 0.6666666671875 0.3388671875 0.6484375 0.5166015625 0.6197916671875 0.8916015625 0.6171875 0.9306640625 0.6171875 0.9560546875 0.6263020828125 0.9609375 0.6419270828125 0.9609375
0 0.6080729171875 0.966796875 0.6419270828125 0.9609375 0.6484375 0.9580078125 0.6510416671875 0.9521484375 0.7083333328125 0.3349609375 0.7083333328125 0.3291015625 0.7018229171875 0.326171875 0.63671875 0.326171875 0.6302083328125 0.3310546875 0.6197916671875 0.4306640625 0.609375 0.5517578125 0.5911458328125 0.8095703125 0.5833333328125 0.9306640625 0.5833333328125 0.9638671875 0.58984375 0.966796875 0.6080729171875 0.966796875
1 0.08203125 0.78125 0.09505208281250001 0.78515625 0.1158854171875 0.787109375 0.1341145828125 0.787109375 0.1471354171875 0.78515625 0.1536458328125 0.7802734375 0.1536458328125 0.7392578125 0.1497395828125 0.736328125 0.07682291718749999 0.732421875 0.07552083281250001 0.7333984375 0.07552083281250001 0.7666015625 0.078125 0.7783203125 0.08203125 0.78125
1 0.1653645828125 0.791015625 0.20963541718749998 0.79296875 0.22005208281250002 0.791015625 0.22916666718749998 0.7861328125 0.22916666718749998 0.7412109375 0.22786458281250002 0.740234375 0.1575520828125 0.7421875 0.15625 0.7431640625 0.15625 0.7841796875 0.16015625 0.7890625 0.1653645828125 0.791015625
1 0.24609375 0.791015625 0.2669270828125 0.79296875 0.28515625 0.79296875 0.2890625 0.7900390625 0.2890625 0.7451171875 0.2877604171875 0.744140625 0.23307291718749998 0.740234375 0.23177083281250002 0.7412109375 0.23177083281250002 0.7861328125 0.23567708281250002 0.7890625 0.24609375 0.791015625
1 0.3424479171875 0.796875 0.34765625 0.794921875 0.3541666671875 0.7880859375 0.3567708328125 0.7744140625 0.3567708328125 0.7451171875 0.3528645828125 0.7421875 0.2903645828125 0.74609375 0.2890625 0.7470703125 0.2890625 0.7939453125 0.30078125 0.796875 0.3424479171875 0.796875
1 0.3815104171875 0.794921875 0.3971354171875 0.796875 0.44140625 0.796875 0.4453125 0.7939453125 0.4479166671875 0.7900390625 0.4479166671875 0.7470703125 0.4466145828125 0.74609375 0.3606770828125 0.73828125 0.3567708328125 0.7412109375 0.3567708328125 0.7861328125 0.3606770828125 0.7890625 0.3815104171875 0.794921875
1 0.4752604171875 0.8046875 0.4908854171875 0.802734375 0.4947916671875 0.7978515625 0.4947916671875 0.7568359375 0.4908854171875 0.75390625 0.4596354171875 0.751953125 0.4518229171875 0.751953125 0.4505208328125 0.7529296875 0.4479166671875 0.7666015625 0.4479166671875 0.7998046875 0.4518229171875 0.802734375 0.4752604171875 0.8046875
1 0.5377604171875 0.810546875 0.5416666671875 0.8076171875 0.5442708328125 0.7841796875 0.5442708328125 0.7607421875 0.54296875 0.759765625 0.4986979171875 0.759765625 0.4947916671875 0.7626953125 0.4947916671875 0.8076171875 0.5013020828125 0.810546875 0.5377604171875 0.810546875
1 0.5846354171875 0.80859375 0.58984375 0.806640625 0.5911458328125 0.8056640625 0.59375 0.7763671875 0.59375 0.7587890625 0.5768229171875 0.755859375 0.5481770828125 0.755859375 0.5442708328125 0.7626953125 0.5416666671875 0.8017578125 0.5481770828125 0.806640625 0.5716145828125 0.80859375 0.5846354171875 0.80859375
1 0.6276041671875 0.8134765625 0.6302083328125 0.8037109375 0.6302083328125 0.7646484375 0.62890625 0.763671875 0.59765625 0.763671875 0.59375 0.7666015625 0.5911458328125 0.8115234375 0.5950520828125 0.814453125 0.6236979171875 0.81640625 0.6276041671875 0.8134765625
1 0.6640625 0.8056640625 0.6666666671875 0.7783203125 0.6666666671875 0.7607421875 0.6653645828125 0.759765625 0.6341145828125 0.759765625 0.6302083328125 0.7626953125 0.6276041671875 0.8076171875 0.63671875 0.810546875 0.66015625 0.810546875 0.6640625 0.8056640625