0 0.11328125 1 0.1145833328125 0.9990234375 0.1171875 0.8779296875 0.1223958328125 0.2392578125 0.1197916671875 0.2294921875 0.1158854171875 0.2265625 0.1002604171875 0.224609375 0.08203125 0.224609375 0.07552083281250001 0.2275390625 0.06510416718749999 0.4970703125 0.06770833281250001 0.9990234375 0.06901041718749999 1 0.11328125 1
0 0.1549479171875 1 0.15625 0.9990234375 0.1822916671875 0.0615234375 0.1744791671875 0.0517578125 0.1653645828125 0.044921875 0.1497395828125 0.037109375 0.1341145828125 0.03515625 0.1263020828125 0.037109375 0.1223958328125 0.0400390625 0.1197916671875 0.0458984375 0.1197916671875 0.7841796875 0.1223958328125 0.9990234375 0.1236979171875 1 0.1549479171875 1
0 0.22005208281250002 1 0.22135416718749998 0.9990234375 0.25 0.1142578125 0.234375 0.0947265625 0.20963541718749998 0.0703125 0.1966145828125 0.06640625 0.1809895828125 0.06640625 0.1653645828125 0.068359375 0.15625 0.0712890625 0.1536458328125 0.0751953125 0.1536458328125 0.6181640625 0.1588541671875 0.9990234375 0.16015625 1 0.22005208281250002 1
0 0.3606770828125 1 0.3697916671875 0.9853515625 0.4401041671875 0.2646484375 0.3697916671875 0.1396484375 0.3619791671875 0.1298828125 0.3528645828125 0.123046875 0.34765625 0.12109375 0.25390625 0.12109375 0.22526041718749998 0.125 0.21875 0.1298828125 0.21614583281250002 0.1337890625 0.21614583281250002 0.3505859375 0.21875 0.7216796875 0.22395833281250002 0.9970703125 0.22786458281250002 1 0.3606770828125 1
0 0.37890625 0.98828125 0.4127604171875 0.9921875 0.43359375 0.990234375 0.44921875 0.984375 0.4557291671875 0.9794921875 0.4583333328125 0.9755859375 0.4557291671875 0.5341796875 0.4505208328125 0.2861328125 0.4479166671875 0.2802734375 0.4388020828125 0.275390625 0.37890625 0.279296875 0.3736979171875 0.28125 0.3723958328125 0.2822265625 0.3723958328125 0.7001953125 0.375 0.9853515625 0.37890625 0.98828125
0 0.4661458328125 0.9287109375 0.46875 0.9736328125 0.4713541671875 0.9775390625 0.4778645828125 0.982421875 0.5013020828125 0.98828125 0.5169270828125 0.990234375 0.5846354171875 0.990234375 0.6184895828125 0.984375 0.6354166671875 0.9755859375 0.6380208328125 0.7919921875 0.6302083328125 0.2392578125 0.625 0.2294921875 0.6184895828125 0.2265625 0.5690104171875 0.224609375 0.50390625 0.224609375 0.47265625 0.2265625 0.46484375 0.228515625 0.4583333328125 0.2353515625 0.4557291671875 0.2451171875 0.4557291671875 0.3154296875 0.4609375 0.7529296875 0.4661458328125 0.9287109375
0 0.72265625 1 0.7239583328125 0.9990234375 0.7239583328125 0.8994140625 0.7213541671875 0.7060546875 0.7109375 0.1669921875 0.70703125 0.16015625 0.6471354171875 0.16015625 0.6393229171875 0.162109375 0.6354166671875 0.1669921875 0.625 0.2138671875 0.625 0.2216796875 0.6458333328125 0.9990234375 0.6471354171875 1 0.72265625 1
1 0.10546875 0.7890625 0.11328125 0.787109375 0.1171875 0.7841796875 0.1171875 0.7177734375 0.1158854171875 0.716796875 0.1106770828125 0.716796875 0.07161458281250001 0.71875 0.0703125 0.7197265625 0.0703125 0.7880859375 0.07161458281250001 0.7890625 0.10546875 0.7890625
1 0.14453125 0.787109375 0.15234375 0.78515625 0.15625 0.7802734375 0.15625 0.7197265625 0.15234375 0.716796875 0.12109375 0.716796875 0.1197916671875 0.7177734375 0.1197916671875 0.7841796875 0.1236979171875 0.787109375 0.14453125 0.787109375
1 0.21744791718749998 0.787109375 0.21875 0.7861328125 0.21875 0.7177734375 0.21744791718749998 0.716796875 0.1575520828125 0.716796875 0.15625 0.7177734375 0.15625 0.7861328125 0.1575520828125 0.787109375 0.21744791718749998 0.787109375
1 0.24609375 0.783203125 0.3450520828125 0.783203125 0.35546875 0.78125 0.3619791671875 0.7763671875 0.3619791671875 0.7216796875 0.3580729171875 0.7109375 0.23046875 0.708984375 0.22395833281250002 0.7119140625 0.22135416718749998 0.7216796875 0.22135416718749998 0.7763671875 0.22526041718749998 0.78125 0.24609375 0.783203125
1 0.38671875 0.78125 0.40234375 0.78125 0.4283854171875 0.779296875 0.4466145828125 0.775390625 0.4557291671875 0.7685546875 0.4557291671875 0.7080078125 0.4544270828125 0.70703125 0.44921875 0.70703125 0.3763020828125 0.712890625 0.375 0.7138671875 0.375 0.7607421875 0.3776041671875 0.7783203125 0.38671875 0.78125
1 0.4700520828125 0.76953125 0.48046875 0.771484375 0.5065104171875 0.7734375 0.5638020828125 0.7734375 0.6184895828125 0.76953125 0.62890625 0.767578125 0.6328125 0.7646484375 0.6328125 0.7041015625 0.62890625 0.701171875 0.4674479171875 0.701171875 0.4635416671875 0.7041015625 0.4635416671875 0.7060546875 0.4661458328125 0.7666015625 0.4700520828125 0.76953125
1 0.6471354171875 0.787109375 0.6705729171875 0.7890625 0.7200520828125 0.7890625 0.7213541671875 0.7880859375 0.7213541671875 0.7177734375 0.7174479171875 0.71484375 0.64453125 0.712890625 0.6432291671875 0.7138671875 0.6432291671875 0.7646484375 0.6458333328125 0.7861328125 0.6471354171875 0.787109375