0 0.171875 0.8876953125 0.1770833328125 0.9169921875 0.1796875 0.9287109375 0.1861979171875 0.935546875 0.19921875 0.939453125 0.23567708281250002 0.939453125 0.24609375 0.9375 0.2552083328125 0.9306640625 0.2552083328125 0.9052734375 0.2109375 0.4013671875 0.20052083281250002 0.3056640625 0.1966145828125 0.302734375 0.18359375 0.30078125 0.1080729171875 0.302734375 0.1041666671875 0.3056640625 0.1067708328125 0.3583984375 0.15625 0.7685546875 0.171875 0.8876953125
0 0.234375 0.6826171875 0.2552083328125 0.9169921875 0.2578125 0.9306640625 0.26171875 0.93359375 0.27734375 0.9375 0.3033854171875 0.9375 0.3098958328125 0.9306640625 0.4505208328125 0.3251953125 0.4505208328125 0.3193359375 0.4440104171875 0.314453125 0.31640625 0.291015625 0.2747395828125 0.28515625 0.20963541718749998 0.28515625 0.20833333281250002 0.2861328125 0.20833333281250002 0.3349609375 0.21614583281250002 0.4521484375 0.234375 0.6826171875
0 0.3177083328125 0.9365234375 0.33203125 0.947265625 0.3450520828125 0.953125 0.3528645828125 0.953125 0.3815104171875 0.943359375 0.3880208328125 0.9384765625 0.390625 0.9345703125 0.390625 0.8837890625 0.3880208328125 0.8056640625 0.3723958328125 0.3720703125 0.3697916671875 0.3349609375 0.36328125 0.330078125 0.2981770828125 0.328125 0.2799479171875 0.328125 0.2708333328125 0.3349609375 0.2682291671875 0.3427734375 0.2682291671875 0.3603515625 0.3151041671875 0.9326171875 0.3177083328125 0.9365234375
0 0.3932291671875 0.9189453125 0.3958333328125 0.9404296875 0.3984375 0.9443359375 0.41015625 0.951171875 0.4309895828125 0.955078125 0.4596354171875 0.955078125 0.4635416671875 0.9521484375 0.4661458328125 0.9404296875 0.4635416671875 0.3291015625 0.4596354171875 0.326171875 0.3893229171875 0.326171875 0.375 0.3291015625 0.3723958328125 0.3330078125 0.375 0.4755859375 0.3880208328125 0.8173828125 0.3932291671875 0.9189453125
0 0.47265625 0.962890625 0.4778645828125 0.96484375 0.4856770828125 0.966796875 0.4908854171875 0.966796875 0.4973958328125 0.9599609375 0.5 0.9462890625 0.5026041671875 0.8955078125 0.5104166671875 0.3310546875 0.5065104171875 0.328125 0.4934895828125 0.326171875 0.4700520828125 0.326171875 0.4661458328125 0.3291015625 0.4635416671875 0.3486328125 0.4635416671875 0.6435546875 0.4661458328125 0.9580078125 0.47265625 0.962890625
0 0.4778645828125 0.65625 0.4791666671875 0.6552734375 0.484375 0.6220703125 0.484375 0.5419921875 0.4791666671875 0.4990234375 0.4752604171875 0.494140625 0.4713541671875 0.4951171875 0.46875 0.4990234375 0.46875 0.6552734375 0.4700520828125 0.65625 0.4778645828125 0.65625
0 0.51953125 0.96875 0.5533854171875 0.96875 0.5598958328125 0.9638671875 0.5651041671875 0.7822265625 0.5703125 0.4560546875 0.5703125 0.3447265625 0.5611979171875 0.33984375 0.51171875 0.33984375 0.5052083328125 0.3447265625 0.5026041671875 0.4697265625 0.5 0.9443359375 0.5026041671875 0.9619140625 0.5065104171875 0.96484375 0.51953125 0.96875
0 0.58984375 0.970703125 0.6315104171875 0.970703125 0.6380208328125 0.9638671875 0.6458333328125 0.7626953125 0.6588541671875 0.3056640625 0.6549479171875 0.302734375 0.6263020828125 0.30078125 0.58203125 0.30078125 0.5768229171875 0.302734375 0.5703125 0.3076171875 0.5625 0.9619140625 0.5651041671875 0.9658203125 0.5716145828125 0.96875 0.58984375 0.970703125
0 0.6731770828125 0.951171875 0.72265625 0.955078125 0.7591145828125 0.955078125 0.7721354171875 0.953125 0.7786458328125 0.9482421875 0.78125 0.9404296875 0.8020833328125001 0.7744140625 0.8541666671874999 0.2431640625 0.8541666671874999 0.2333984375 0.8515625 0.2294921875 0.8450520828125001 0.2265625 0.6809895828125 0.2265625 0.6705729171875 0.23046875 0.6614583328125 0.2373046875 0.6458333328125 0.7763671875 0.6432291671875 0.8701171875 0.6432291671875 0.9384765625 0.6497395828125 0.943359375 0.6731770828125 0.951171875
0 0.7916666671875 0.9775390625 0.80078125 0.982421875 0.8528645828125001 0.98828125 0.8606770828125001 0.98828125 0.8671875 0.9833984375 0.8697916671874999 0.9755859375 0.8828125 0.8525390625 0.9192708328125001 0.3505859375 0.9192708328125001 0.3291015625 0.91796875 0.328125 0.91015625 0.326171875 0.8528645828125001 0.326171875 0.8463541671874999 0.3291015625 0.8359375 0.4111328125 0.828125 0.4912109375 0.7838541671875 0.9482421875 0.7838541671875 0.9619140625 0.7864583328125 0.9697265625 0.7916666671875 0.9775390625
0 1 0.3330078125 0.9856770828125001 0.328125 0.94140625 0.328125 0.93359375 0.330078125 0.9296875 0.3330078125 0.9270833328125001 0.3583984375 0.875 0.9833984375 0.8776041671874999 0.9873046875 0.8841145828125001 0.9921875 0.9049479171874999 1 0.9986979171874999 1 1 0.9990234375 1 0.3330078125
1 0.1588541671875 0.7705078125 0.1627604171875 0.7734375 0.1809895828125 0.77734375 0.22005208281250002 0.779296875 0.23307291718749998 0.77734375 0.2421875 0.7724609375 0.23958333281250002 0.7255859375 0.23567708281250002 0.71875 0.1549479171875 0.716796875 0.1510416671875 0.7197265625 0.1510416671875 0.7216796875 0.15625 0.7646484375 0.1588541671875 0.7705078125
1 0.24479166718749998 0.7763671875 0.25390625 0.779296875 0.2981770828125 0.779296875 0.2994791671875 0.7783203125 0.2994791671875 0.7333984375 0.296875 0.7255859375 0.2955729171875 0.724609375 0.24348958281250002 0.72265625 0.23958333281250002 0.7255859375 0.23958333281250002 0.7392578125 0.2421875 0.7705078125 0.24479166718749998 0.7763671875
1 0.3059895828125 0.78125 0.3268229171875 0.787109375 0.3528645828125 0.787109375 0.37890625 0.783203125 0.3854166671875 0.7783203125 0.3854166671875 0.7275390625 0.3841145828125 0.7265625 0.30078125 0.724609375 0.2994791671875 0.7255859375 0.2994791671875 0.7412109375 0.3020833328125 0.7763671875 0.3059895828125 0.78125
1 0.4075520828125 0.794921875 0.4283854171875 0.798828125 0.45703125 0.798828125 0.4622395828125 0.796875 0.4635416671875 0.7958984375 0.4635416671875 0.7431640625 0.4622395828125 0.7421875 0.3893229171875 0.734375 0.3880208328125 0.7353515625 0.3880208328125 0.7822265625 0.390625 0.7880859375 0.4075520828125 0.794921875
1 0.4778645828125 0.802734375 0.5013020828125 0.802734375 0.5026041671875 0.8017578125 0.5026041671875 0.7451171875 0.5013020828125 0.744140625 0.4674479171875 0.744140625 0.4661458328125 0.7451171875 0.4661458328125 0.7978515625 0.4700520828125 0.80078125 0.4778645828125 0.802734375
1 0.5221354171875 0.806640625 0.55859375 0.806640625 0.5625 0.8037109375 0.5625 0.7509765625 0.5611979171875 0.75 0.5091145828125 0.74609375 0.5052083328125 0.7470703125 0.5026041671875 0.7724609375 0.5026041671875 0.7998046875 0.5052083328125 0.8037109375 0.5221354171875 0.806640625
1 0.6419270828125 0.806640625 0.6432291671875 0.8056640625 0.6458333328125 0.7666015625 0.6458333328125 0.7529296875 0.64453125 0.751953125 0.5768229171875 0.75 0.5690104171875 0.75 0.5677083328125 0.7509765625 0.5651041671875 0.7705078125 0.5651041671875 0.8037109375 0.5690104171875 0.806640625 0.6419270828125 0.806640625
1 0.7044270828125 0.783203125 0.7434895828125 0.78515625 0.7643229171875 0.78515625 0.7825520828125 0.783203125 0.7955729171875 0.779296875 0.7994791671875 0.7763671875 0.8020833328125001 0.7705078125 0.8046875 0.7412109375 0.8046875 0.7216796875 0.8033854171874999 0.720703125 0.6549479171875 0.712890625 0.6510416671875 0.7138671875 0.6484375 0.7255859375 0.6484375 0.7685546875 0.6575520828125 0.775390625 0.7044270828125 0.783203125
1 0.87109375 0.810546875 0.8815104171874999 0.810546875 0.8854166671874999 0.8056640625 0.8880208328125001 0.7744140625 0.8880208328125001 0.7529296875 0.8815104171874999 0.75 0.8346354171874999 0.744140625 0.8111979171874999 0.744140625 0.8072916671874999 0.7529296875 0.8046875 0.7822265625 0.8046875 0.8017578125 0.80859375 0.8046875 0.87109375 0.810546875