0 0 0.5068359375 0.0026041671875 0.7060546875 0.013020832812499999 0.8857421875 0.0208333328125 0.9541015625 0.02734375 0.96484375 0.0325520828125 0.966796875 0.0481770828125 0.96875 0.11328125 0.96875 0.1419270828125 0.966796875 0.16015625 0.9609375 0.1666666671875 0.9560546875 0.171875 0.9482421875 0.1744791671875 0.9248046875 0.1744791671875 0.8564453125 0.140625 0.0556640625 0.1341145828125 0.048828125 0.1236979171875 0.046875 0.05338541718749999 0.046875 0.014322917187500001 0.048828125 0.006510417187500001 0.05078125 0.0026041671875 0.0537109375 0 0.0615234375 0 0.5068359375
0 0.1692708328125 0.7470703125 0.1770833328125 0.8916015625 0.1822916671875 0.9462890625 0.1848958328125 0.9619140625 0.1940104171875 0.96875 0.20703125 0.974609375 0.26953125 0.974609375 0.2981770828125 0.97265625 0.3346354171875 0.966796875 0.3463541671875 0.9580078125 0.3515625 0.9521484375 0.3541666671875 0.9423828125 0.3541666671875 0.8173828125 0.3463541671875 0.0830078125 0.3411458328125 0.0693359375 0.3203125 0.0322265625 0.3111979171875 0.025390625 0.3033854171875 0.0234375 0.1888020828125 0.025390625 0.1549479171875 0.029296875 0.1458333328125 0.0341796875 0.1432291671875 0.0400390625 0.1432291671875 0.1240234375 0.1484375 0.2666015625 0.1692708328125 0.7470703125
0 0.3619791671875 0.9482421875 0.3658854171875 0.951171875 0.3736979171875 0.953125 0.42578125 0.953125 0.44921875 0.94921875 0.453125 0.9462890625 0.4583333328125 0.1884765625 0.4557291671875 0.1748046875 0.4375 0.1181640625 0.4270833328125 0.0986328125 0.4231770828125 0.095703125 0.40234375 0.09375 0.3528645828125 0.09375 0.34375 0.0986328125 0.3411458328125 0.1025390625 0.3411458328125 0.2529296875 0.3541666671875 0.7509765625 0.3619791671875 0.9482421875
0 0.46875 0.9580078125 0.4778645828125 0.96484375 0.4856770828125 0.966796875 0.50390625 0.96875 0.5221354171875 0.966796875 0.5481770828125 0.9609375 0.5559895828125 0.95703125 0.5598958328125 0.9521484375 0.53125 0.2236328125 0.5221354171875 0.21875 0.5091145828125 0.216796875 0.4778645828125 0.216796875 0.4518229171875 0.21875 0.4466145828125 0.220703125 0.4375 0.2275390625 0.4375 0.2880859375 0.4661458328125 0.9462890625 0.46875 0.9580078125
0 0.5729166671875 0.9541015625 0.5768229171875 0.958984375 0.59765625 0.966796875 0.6080729171875 0.96875 0.6341145828125 0.96875 0.6497395828125 0.966796875 0.6549479171875 0.96484375 0.6614583328125 0.9599609375 0.6614583328125 0.9072265625 0.6536458328125 0.7041015625 0.6302083328125 0.2197265625 0.6263020828125 0.2109375 0.6106770828125 0.20703125 0.56640625 0.208984375 0.5481770828125 0.2109375 0.5416666671875 0.2158203125 0.5390625 0.2197265625 0.5390625 0.2568359375 0.5442708328125 0.3857421875 0.5729166671875 0.9541015625
0 0.6614583328125 0.7138671875 0.6822916671875 0.9501953125 0.6848958328125 0.9560546875 0.69140625 0.9609375 0.6966145828125 0.962890625 0.7330729171875 0.962890625 0.7395833328125 0.9580078125 0.7395833328125 0.9306640625 0.734375 0.8466796875 0.6875 0.2666015625 0.6848958328125 0.2490234375 0.6783854171875 0.24609375 0.65234375 0.248046875 0.63671875 0.251953125 0.6354166671875 0.2529296875 0.6354166671875 0.3095703125 0.6432291671875 0.4482421875 0.6614583328125 0.7138671875
1 0.009114582812499999 0.7578125 0.07682291718749999 0.7578125 0.14453125 0.755859375 0.1653645828125 0.75390625 0.1666666671875 0.7529296875 0.1666666671875 0.6904296875 0.1627604171875 0.6875 0.009114582812499999 0.69140625 0.0052083328125 0.6943359375 0.0052083328125 0.7197265625 0.0078125 0.7568359375 0.009114582812499999 0.7578125
1 0.1731770828125 0.7578125 0.3346354171875 0.755859375 0.3411458328125 0.7529296875 0.3411458328125 0.6884765625 0.3372395828125 0.685546875 0.21744791718749998 0.6875 0.1705729171875 0.689453125 0.1666666671875 0.6923828125 0.1666666671875 0.7080078125 0.1692708328125 0.7509765625 0.1731770828125 0.7578125
1 0.3606770828125 0.736328125 0.39453125 0.736328125 0.4440104171875 0.732421875 0.4479166671875 0.7294921875 0.4505208328125 0.7236328125 0.4505208328125 0.7119140625 0.4479166671875 0.6630859375 0.4466145828125 0.662109375 0.35546875 0.666015625 0.3541666671875 0.6669921875 0.3541666671875 0.7333984375 0.35546875 0.734375 0.3606770828125 0.736328125
1 0.5690104171875 0.751953125 0.58203125 0.75390625 0.6184895828125 0.75390625 0.6497395828125 0.751953125 0.6536458328125 0.7490234375 0.6536458328125 0.7001953125 0.6510416671875 0.6826171875 0.6497395828125 0.681640625 0.5638020828125 0.681640625 0.5598958328125 0.6845703125 0.5598958328125 0.6904296875 0.5651041671875 0.7490234375 0.5690104171875 0.751953125
1 0.4609375 0.7509765625 0.4622395828125 0.751953125 0.52734375 0.751953125 0.5403645828125 0.75 0.5455729171875 0.748046875 0.5494791671875 0.7431640625 0.546875 0.6806640625 0.5455729171875 0.6796875 0.5325520828125 0.6796875 0.4596354171875 0.681640625 0.4557291671875 0.6845703125 0.4557291671875 0.6923828125 0.4583333328125 0.7353515625 0.4609375 0.7509765625
1 0.6692708328125 0.7451171875 0.6731770828125 0.748046875 0.7200520828125 0.748046875 0.7239583328125 0.7451171875 0.7239583328125 0.7412109375 0.71875 0.6806640625 0.71484375 0.677734375 0.6653645828125 0.677734375 0.6640625 0.6787109375 0.6640625 0.7216796875 0.6666666671875 0.7412109375 0.6692708328125 0.7451171875