0 0 0.5771484375 0.0052083328125 0.6513671875 0.0208333328125 0.7998046875 0.0234375 0.8134765625 0.0260416671875 0.8193359375 0.0325520828125 0.822265625 0.06640625 0.826171875 0.1028645828125 0.828125 0.11328125 0.82421875 0.1197916671875 0.8173828125 0.1197916671875 0.8017578125 0.109375 0.6669921875 0.07291666718749999 0.2841796875 0.06770833281250001 0.2744140625 0.05859375 0.265625 0.01953125 0.259765625 0.009114582812499999 0.259765625 0.0052083328125 0.2666015625 0 0.2841796875 0 0.5771484375
0 0.125 0.8232421875 0.1315104171875 0.826171875 0.1861979171875 0.83203125 0.20182291718749998 0.83203125 0.20572916718749998 0.8291015625 0.2708333328125 0.2841796875 0.2643229171875 0.28125 0.25390625 0.279296875 0.20182291718749998 0.27734375 0.08203125 0.279296875 0.07552083281250001 0.2841796875 0.07552083281250001 0.2939453125 0.1223958328125 0.8173828125 0.125 0.8232421875
0 0.2109375 0.8369140625 0.22005208281250002 0.84375 0.23567708281250002 0.84765625 0.2591145828125 0.849609375 0.2799479171875 0.849609375 0.2981770828125 0.84765625 0.3072916671875 0.8427734375 0.3125 0.8330078125 0.3125 0.7958984375 0.2942708328125 0.2978515625 0.28515625 0.29296875 0.1888020828125 0.29296875 0.17578125 0.296875 0.171875 0.2998046875 0.1692708328125 0.3056640625 0.1692708328125 0.3115234375 0.20833333281250002 0.8271484375 0.2109375 0.8369140625
0 0.3177083328125 0.8447265625 0.3203125 0.8486328125 0.3268229171875 0.8515625 0.3528645828125 0.85546875 0.36328125 0.85546875 0.38671875 0.853515625 0.3919270828125 0.8515625 0.3958333328125 0.8486328125 0.4010416671875 0.8408203125 0.4010416671875 0.5263671875 0.3958333328125 0.3056640625 0.3893229171875 0.298828125 0.3841145828125 0.296875 0.3684895828125 0.294921875 0.30078125 0.296875 0.2942708328125 0.3017578125 0.2916666671875 0.3056640625 0.2942708328125 0.3994140625 0.3046875 0.6357421875 0.3177083328125 0.8447265625
0 0.40625 0.8447265625 0.4127604171875 0.84765625 0.4231770828125 0.849609375 0.4622395828125 0.8515625 0.4661458328125 0.8486328125 0.46875 0.8232421875 0.4791666671875 0.2626953125 0.47265625 0.2578125 0.40234375 0.2578125 0.4010416671875 0.2587890625 0.3984375 0.2978515625 0.3984375 0.3466796875 0.4036458328125 0.8369140625 0.40625 0.8447265625
0 0.4765625 0.8583984375 0.48828125 0.8671875 0.5247395828125 0.873046875 0.5690104171875 0.875 0.5768229171875 0.873046875 0.5833333328125 0.8662109375 0.6015625 0.7392578125 0.6458333328125 0.2861328125 0.6458333328125 0.2607421875 0.6432291671875 0.2568359375 0.6341145828125 0.25 0.6236979171875 0.24609375 0.4986979171875 0.244140625 0.4856770828125 0.25 0.4817708328125 0.2587890625 0.4791666671875 0.3583984375 0.4713541671875 0.7119140625 0.4713541671875 0.7939453125 0.4739583328125 0.8544921875 0.4765625 0.8583984375
1 0.014322917187500001 0.689453125 0.0481770828125 0.693359375 0.09244791718749999 0.693359375 0.1028645828125 0.689453125 0.109375 0.6845703125 0.1067708328125 0.6435546875 0.10546875 0.642578125 0.009114582812499999 0.640625 0.0052083328125 0.6435546875 0.0078125 0.6708984375 0.010416667187500001 0.6865234375 0.014322917187500001 0.689453125
1 0.11328125 0.689453125 0.1393229171875 0.693359375 0.16796875 0.6953125 0.1940104171875 0.6953125 0.1979166671875 0.6923828125 0.1979166671875 0.6513671875 0.1940104171875 0.6484375 0.1080729171875 0.642578125 0.1067708328125 0.6435546875 0.1067708328125 0.6494140625 0.109375 0.6806640625 0.11328125 0.689453125
1 0.20182291718749998 0.703125 0.20703125 0.705078125 0.24088541718749998 0.708984375 0.29296875 0.708984375 0.30078125 0.70703125 0.3072916671875 0.7021484375 0.3072916671875 0.6650390625 0.3033854171875 0.658203125 0.19921875 0.65625 0.1979166671875 0.6572265625 0.1979166671875 0.6669921875 0.20052083281250002 0.7021484375 0.20182291718749998 0.703125
1 0.3294270828125 0.716796875 0.3841145828125 0.716796875 0.3919270828125 0.71484375 0.3984375 0.7099609375 0.4010416671875 0.7060546875 0.4010416671875 0.6611328125 0.3997395828125 0.66015625 0.3111979171875 0.666015625 0.3098958328125 0.6669921875 0.3098958328125 0.7080078125 0.31640625 0.71484375 0.3294270828125 0.716796875
1 0.43359375 0.716796875 0.46484375 0.716796875 0.46875 0.7138671875 0.4713541671875 0.6904296875 0.4713541671875 0.6728515625 0.4674479171875 0.669921875 0.4049479171875 0.666015625 0.4036458328125 0.6669921875 0.4036458328125 0.7119140625 0.4075520828125 0.71484375 0.43359375 0.716796875
1 0.48828125 0.7265625 0.58203125 0.736328125 0.5911458328125 0.7314453125 0.59375 0.7275390625 0.5963541671875 0.7041015625 0.5963541671875 0.6865234375 0.5924479171875 0.68359375 0.4778645828125 0.673828125 0.4739583328125 0.6767578125 0.4739583328125 0.7197265625 0.48046875 0.724609375 0.48828125 0.7265625