0 0.07421875 0.783203125 0.1158854171875 0.783203125 0.1236979171875 0.78125 0.1276041671875 0.7763671875 0.1302083328125 0.7412109375 0.140625 0.2041015625 0.140625 0.1474609375 0.1380208328125 0.1416015625 0.1315104171875 0.138671875 0.0455729171875 0.13671875 0.0416666671875 0.1396484375 0.0390625 0.1435546875 0.0390625 0.7763671875 0.0455729171875 0.78125 0.07421875 0.783203125
0 0.1861979171875 0.783203125 0.19140625 0.78125 0.1979166671875 0.7763671875 0.2864583328125 0.1591796875 0.2864583328125 0.1533203125 0.2734375 0.1376953125 0.22395833281250002 0.0908203125 0.20963541718749998 0.080078125 0.19921875 0.07421875 0.1705729171875 0.07421875 0.1549479171875 0.076171875 0.1471354171875 0.078125 0.1432291671875 0.0830078125 0.140625 0.1337890625 0.1328125 0.5654296875 0.1302083328125 0.7783203125 0.1341145828125 0.78125 0.14453125 0.783203125 0.1861979171875 0.783203125
0 0.2799479171875 0.77734375 0.2890625 0.7724609375 0.2916666671875 0.7197265625 0.296875 0.5185546875 0.2994791671875 0.1748046875 0.29296875 0.16796875 0.2825520828125 0.1640625 0.26953125 0.162109375 0.22526041718749998 0.1640625 0.21614583281250002 0.1689453125 0.2109375 0.1806640625 0.20833333281250002 0.2216796875 0.203125 0.5556640625 0.20052083281250002 0.7685546875 0.20442708281250002 0.7734375 0.21744791718749998 0.77734375 0.2799479171875 0.77734375
0 0.3658854171875 0.78125 0.3723958328125 0.7744140625 0.4036458328125 0.1669921875 0.4036458328125 0.1611328125 0.3880208328125 0.1357421875 0.3841145828125 0.1328125 0.37109375 0.12890625 0.31640625 0.12890625 0.3046875 0.1337890625 0.3020833328125 0.1728515625 0.2994791671875 0.2763671875 0.2942708328125 0.6025390625 0.2916666671875 0.7724609375 0.2981770828125 0.779296875 0.30859375 0.78125 0.3658854171875 0.78125
0 0.4205729171875 0.7890625 0.4778645828125 0.7890625 0.4986979171875 0.787109375 0.50390625 0.78515625 0.5104166671875 0.7783203125 0.5130208328125 0.7607421875 0.5286458328125 0.1923828125 0.5286458328125 0.1806640625 0.5247395828125 0.171875 0.5143229171875 0.169921875 0.46484375 0.166015625 0.4309895828125 0.166015625 0.3971354171875 0.171875 0.3919270828125 0.173828125 0.3854166671875 0.1787109375 0.3828125 0.2880859375 0.375 0.7041015625 0.375 0.7783203125 0.38671875 0.783203125 0.4205729171875 0.7890625
0 0.5299479171875 0.791015625 0.55078125 0.79296875 0.5768229171875 0.79296875 0.5950520828125 0.791015625 0.6028645828125 0.7890625 0.609375 0.7841796875 0.6119791671875 0.7802734375 0.6145833328125 0.7412109375 0.640625 0.1455078125 0.640625 0.1103515625 0.6354166671875 0.0986328125 0.6263020828125 0.09375 0.5950520828125 0.091796875 0.55859375 0.091796875 0.5403645828125 0.09375 0.53125 0.0986328125 0.5182291671875 0.5634765625 0.515625 0.6904296875 0.515625 0.7841796875 0.5221354171875 0.7890625 0.5299479171875 0.791015625
0 0.62890625 0.783203125 0.640625 0.7802734375 0.6432291671875 0.7705078125 0.6458333328125 0.7412109375 0.6666666671875 0.2138671875 0.6666666671875 0.2041015625 0.66015625 0.197265625 0.6419270828125 0.197265625 0.6354166671875 0.2021484375 0.6328125 0.2197265625 0.6197916671875 0.5107421875 0.6119791671875 0.7353515625 0.6119791671875 0.7783203125 0.6184895828125 0.783203125 0.62890625 0.783203125
1 0.06380208281250001 0.615234375 0.1263020828125 0.615234375 0.1302083328125 0.6123046875 0.1328125 0.5615234375 0.1263020828125 0.556640625 0.04296875 0.556640625 0.0416666671875 0.5576171875 0.0416666671875 0.6123046875 0.04296875 0.61328125 0.06380208281250001 0.615234375
1 0.1888020828125 0.611328125 0.19921875 0.609375 0.203125 0.6064453125 0.203125 0.5537109375 0.20182291718749998 0.552734375 0.1471354171875 0.552734375 0.1354166671875 0.5556640625 0.1328125 0.5791015625 0.1328125 0.6083984375 0.13671875 0.611328125 0.1888020828125 0.611328125
1 0.2903645828125 0.6015625 0.2916666671875 0.6005859375 0.2942708328125 0.5771484375 0.2942708328125 0.5478515625 0.2903645828125 0.544921875 0.20703125 0.544921875 0.20572916718749998 0.5458984375 0.203125 0.5732421875 0.203125 0.5966796875 0.20703125 0.6015625 0.2903645828125 0.6015625
1 0.3736979171875 0.607421875 0.3776041671875 0.6044921875 0.3776041671875 0.5517578125 0.3763020828125 0.55078125 0.2981770828125 0.55078125 0.296875 0.5517578125 0.296875 0.6044921875 0.30078125 0.607421875 0.3736979171875 0.607421875
1 0.4127604171875 0.607421875 0.5013020828125 0.607421875 0.515625 0.6044921875 0.5182291671875 0.5537109375 0.5143229171875 0.548828125 0.3815104171875 0.548828125 0.3802083328125 0.5498046875 0.3776041671875 0.6005859375 0.3815104171875 0.603515625 0.38671875 0.60546875 0.4127604171875 0.607421875
1 0.5455729171875 0.611328125 0.61328125 0.611328125 0.6171875 0.6083984375 0.6171875 0.5537109375 0.6158854171875 0.552734375 0.5247395828125 0.55078125 0.5208333328125 0.5517578125 0.5182291671875 0.5634765625 0.5182291671875 0.6044921875 0.5221354171875 0.609375 0.5455729171875 0.611328125
1 0.6471354171875 0.609375 0.6484375 0.6083984375 0.6484375 0.5537109375 0.6315104171875 0.55078125 0.6236979171875 0.55078125 0.6197916671875 0.5537109375 0.6171875 0.5810546875 0.6171875 0.6064453125 0.62109375 0.609375 0.6471354171875 0.609375