0 0 0.2861328125 0.0026041671875 0.3017578125 0.1223958328125 0.8720703125 0.125 0.8779296875 0.1315104171875 0.8828125 0.1705729171875 0.8828125 0.17578125 0.880859375 0.1822916671875 0.8759765625 0.1848958328125 0.8720703125 0.1848958328125 0.8603515625 0.1640625 0.7138671875 0.0703125 0.2060546875 0.06510416718749999 0.1943359375 0.06119791718749999 0.19140625 0.05078125 0.1875 0.0247395828125 0.1875 0.006510417187500001 0.189453125 0.0013020828125 0.19140625 0 0.1923828125 0 0.2861328125
0 0.1875 0.8701171875 0.1901041671875 0.8740234375 0.19921875 0.87890625 0.22526041718749998 0.880859375 0.24869791718749998 0.880859375 0.2565104171875 0.87890625 0.2630208328125 0.8740234375 0.2630208328125 0.8525390625 0.23177083281250002 0.6103515625 0.1744791671875 0.2060546875 0.1640625 0.1904296875 0.15234375 0.18359375 0.14453125 0.181640625 0.07942708281250001 0.193359375 0.07421875 0.1953125 0.07291666718749999 0.1962890625 0.07291666718749999 0.2080078125 0.08333333281250001 0.2724609375 0.1875 0.8701171875
0 0.2552083328125 0.7978515625 0.265625 0.8642578125 0.2708333328125 0.8818359375 0.2747395828125 0.884765625 0.3033854171875 0.884765625 0.3190104171875 0.880859375 0.3255208328125 0.8759765625 0.3255208328125 0.8505859375 0.3229166671875 0.8134765625 0.3125 0.6962890625 0.2942708328125 0.5244140625 0.2526041671875 0.1787109375 0.24869791718749998 0.173828125 0.1809895828125 0.173828125 0.1796875 0.1748046875 0.1744791671875 0.1826171875 0.1744791671875 0.1982421875 0.1822916671875 0.2666015625 0.2552083328125 0.7978515625
0 0.4322916671875 0.8642578125 0.4388020828125 0.869140625 0.4466145828125 0.87109375 0.4778645828125 0.87109375 0.4830729171875 0.869140625 0.4869791671875 0.8642578125 0.4869791671875 0.8447265625 0.4817708328125 0.5712890625 0.4713541671875 0.2021484375 0.4700520828125 0.201171875 0.4153645828125 0.19921875 0.4075520828125 0.201171875 0.4036458328125 0.2041015625 0.4010416671875 0.2080078125 0.4010416671875 0.2294921875 0.4244791671875 0.7451171875 0.4322916671875 0.8642578125
0 0.4895833328125 0.8662109375 0.49609375 0.869140625 0.5065104171875 0.87109375 0.5325520828125 0.87109375 0.54296875 0.8671875 0.546875 0.8642578125 0.5520833328125 0.8544921875 0.5572916671875 0.4169921875 0.5572916671875 0.2021484375 0.5546875 0.1962890625 0.55078125 0.193359375 0.5143229171875 0.193359375 0.4778645828125 0.1953125 0.4765625 0.1962890625 0.4739583328125 0.2021484375 0.4739583328125 0.3759765625 0.4869791671875 0.8564453125 0.4895833328125 0.8662109375
0 0.5690104171875 0.87109375 0.5768229171875 0.87109375 0.6080729171875 0.8671875 0.6145833328125 0.8603515625 0.6171875 0.8095703125 0.6276041671875 0.2724609375 0.6276041671875 0.2587890625 0.625 0.2509765625 0.6184895828125 0.24609375 0.5872395828125 0.24609375 0.56640625 0.248046875 0.5625 0.2509765625 0.5598958328125 0.2685546875 0.5546875 0.5322265625 0.5520833328125 0.8623046875 0.5546875 0.8662109375 0.5611979171875 0.869140625 0.5690104171875 0.87109375
0 0.6315104171875 0.873046875 0.64453125 0.873046875 0.6575520828125 0.869140625 0.6640625 0.8642578125 0.6666666671875 0.8603515625 0.671875 0.7744140625 0.6953125 0.2197265625 0.6927083328125 0.2119140625 0.6783854171875 0.20703125 0.6575520828125 0.20703125 0.6393229171875 0.208984375 0.6315104171875 0.2109375 0.625 0.2158203125 0.6145833328125 0.8544921875 0.6171875 0.8642578125 0.62109375 0.8671875 0.6315104171875 0.873046875
0 0.71484375 0.869140625 0.7252604171875 0.869140625 0.7408854171875 0.8671875 0.7486979171875 0.865234375 0.7565104171875 0.861328125 0.7604166671875 0.8583984375 0.7630208328125 0.8505859375 0.8151041671874999 0.2412109375 0.8151041671874999 0.2294921875 0.8125 0.2216796875 0.8059895828125001 0.216796875 0.7096354171875 0.21484375 0.69921875 0.216796875 0.6953125 0.2197265625 0.6901041671875 0.2958984375 0.671875 0.6591796875 0.6692708328125 0.8583984375 0.67578125 0.865234375 0.68359375 0.8671875 0.71484375 0.869140625
0 0.86328125 0.86328125 0.8841145828125001 0.859375 0.890625 0.8544921875 0.8932291671874999 0.8427734375 0.9166666671874999 0.6787109375 0.9453125 0.4580078125 0.9739583328125001 0.2197265625 0.9713541671874999 0.2158203125 0.96484375 0.212890625 0.94921875 0.2109375 0.8893229171874999 0.208984375 0.8580729171874999 0.2109375 0.8190104171874999 0.220703125 0.8151041671874999 0.2236328125 0.8177083328125001 0.8583984375 0.8268229171874999 0.86328125 0.86328125 0.86328125
1 0.1263020828125 0.71484375 0.1419270828125 0.712890625 0.15234375 0.7109375 0.1614583328125 0.7060546875 0.1588541671875 0.6806640625 0.1536458328125 0.6552734375 0.1497395828125 0.65234375 0.08723958281250001 0.658203125 0.08333333281250001 0.6611328125 0.09375 0.7099609375 0.1002604171875 0.71484375 0.1263020828125 0.71484375
1 0.16796875 0.712890625 0.17578125 0.71484375 0.20703125 0.71484375 0.24088541718749998 0.712890625 0.2421875 0.7119140625 0.2421875 0.6865234375 0.23697916718749998 0.6572265625 0.23567708281250002 0.65625 0.1575520828125 0.65625 0.15625 0.6572265625 0.15625 0.6669921875 0.1640625 0.7060546875 0.16796875 0.712890625
1 0.24869791718749998 0.716796875 0.26171875 0.71875 0.2877604171875 0.716796875 0.3059895828125 0.712890625 0.3125 0.7080078125 0.3098958328125 0.6728515625 0.3072916671875 0.6552734375 0.3059895828125 0.654296875 0.24088541718749998 0.66015625 0.23697916718749998 0.6630859375 0.23697916718749998 0.6650390625 0.24479166718749998 0.7138671875 0.24869791718749998 0.716796875
1 0.3151041671875 0.7060546875 0.3190104171875 0.708984375 0.3268229171875 0.7109375 0.3684895828125 0.708984375 0.3971354171875 0.705078125 0.4127604171875 0.701171875 0.421875 0.6962890625 0.421875 0.6455078125 0.41796875 0.642578125 0.3111979171875 0.65234375 0.3098958328125 0.6533203125 0.3098958328125 0.6748046875 0.3125 0.6962890625 0.3151041671875 0.7060546875
1 0.4596354171875 0.705078125 0.48046875 0.701171875 0.4817708328125 0.7001953125 0.4817708328125 0.6474609375 0.4778645828125 0.646484375 0.42578125 0.650390625 0.4244791671875 0.6513671875 0.4244791671875 0.7021484375 0.4283854171875 0.705078125 0.4596354171875 0.705078125
1 0.51171875 0.705078125 0.5299479171875 0.703125 0.5481770828125 0.69921875 0.5520833328125 0.6962890625 0.5520833328125 0.6455078125 0.55078125 0.64453125 0.5455729171875 0.64453125 0.4856770828125 0.6484375 0.484375 0.6494140625 0.484375 0.7021484375 0.48828125 0.705078125 0.51171875 0.705078125
1 0.6028645828125 0.705078125 0.61328125 0.703125 0.6171875 0.7001953125 0.6171875 0.6494140625 0.6158854171875 0.6484375 0.55859375 0.6484375 0.5546875 0.6513671875 0.5546875 0.7021484375 0.55859375 0.705078125 0.6028645828125 0.705078125
1 0.66015625 0.705078125 0.66796875 0.703125 0.6692708328125 0.7021484375 0.671875 0.6513671875 0.6705729171875 0.650390625 0.6236979171875 0.6484375 0.6197916671875 0.6513671875 0.6197916671875 0.7021484375 0.6263020828125 0.705078125 0.66015625 0.705078125
1 0.6888020828125 0.70703125 0.75390625 0.705078125 0.7669270828125 0.703125 0.7734375 0.7001953125 0.7786458328125 0.6552734375 0.7786458328125 0.6513671875 0.7747395828125 0.6484375 0.6731770828125 0.65234375 0.671875 0.6533203125 0.671875 0.7041015625 0.6731770828125 0.705078125 0.6888020828125 0.70703125
1 0.81640625 0.705078125 0.82421875 0.703125 0.828125 0.6943359375 0.8307291671874999 0.6533203125 0.8268229171874999 0.650390625 0.7799479171875 0.650390625 0.7786458328125 0.6513671875 0.7760416671875 0.6689453125 0.7760416671875 0.7021484375 0.7825520828125 0.705078125 0.81640625 0.705078125
1 0.84765625 0.703125 0.8658854171874999 0.703125 0.8919270828125001 0.701171875 0.9075520828125001 0.69921875 0.9140625 0.6943359375 0.9192708328125001 0.6572265625 0.9192708328125001 0.6474609375 0.91796875 0.646484375 0.8346354171874999 0.6484375 0.8333333328125001 0.6494140625 0.8307291671874999 0.6650390625 0.8307291671874999 0.7001953125 0.83203125 0.701171875 0.84765625 0.703125