0 0 0.5693359375 0.0026041671875 0.6162109375 0.0234375 0.8369140625 0.03125 0.9013671875 0.0338541671875 0.9130859375 0.0403645828125 0.91796875 0.0455729171875 0.919921875 0.05598958281250001 0.921875 0.1106770828125 0.921875 0.1236979171875 0.919921875 0.1341145828125 0.916015625 0.1380208328125 0.9130859375 0.1380208328125 0.8916015625 0.1015625 0.3935546875 0.09244791718749999 0.390625 0.08723958281250001 0.390625 0.009114582812499999 0.3984375 0.0013020828125 0.40234375 0 0.4033203125 0 0.5693359375
0 0.1354166671875 0.8505859375 0.1432291671875 0.9169921875 0.1458333328125 0.9208984375 0.1575520828125 0.927734375 0.1783854171875 0.931640625 0.20442708281250002 0.931640625 0.26171875 0.92578125 0.2799479171875 0.921875 0.2890625 0.9150390625 0.2916666671875 0.9091796875 0.2942708328125 0.8779296875 0.2864583328125 0.5146484375 0.2838541671875 0.4521484375 0.2786458328125 0.4013671875 0.2721354171875 0.396484375 0.11328125 0.392578125 0.1106770828125 0.392578125 0.1067708328125 0.3955078125 0.1041666671875 0.4013671875 0.1041666671875 0.4658203125 0.1067708328125 0.5048828125 0.1354166671875 0.8505859375
0 0.3059895828125 0.91015625 0.31640625 0.912109375 0.3450520828125 0.912109375 0.36328125 0.91015625 0.3671875 0.9072265625 0.3645833328125 0.5693359375 0.359375 0.3740234375 0.32421875 0.365234375 0.3138020828125 0.365234375 0.2955729171875 0.373046875 0.2786458328125 0.3837890625 0.2760416671875 0.3935546875 0.296875 0.8955078125 0.2994791671875 0.9052734375 0.3059895828125 0.91015625
0 0.3802083328125 0.9052734375 0.3893229171875 0.91015625 0.4361979171875 0.91015625 0.4466145828125 0.90625 0.453125 0.9013671875 0.4557291671875 0.8818359375 0.4557291671875 0.5869140625 0.453125 0.4462890625 0.4479166671875 0.3330078125 0.4440104171875 0.328125 0.43359375 0.326171875 0.3684895828125 0.318359375 0.3619791671875 0.3232421875 0.3619791671875 0.3818359375 0.3776041671875 0.8740234375 0.3802083328125 0.9052734375
0 0.4622395828125 0.89453125 0.4830729171875 0.8984375 0.5377604171875 0.8984375 0.546875 0.8916015625 0.5520833328125 0.8681640625 0.5546875 0.8095703125 0.5651041671875 0.3818359375 0.5651041671875 0.3154296875 0.5559895828125 0.310546875 0.4596354171875 0.310546875 0.4518229171875 0.3125 0.4505208328125 0.3134765625 0.4505208328125 0.3193359375 0.4583333328125 0.8916015625 0.4622395828125 0.89453125
0 0.5846354171875 0.8984375 0.6028645828125 0.8984375 0.62890625 0.89453125 0.6419270828125 0.890625 0.6484375 0.8837890625 0.65625 0.7646484375 0.6744791671875 0.4150390625 0.6744791671875 0.3662109375 0.6731770828125 0.365234375 0.66796875 0.36328125 0.58984375 0.361328125 0.5768229171875 0.36328125 0.5677083328125 0.3701171875 0.5625 0.4677734375 0.5572916671875 0.7197265625 0.5572916671875 0.8916015625 0.5638020828125 0.896484375 0.5846354171875 0.8984375
0 0.7174479171875 0.884765625 0.7278645828125 0.8828125 0.7395833328125 0.8740234375 0.7473958328125 0.8583984375 0.75 0.8447265625 0.7838541671875 0.3974609375 0.7864583328125 0.3466796875 0.7838541671875 0.3427734375 0.77734375 0.33984375 0.6966145828125 0.33984375 0.6549479171875 0.34375 0.6510416671875 0.3466796875 0.6536458328125 0.8798828125 0.6627604171875 0.884765625 0.7174479171875 0.884765625
1 0.0221354171875 0.78125 0.1106770828125 0.78125 0.1236979171875 0.779296875 0.1276041671875 0.7763671875 0.1276041671875 0.7490234375 0.125 0.7353515625 0.1236979171875 0.734375 0.0169270828125 0.736328125 0.015625 0.7373046875 0.015625 0.7451171875 0.0182291671875 0.7705078125 0.0221354171875 0.78125
1 0.1393229171875 0.783203125 0.1471354171875 0.78515625 0.21744791718749998 0.78515625 0.2513020828125 0.783203125 0.2721354171875 0.78125 0.28515625 0.77734375 0.2890625 0.7744140625 0.2890625 0.7353515625 0.28515625 0.732421875 0.13671875 0.73828125 0.1328125 0.7412109375 0.1328125 0.7646484375 0.1354166671875 0.7802734375 0.1393229171875 0.783203125
1 0.3059895828125 0.779296875 0.3424479171875 0.779296875 0.3606770828125 0.77734375 0.3619791671875 0.7763671875 0.3645833328125 0.7724609375 0.3645833328125 0.7373046875 0.3606770828125 0.734375 0.2955729171875 0.734375 0.2942708328125 0.7353515625 0.2942708328125 0.7724609375 0.2981770828125 0.77734375 0.3059895828125 0.779296875
1 0.4388020828125 0.779296875 0.44921875 0.77734375 0.4557291671875 0.7724609375 0.4557291671875 0.7294921875 0.4544270828125 0.728515625 0.37890625 0.734375 0.3776041671875 0.7353515625 0.3776041671875 0.7763671875 0.3815104171875 0.779296875 0.4388020828125 0.779296875
1 0.46484375 0.76171875 0.4778645828125 0.763671875 0.5299479171875 0.763671875 0.55078125 0.759765625 0.5546875 0.7568359375 0.5572916671875 0.7197265625 0.5533854171875 0.716796875 0.4596354171875 0.716796875 0.4583333328125 0.7177734375 0.4557291671875 0.7431640625 0.4583333328125 0.7587890625 0.4596354171875 0.759765625 0.46484375 0.76171875
1 0.5690104171875 0.763671875 0.6028645828125 0.763671875 0.6263020828125 0.76171875 0.6497395828125 0.7578125 0.65625 0.7529296875 0.6588541671875 0.7177734375 0.6549479171875 0.712890625 0.55859375 0.716796875 0.5572916671875 0.7177734375 0.5572916671875 0.7587890625 0.5611979171875 0.76171875 0.5690104171875 0.763671875
1 0.6731770828125 0.75390625 0.7330729171875 0.75390625 0.7486979171875 0.751953125 0.7552083328125 0.7490234375 0.7578125 0.7353515625 0.7578125 0.7080078125 0.7565104171875 0.70703125 0.66015625 0.70703125 0.6588541671875 0.7080078125 0.6588541671875 0.7470703125 0.6653645828125 0.751953125 0.6731770828125 0.75390625