0 0 0.5263671875 0.010416667187500001 0.5830078125 0.0390625 0.7138671875 0.0416666671875 0.7197265625 0.0481770828125 0.72265625 0.07942708281250001 0.72265625 0.09375 0.7177734375 0.09635416718749999 0.7138671875 0.09635416718749999 0.7080078125 0.06770833281250001 0.3056640625 0.05729166718749999 0.2490234375 0.0403645828125 0.2421875 0.0247395828125 0.23828125 0.0013020828125 0.23828125 0 0.2392578125 0 0.5263671875
0 0.1276041671875 0.6767578125 0.1354166671875 0.7138671875 0.1393229171875 0.71875 0.16015625 0.720703125 0.1731770828125 0.720703125 0.19140625 0.71875 0.20182291718749998 0.71484375 0.20833333281250002 0.7099609375 0.20833333281250002 0.6845703125 0.1979166671875 0.5849609375 0.1536458328125 0.2353515625 0.1419270828125 0.232421875 0.06640625 0.232421875 0.06119791718749999 0.234375 0.05989583281250001 0.2353515625 0.05989583281250001 0.2490234375 0.0625 0.2705078125 0.1276041671875 0.6767578125
0 0.2109375 0.7099609375 0.21744791718749998 0.71484375 0.22786458281250002 0.716796875 0.24088541718749998 0.71484375 0.25 0.7099609375 0.25 0.6728515625 0.22916666718749998 0.4267578125 0.2109375 0.2529296875 0.20833333281250002 0.2431640625 0.19921875 0.236328125 0.1888020828125 0.234375 0.1783854171875 0.234375 0.16015625 0.236328125 0.15625 0.2392578125 0.1536458328125 0.2451171875 0.1536458328125 0.2490234375 0.20833333281250002 0.6943359375 0.2109375 0.7099609375
0 0.2526041671875 0.6982421875 0.2552083328125 0.7119140625 0.2591145828125 0.71484375 0.2955729171875 0.71484375 0.3111979171875 0.7109375 0.3177083328125 0.7060546875 0.3177083328125 0.5908203125 0.2994791671875 0.2509765625 0.296875 0.2275390625 0.29296875 0.224609375 0.24088541718749998 0.224609375 0.21223958281250002 0.2265625 0.2109375 0.2275390625 0.2109375 0.2548828125 0.21875 0.3505859375 0.2526041671875 0.6982421875
0 0.3229166671875 0.7021484375 0.3294270828125 0.70703125 0.37109375 0.70703125 0.4075520828125 0.703125 0.4127604171875 0.701171875 0.4192708328125 0.6943359375 0.4244791671875 0.2138671875 0.4205729171875 0.2109375 0.3111979171875 0.2109375 0.3046875 0.2138671875 0.2994791671875 0.2216796875 0.2994791671875 0.2861328125 0.3177083328125 0.6357421875 0.3229166671875 0.7021484375
0 0.43359375 0.70703125 0.4544270828125 0.7109375 0.4778645828125 0.7109375 0.49609375 0.705078125 0.5 0.7021484375 0.5026041671875 0.6943359375 0.5390625 0.2548828125 0.5286458328125 0.2353515625 0.5091145828125 0.228515625 0.4283854171875 0.23046875 0.4244791671875 0.2333984375 0.421875 0.2392578125 0.421875 0.6962890625 0.4270833328125 0.7041015625 0.43359375 0.70703125
0 0.53515625 0.705078125 0.5872395828125 0.69921875 0.59375 0.6962890625 0.5963541671875 0.6904296875 0.6432291671875 0.2255859375 0.6432291671875 0.2021484375 0.62890625 0.19921875 0.55078125 0.197265625 0.5143229171875 0.201171875 0.50390625 0.205078125 0.5 0.2080078125 0.4973958328125 0.2138671875 0.5104166671875 0.6982421875 0.51953125 0.705078125 0.53515625 0.705078125
0 0.6184895828125 0.697265625 0.6263020828125 0.697265625 0.6731770828125 0.685546875 0.6796875 0.6826171875 0.6822916671875 0.6787109375 0.6901041671875 0.6376953125 0.7526041671875 0.2548828125 0.7552083328125 0.2275390625 0.7552083328125 0.2041015625 0.7486979171875 0.201171875 0.6783854171875 0.19921875 0.6471354171875 0.201171875 0.6458333328125 0.2021484375 0.6223958328125 0.4150390625 0.6015625 0.6259765625 0.5989583328125 0.6572265625 0.5989583328125 0.6865234375 0.60546875 0.69140625 0.6184895828125 0.697265625
1 0.0221354171875 0.61328125 0.05859375 0.61328125 0.07161458281250001 0.611328125 0.078125 0.6083984375 0.07552083281250001 0.5849609375 0.07291666718749999 0.5751953125 0.06901041718749999 0.572265625 0.014322917187500001 0.57421875 0.013020832812499999 0.5751953125 0.013020832812499999 0.5888671875 0.0182291671875 0.6103515625 0.0221354171875 0.61328125
1 0.08203125 0.61328125 0.1106770828125 0.61328125 0.1158854171875 0.611328125 0.1171875 0.6103515625 0.1171875 0.5966796875 0.1145833328125 0.5810546875 0.1119791671875 0.5751953125 0.1106770828125 0.57421875 0.1028645828125 0.57421875 0.07682291718749999 0.576171875 0.07552083281250001 0.5771484375 0.07552083281250001 0.5849609375 0.08072916718749999 0.6123046875 0.08203125 0.61328125
1 0.12109375 0.611328125 0.1627604171875 0.611328125 0.1966145828125 0.607421875 0.1979166671875 0.6064453125 0.1979166671875 0.5908203125 0.1953125 0.5751953125 0.1888020828125 0.568359375 0.1158854171875 0.572265625 0.1119791671875 0.5751953125 0.1119791671875 0.5771484375 0.1171875 0.6083984375 0.12109375 0.611328125
1 0.23307291718749998 0.611328125 0.24088541718749998 0.609375 0.2421875 0.6083984375 0.2421875 0.5751953125 0.23828125 0.572265625 0.19921875 0.57421875 0.1953125 0.5771484375 0.20052083281250002 0.6103515625 0.20182291718749998 0.611328125 0.23307291718749998 0.611328125
1 0.24869791718749998 0.60546875 0.2955729171875 0.60546875 0.30859375 0.603515625 0.3151041671875 0.6005859375 0.3151041671875 0.5673828125 0.3111979171875 0.564453125 0.24609375 0.56640625 0.2421875 0.5693359375 0.2421875 0.5830078125 0.24479166718749998 0.6025390625 0.24869791718749998 0.60546875
1 0.39453125 0.599609375 0.4153645828125 0.59765625 0.4192708328125 0.5947265625 0.4192708328125 0.5615234375 0.41796875 0.560546875 0.3190104171875 0.5625 0.3151041671875 0.5654296875 0.3177083328125 0.5966796875 0.3216145828125 0.599609375 0.39453125 0.599609375
1 0.4986979171875 0.599609375 0.5078125 0.5947265625 0.5104166671875 0.5634765625 0.5065104171875 0.560546875 0.4231770828125 0.560546875 0.421875 0.5615234375 0.421875 0.5927734375 0.4283854171875 0.599609375 0.4986979171875 0.599609375
1 0.5247395828125 0.599609375 0.5403645828125 0.599609375 0.6002604171875 0.595703125 0.6041666671875 0.5927734375 0.6067708328125 0.5830078125 0.6067708328125 0.5595703125 0.60546875 0.55859375 0.51953125 0.55859375 0.5182291671875 0.5595703125 0.515625 0.5732421875 0.515625 0.5908203125 0.5182291671875 0.5947265625 0.5247395828125 0.599609375
1 0.6315104171875 0.59375 0.6888020828125 0.5859375 0.6979166671875 0.5830078125 0.703125 0.5576171875 0.703125 0.5498046875 0.7018229171875 0.548828125 0.6861979171875 0.548828125 0.6236979171875 0.5546875 0.6223958328125 0.5556640625 0.6197916671875 0.5732421875 0.6197916671875 0.5869140625 0.6263020828125 0.591796875 0.6315104171875 0.59375