0 0.1458333328125 0.8251953125 0.15234375 0.830078125 0.1888020828125 0.830078125 0.20963541718749998 0.828125 0.21744791718749998 0.826171875 0.22135416718749998 0.8212890625 0.22135416718749998 0.7978515625 0.1692708328125 0.3232421875 0.1666666671875 0.3154296875 0.1627604171875 0.310546875 0.07421875 0.310546875 0.07291666718749999 0.3115234375 0.0703125 0.3154296875 0.0703125 0.3427734375 0.1380208328125 0.7822265625 0.1458333328125 0.8251953125
0 0.22395833281250002 0.8212890625 0.22786458281250002 0.826171875 0.2825520828125 0.826171875 0.2864583328125 0.8212890625 0.2890625 0.3349609375 0.2890625 0.2998046875 0.2864583328125 0.2783203125 0.2721354171875 0.2734375 0.2513020828125 0.271484375 0.1861979171875 0.271484375 0.16796875 0.2734375 0.1666666671875 0.2744140625 0.1666666671875 0.2783203125 0.2109375 0.7099609375 0.22395833281250002 0.8212890625
0 0.2864583328125 0.8251953125 0.2890625 0.8349609375 0.2981770828125 0.841796875 0.3111979171875 0.84375 0.3268229171875 0.84375 0.3450520828125 0.841796875 0.3541666671875 0.8349609375 0.3567708328125 0.8271484375 0.3541666671875 0.7314453125 0.34375 0.5068359375 0.3359375 0.3642578125 0.3333333328125 0.3408203125 0.33203125 0.33984375 0.2903645828125 0.33984375 0.25390625 0.341796875 0.25 0.3447265625 0.24739583281250002 0.3564453125 0.25 0.3955078125 0.2734375 0.6884765625 0.2864583328125 0.8251953125
0 0.3658854171875 0.84375 0.3815104171875 0.84765625 0.4049479171875 0.849609375 0.4283854171875 0.849609375 0.4440104171875 0.84765625 0.4596354171875 0.84375 0.4661458328125 0.8349609375 0.46875 0.8232421875 0.4713541671875 0.6884765625 0.4739583328125 0.3427734375 0.47265625 0.341796875 0.3893229171875 0.33984375 0.33984375 0.33984375 0.3359375 0.3427734375 0.3359375 0.3603515625 0.359375 0.8369140625 0.3658854171875 0.84375
0 0.4830729171875 0.857421875 0.4934895828125 0.861328125 0.5247395828125 0.861328125 0.5325520828125 0.859375 0.5455729171875 0.853515625 0.5494791671875 0.8466796875 0.5572916671875 0.7177734375 0.5729166671875 0.3876953125 0.5729166671875 0.3447265625 0.56640625 0.341796875 0.5559895828125 0.33984375 0.48828125 0.33984375 0.48046875 0.341796875 0.4791666671875 0.3427734375 0.4765625 0.4052734375 0.4713541671875 0.7119140625 0.4739583328125 0.8447265625 0.4791666671875 0.8544921875 0.4830729171875 0.857421875
0 0.5611979171875 0.859375 0.5716145828125 0.86328125 0.5872395828125 0.865234375 0.6028645828125 0.865234375 0.6158854171875 0.86328125 0.62890625 0.859375 0.6354166671875 0.8525390625 0.640625 0.8115234375 0.6510416671875 0.6943359375 0.671875 0.4189453125 0.671875 0.3740234375 0.6653645828125 0.3671875 0.6028645828125 0.353515625 0.5950520828125 0.353515625 0.578125 0.3662109375 0.5755208328125 0.3701171875 0.5729166671875 0.3876953125 0.5520833328125 0.8134765625 0.5520833328125 0.8486328125 0.5546875 0.8544921875 0.5611979171875 0.859375
0 0.6497395828125 0.861328125 0.66015625 0.865234375 0.6940104171875 0.865234375 0.7044270828125 0.86328125 0.71484375 0.859375 0.7213541671875 0.8525390625 0.7239583328125 0.8427734375 0.7473958328125 0.6552734375 0.7734375 0.4091796875 0.7760416671875 0.3798828125 0.7760416671875 0.3583984375 0.76953125 0.3515625 0.7044270828125 0.34375 0.6002604171875 0.34375 0.5989583328125 0.3447265625 0.5989583328125 0.3486328125 0.6432291671875 0.8544921875 0.6497395828125 0.861328125
0 0.7434895828125 0.857421875 0.7669270828125 0.857421875 0.7799479171875 0.85546875 0.78515625 0.853515625 0.7942708328125 0.8466796875 0.7994791671875 0.8369140625 0.8359375 0.6044921875 0.8671875 0.3876953125 0.8671875 0.3681640625 0.8606770828125001 0.365234375 0.80078125 0.359375 0.7799479171875 0.359375 0.7760416671875 0.3681640625 0.7265625 0.8212890625 0.7265625 0.8466796875 0.73046875 0.8515625 0.7434895828125 0.857421875
0 0.8268229171874999 0.85546875 0.8450520828125001 0.85546875 0.8528645828125001 0.853515625 0.8580729171874999 0.8515625 0.8645833328125001 0.8466796875 0.8671875 0.8427734375 0.9479166671874999 0.3623046875 0.9479166671874999 0.3505859375 0.9440104171874999 0.34765625 0.9283854171874999 0.345703125 0.88671875 0.34375 0.8580729171874999 0.34375 0.84375 0.3466796875 0.8020833328125001 0.8232421875 0.8020833328125001 0.8447265625 0.8111979171874999 0.8515625 0.8268229171874999 0.85546875
0 1 0.3603515625 0.9908854171874999 0.35546875 0.9700520828125001 0.353515625 0.9596354171874999 0.35546875 0.9505208328125001 0.3623046875 0.8880208328125001 0.7099609375 0.8671875 0.8427734375 0.8697916671874999 0.8466796875 0.8763020828125001 0.8515625 0.8815104171874999 0.853515625 0.8893229171874999 0.85546875 0.91796875 0.85546875 0.92578125 0.853515625 0.9348958328125001 0.8466796875 0.9479166671874999 0.7900390625 0.9973958328125001 0.5380859375 1 0.5048828125 1 0.3603515625
1 0.12890625 0.69921875 0.1575520828125 0.69921875 0.1940104171875 0.697265625 0.20182291718749998 0.6953125 0.20833333281250002 0.6904296875 0.20833333281250002 0.6748046875 0.20572916718749998 0.6494140625 0.20442708281250002 0.6484375 0.1236979171875 0.654296875 0.1223958328125 0.6552734375 0.1223958328125 0.6708984375 0.1276041671875 0.6982421875 0.12890625 0.69921875
1 0.21484375 0.701171875 0.2721354171875 0.701171875 0.2734375 0.7001953125 0.2734375 0.6708984375 0.26953125 0.658203125 0.20963541718749998 0.658203125 0.20833333281250002 0.6591796875 0.20833333281250002 0.6826171875 0.2109375 0.6982421875 0.21484375 0.701171875
1 0.2799479171875 0.708984375 0.3033854171875 0.712890625 0.3216145828125 0.712890625 0.33984375 0.7109375 0.34765625 0.708984375 0.3515625 0.7060546875 0.3515625 0.6767578125 0.34765625 0.6640625 0.2747395828125 0.6640625 0.2734375 0.6650390625 0.2734375 0.6943359375 0.2760416671875 0.7060546875 0.2799479171875 0.708984375
1 0.3580729171875 0.712890625 0.3658854171875 0.71484375 0.44921875 0.71484375 0.4622395828125 0.712890625 0.4674479171875 0.7109375 0.4713541671875 0.7060546875 0.4713541671875 0.6708984375 0.4700520828125 0.669921875 0.3528645828125 0.669921875 0.3515625 0.6708984375 0.3515625 0.6982421875 0.3541666671875 0.7099609375 0.3580729171875 0.712890625
1 0.48046875 0.7265625 0.53515625 0.7265625 0.5481770828125 0.724609375 0.5572916671875 0.7197265625 0.5572916671875 0.6787109375 0.5559895828125 0.677734375 0.4752604171875 0.677734375 0.4739583328125 0.6787109375 0.4713541671875 0.7099609375 0.4739583328125 0.7236328125 0.4752604171875 0.724609375 0.48046875 0.7265625
1 0.63671875 0.728515625 0.64453125 0.7265625 0.6484375 0.7236328125 0.6510416671875 0.6943359375 0.6510416671875 0.6826171875 0.6497395828125 0.681640625 0.5768229171875 0.6796875 0.5611979171875 0.6796875 0.5598958328125 0.6806640625 0.5572916671875 0.7197265625 0.5638020828125 0.7265625 0.5794270828125 0.728515625 0.63671875 0.728515625
1 0.6653645828125 0.73046875 0.71484375 0.73046875 0.7330729171875 0.7265625 0.7395833328125 0.7216796875 0.7421875 0.7001953125 0.7421875 0.6806640625 0.7408854171875 0.6796875 0.65234375 0.681640625 0.6510416671875 0.6826171875 0.6484375 0.7080078125 0.6484375 0.7255859375 0.65234375 0.728515625 0.6653645828125 0.73046875
1 0.7591145828125 0.7265625 0.79296875 0.7265625 0.80859375 0.724609375 0.8177083328125001 0.7197265625 0.8229166671874999 0.6904296875 0.8229166671874999 0.6787109375 0.8216145828125001 0.677734375 0.74609375 0.677734375 0.7421875 0.6826171875 0.7395833328125 0.7060546875 0.7395833328125 0.7216796875 0.7434895828125 0.724609375 0.7591145828125 0.7265625
1 0.87109375 0.724609375 0.8815104171874999 0.72265625 0.8854166671874999 0.7197265625 0.8880208328125001 0.7138671875 0.8932291671874999 0.6787109375 0.8919270828125001 0.677734375 0.8268229171874999 0.677734375 0.8229166671874999 0.6806640625 0.8203125 0.6962890625 0.8177083328125001 0.7197265625 0.8216145828125001 0.72265625 0.8346354171874999 0.724609375 0.87109375 0.724609375
1 0.8997395828125001 0.724609375 0.94921875 0.724609375 0.9609375 0.7216796875 0.96875 0.6845703125 0.96875 0.6806640625 0.96484375 0.677734375 0.89453125 0.677734375 0.890625 0.6904296875 0.8880208328125001 0.7060546875 0.8880208328125001 0.7197265625 0.8919270828125001 0.72265625 0.8997395828125001 0.724609375