0 0.1341145828125 0.69921875 0.14453125 0.697265625 0.1484375 0.6943359375 0.1848958328125 0.1748046875 0.1796875 0.1630859375 0.1731770828125 0.158203125 0.16015625 0.15625 0.08203125 0.15625 0.06380208281250001 0.158203125 0.05598958281250001 0.16015625 0.046875 0.1669921875 0.0442708328125 0.1748046875 0.0416666671875 0.1943359375 0.0208333328125 0.5068359375 0.010416667187500001 0.6962890625 0.0169270828125 0.701171875 0.10546875 0.701171875 0.1341145828125 0.69921875
0 0.16796875 0.69921875 0.20442708281250002 0.69921875 0.24088541718749998 0.6953125 0.24869791718749998 0.693359375 0.2526041671875 0.6884765625 0.2552083328125 0.6787109375 0.2578125 0.5166015625 0.2552083328125 0.1845703125 0.24348958281250002 0.17578125 0.21744791718749998 0.17578125 0.19140625 0.177734375 0.1783854171875 0.181640625 0.1744791671875 0.1845703125 0.171875 0.1904296875 0.1666666671875 0.2294921875 0.1614583328125 0.3056640625 0.1510416671875 0.6044921875 0.1510416671875 0.6943359375 0.1575520828125 0.697265625 0.16796875 0.69921875
0 0.3111979171875 0.693359375 0.3346354171875 0.69140625 0.3411458328125 0.6884765625 0.3411458328125 0.4931640625 0.328125 0.1494140625 0.3216145828125 0.14453125 0.2747395828125 0.146484375 0.2643229171875 0.1484375 0.2604166671875 0.1513671875 0.2578125 0.1806640625 0.2552083328125 0.6865234375 0.2578125 0.6904296875 0.2643229171875 0.693359375 0.3111979171875 0.693359375
0 0.3411458328125 0.6689453125 0.34375 0.6845703125 0.3502604171875 0.689453125 0.35546875 0.69140625 0.4283854171875 0.689453125 0.4375 0.6865234375 0.4401041671875 0.6767578125 0.4401041671875 0.6533203125 0.4322916671875 0.4150390625 0.4192708328125 0.1533203125 0.4166666671875 0.1396484375 0.4075520828125 0.134765625 0.3763020828125 0.134765625 0.34765625 0.13671875 0.3372395828125 0.140625 0.3307291671875 0.1455078125 0.3307291671875 0.2705078125 0.3385416671875 0.6396484375 0.3411458328125 0.6689453125
0 0.4427083328125 0.6865234375 0.44921875 0.689453125 0.4934895828125 0.689453125 0.5104166671875 0.6865234375 0.5104166671875 0.6376953125 0.484375 0.1142578125 0.4817708328125 0.0888671875 0.4765625 0.0791015625 0.47265625 0.076171875 0.43359375 0.076171875 0.4231770828125 0.078125 0.4192708328125 0.0810546875 0.4166666671875 0.0849609375 0.4166666671875 0.1005859375 0.4401041671875 0.6806640625 0.4427083328125 0.6865234375
0 0.5104166671875 0.6787109375 0.5130208328125 0.6826171875 0.51953125 0.685546875 0.5638020828125 0.685546875 0.5768229171875 0.68359375 0.5807291671875 0.6806640625 0.5807291671875 0.6552734375 0.5442708328125 0.1083984375 0.5416666671875 0.0927734375 0.5377604171875 0.08984375 0.5143229171875 0.08984375 0.4934895828125 0.09375 0.4869791671875 0.0986328125 0.4869791671875 0.1494140625 0.4921875 0.2900390625 0.5104166671875 0.6787109375
0 0.5729166671875 0.5732421875 0.578125 0.6396484375 0.5833333328125 0.6806640625 0.5924479171875 0.685546875 0.6575520828125 0.685546875 0.6783854171875 0.68359375 0.6875 0.6787109375 0.6875 0.6474609375 0.6484375 0.0908203125 0.6419270828125 0.080078125 0.63671875 0.078125 0.62109375 0.076171875 0.5611979171875 0.076171875 0.5533854171875 0.078125 0.546875 0.0830078125 0.5442708328125 0.0888671875 0.5442708328125 0.1103515625 0.5520833328125 0.2470703125 0.5729166671875 0.5732421875
1 0.1549479171875 0.521484375 0.15625 0.5205078125 0.1588541671875 0.5029296875 0.1588541671875 0.4736328125 0.1549479171875 0.470703125 0.14453125 0.46875 0.09505208281250001 0.46875 0.05598958281250001 0.470703125 0.0299479171875 0.474609375 0.0234375 0.4794921875 0.0208333328125 0.5009765625 0.0208333328125 0.5244140625 0.0247395828125 0.52734375 0.1549479171875 0.521484375
1 0.2565104171875 0.517578125 0.2578125 0.5166015625 0.2578125 0.4697265625 0.2513020828125 0.46484375 0.20182291718749998 0.46484375 0.16796875 0.466796875 0.1588541671875 0.4697265625 0.15625 0.5166015625 0.16015625 0.51953125 0.1940104171875 0.51953125 0.2565104171875 0.517578125
1 0.29296875 0.513671875 0.33984375 0.51171875 0.3411458328125 0.5107421875 0.3385416671875 0.4619140625 0.3372395828125 0.4609375 0.3268229171875 0.458984375 0.26171875 0.4609375 0.2578125 0.4638671875 0.2578125 0.5126953125 0.2591145828125 0.513671875 0.29296875 0.513671875
1 0.43359375 0.5078125 0.4348958328125 0.5068359375 0.4322916671875 0.4580078125 0.4283854171875 0.455078125 0.35546875 0.455078125 0.3450520828125 0.45703125 0.3411458328125 0.4599609375 0.3411458328125 0.5068359375 0.3424479171875 0.5078125 0.43359375 0.5078125
1 0.4361979171875 0.509765625 0.45703125 0.509765625 0.5013020828125 0.5078125 0.5026041671875 0.5068359375 0.5026041671875 0.4697265625 0.5 0.4560546875 0.4986979171875 0.455078125 0.4518229171875 0.455078125 0.4361979171875 0.45703125 0.4322916671875 0.4599609375 0.4322916671875 0.4833984375 0.4348958328125 0.5087890625 0.4361979171875 0.509765625
1 0.5091145828125 0.505859375 0.56640625 0.501953125 0.5703125 0.4970703125 0.5677083328125 0.4560546875 0.5651041671875 0.4501953125 0.5611979171875 0.447265625 0.5559895828125 0.447265625 0.5091145828125 0.451171875 0.50390625 0.453125 0.5 0.4560546875 0.5026041671875 0.5009765625 0.5052083328125 0.5048828125 0.5091145828125 0.505859375
1 0.6731770828125 0.5 0.6744791671875 0.4990234375 0.6744791671875 0.4755859375 0.671875 0.4501953125 0.66796875 0.447265625 0.6393229171875 0.4453125 0.60546875 0.4453125 0.5794270828125 0.447265625 0.5690104171875 0.44921875 0.5677083328125 0.4501953125 0.5677083328125 0.4892578125 0.5716145828125 0.501953125 0.6731770828125 0.5