0 0.22395833281250002 0.8916015625 0.22786458281250002 0.89453125 0.23828125 0.89453125 0.3606770828125 0.884765625 0.3684895828125 0.8828125 0.375 0.8759765625 0.375 0.8662109375 0.3385416671875 0.2587890625 0.33203125 0.25390625 0.2903645828125 0.25 0.21484375 0.25 0.1861979171875 0.259765625 0.16796875 0.267578125 0.10546875 0.3046875 0.078125 0.3251953125 0.07291666718749999 0.3310546875 0.06510416718749999 0.3427734375 0.07291666718749999 0.3759765625 0.1875 0.7724609375 0.22395833281250002 0.8916015625
0 0.3802083328125 0.8798828125 0.3919270828125 0.888671875 0.3971354171875 0.890625 0.4153645828125 0.89453125 0.43359375 0.89453125 0.4544270828125 0.890625 0.4622395828125 0.88671875 0.46875 0.8818359375 0.4713541671875 0.8779296875 0.4713541671875 0.8310546875 0.4479166671875 0.3818359375 0.4401041671875 0.2998046875 0.4375 0.2802734375 0.4348958328125 0.2744140625 0.4309895828125 0.271484375 0.4205729171875 0.267578125 0.37890625 0.2578125 0.3502604171875 0.2578125 0.3463541671875 0.2607421875 0.3072916671875 0.3076171875 0.2994791671875 0.3212890625 0.296875 0.3291015625 0.296875 0.3369140625 0.3776041671875 0.8740234375 0.3802083328125 0.8798828125
0 0.4791666671875 0.8818359375 0.4856770828125 0.884765625 0.5768229171875 0.8828125 0.58203125 0.880859375 0.5885416671875 0.8759765625 0.5911458328125 0.8720703125 0.6276041671875 0.2802734375 0.6276041671875 0.2373046875 0.625 0.2314453125 0.62109375 0.228515625 0.61328125 0.2265625 0.4440104171875 0.2265625 0.4375 0.2314453125 0.4375 0.2412109375 0.4765625 0.8779296875 0.4791666671875 0.8818359375
0 0.61328125 0.888671875 0.62109375 0.890625 0.6341145828125 0.892578125 0.6653645828125 0.892578125 0.6731770828125 0.890625 0.6770833328125 0.8876953125 0.6822916671875 0.8759765625 0.6979166671875 0.7705078125 0.7135416671875 0.6474609375 0.7447916671875 0.3837890625 0.7447916671875 0.3642578125 0.7395833328125 0.3544921875 0.703125 0.3212890625 0.6809895828125 0.3046875 0.6653645828125 0.294921875 0.6419270828125 0.283203125 0.6393229171875 0.283203125 0.6302083328125 0.2900390625 0.6276041671875 0.2978515625 0.6197916671875 0.3681640625 0.6145833328125 0.4384765625 0.609375 0.5576171875 0.6041666671875 0.7841796875 0.6041666671875 0.8779296875 0.6067708328125 0.8837890625 0.61328125 0.888671875
0 0.6966145828125 0.890625 0.73046875 0.8984375 0.74609375 0.900390625 0.7669270828125 0.900390625 0.7877604171875 0.8984375 0.7955729171875 0.896484375 0.80859375 0.890625 0.8125 0.8857421875 0.8151041671874999 0.8779296875 0.96875 0.3486328125 0.96875 0.3408203125 0.95703125 0.330078125 0.9231770828125001 0.314453125 0.8033854171874999 0.2734375 0.7825520828125 0.267578125 0.76171875 0.263671875 0.65234375 0.25 0.6484375 0.2529296875 0.6458333328125 0.2705078125 0.6848958328125 0.8837890625 0.69140625 0.888671875 0.6966145828125 0.890625
1 0.3502604171875 0.77734375 0.3515625 0.7763671875 0.3515625 0.7529296875 0.34765625 0.740234375 0.32421875 0.73828125 0.2669270828125 0.73828125 0.22526041718749998 0.7421875 0.1966145828125 0.748046875 0.1901041671875 0.7529296875 0.1979166671875 0.7822265625 0.20182291718749998 0.78515625 0.3502604171875 0.77734375
1 0.37109375 0.779296875 0.3841145828125 0.78125 0.4361979171875 0.78125 0.45703125 0.779296875 0.4661458328125 0.7744140625 0.4661458328125 0.7373046875 0.46484375 0.736328125 0.3658854171875 0.736328125 0.3645833328125 0.7373046875 0.3645833328125 0.7666015625 0.3671875 0.7763671875 0.37109375 0.779296875
1 0.5924479171875 0.775390625 0.5963541671875 0.7724609375 0.5989583328125 0.7392578125 0.5950520828125 0.736328125 0.53515625 0.736328125 0.4934895828125 0.740234375 0.4830729171875 0.7421875 0.4817708328125 0.7431640625 0.4817708328125 0.7783203125 0.4856770828125 0.78125 0.5924479171875 0.775390625
1 0.6236979171875 0.787109375 0.6627604171875 0.7890625 0.6888020828125 0.787109375 0.6953125 0.7822265625 0.6979166671875 0.7744140625 0.7005208328125 0.7529296875 0.7005208328125 0.7470703125 0.69921875 0.74609375 0.6106770828125 0.736328125 0.6067708328125 0.7392578125 0.6067708328125 0.7705078125 0.6158854171875 0.78515625 0.6236979171875 0.787109375
1 0.72265625 0.787109375 0.75390625 0.791015625 0.7981770828125 0.791015625 0.8268229171874999 0.787109375 0.8346354171874999 0.78515625 0.8411458328125001 0.7802734375 0.8489583328125001 0.7548828125 0.8489583328125001 0.7470703125 0.84765625 0.74609375 0.7044270828125 0.7421875 0.7005208328125 0.7548828125 0.6979166671875 0.7763671875 0.7005208328125 0.7802734375 0.70703125 0.783203125 0.72265625 0.787109375
1 0.9127604171874999 0.779296875 0.9205729171874999 0.77734375 0.9244791671874999 0.7744140625 0.9348958328125001 0.7490234375 0.9348958328125001 0.7412109375 0.93359375 0.740234375 0.85546875 0.740234375 0.8515625 0.7431640625 0.84375 0.7685546875 0.84375 0.7783203125 0.8450520828125001 0.779296875 0.9127604171874999 0.779296875